# File Name: \\wsl.localhost\Ubuntu\home\john\projects\CAN_paper\fig_8\data\JG073N Febrile Signature Gen2.eds
# Comment: 
# Operator: DEFAULT
# Barcode: 
# Instrument Type: QuantStudio™ 6 System
# Block Type: 384-Well Block
# Instrument Name: 278860576
# Instrument Serial Number: 278860576
# Heated Cover Serial Number: 278154452
# Block Serial Number: 278033142
# Run Start Date/Time: 2022-06-02 09:40:12 AM EDT
# Run End Date/Time: 2022-06-02 11:37:57 AM EDT
# Run Duration: 117 minutes 45 seconds
# Sample Volume: 10.0
# Cover Temperature: 105.0
# Passive Reference: ROX
# PCR Stage/Step Number: Stage 3 Step 2
# Quantification Cycle Method: CT
# Analysis Date/Time: 2023-10-26 01:42:36 PM EDT
# Software Name and Version: Design & Analysis Software v2.6.0
# Plugin Name and Version: Primary Analysis v1.7.0, Standard Curve v1.6.0
# Exported On: 2023-10-26 01:42:48 PM EDT
"Well","Well Position","Cycle Number","FAM","HEX","ROX"
"1","A1","1","75009.17","61140.855","142021.33"
"1","A1","2","74836.98","61201.945","141650.36"
"1","A1","3","74506.1","61915.332","141275.53"
"1","A1","4","74488.805","62359.08","141269.89"
"1","A1","5","74684.164","62806.23","141450.23"
"1","A1","6","74792.16","63686.24","141536.69"
"1","A1","7","75074.88","65184.676","141867.27"
"1","A1","8","75147.11","67550.56","142025.69"
"1","A1","9","75274.47","71798.84","142133.67"
"1","A1","10","75837.99","77996.445","142454.31"
"1","A1","11","77131.92","86890.664","142567.55"
"1","A1","12","78995.586","98234.96","142935.45"
"1","A1","13","81120.21","111346.3","142971.92"
"1","A1","14","84499.38","123916.22","143045.83"
"1","A1","15","89002.08","136236.64","143485.4"
"1","A1","16","95702.83","146366.22","143474.94"
"1","A1","17","105384.0","154854.61","143413.39"
"1","A1","18","118557.79","161282.56","143300.62"
"1","A1","19","133438.81","166095.8","143243.03"
"1","A1","20","148255.16","170349.05","143504.9"
"1","A1","21","160776.66","173456.64","143438.22"
"1","A1","22","169138.3","176080.94","143327.28"
"1","A1","23","173993.03","178467.02","143346.31"
"1","A1","24","176736.58","180684.77","143462.4"
"1","A1","25","178841.62","182487.6","143574.88"
"1","A1","26","180543.22","184192.58","143791.94"
"1","A1","27","181841.58","185927.28","143657.08"
"1","A1","28","182754.3","187653.16","143526.52"
"1","A1","29","183555.08","189430.03","143670.0"
"1","A1","30","184727.53","190807.08","143788.67"
"1","A1","31","185532.8","192421.67","143726.81"
"1","A1","32","185997.14","193777.0","143663.5"
"1","A1","33","186535.83","195457.31","143645.05"
"1","A1","34","187292.53","196720.05","143662.56"
"1","A1","35","187867.38","198155.25","143604.31"
"1","A1","36","188381.1","199877.05","143606.89"
"1","A1","37","189149.8","200949.78","143586.3"
"1","A1","38","189744.83","202109.94","143668.45"
"1","A1","39","190106.19","203729.5","143593.72"
"1","A1","40","190630.83","204669.77","143500.39"
"1","A1","41","191041.64","205704.3","143726.3"
"1","A1","42","191221.69","206962.6","143993.39"
"1","A1","43","191743.34","208231.86","144000.47"
"1","A1","44","192090.23","209459.4","143905.38"
"1","A1","45","192522.98","210892.52","143978.66"
"1","A1","46","193125.3","212207.19","144057.14"
"1","A1","47","193373.84","212975.47","143961.39"
"1","A1","48","193608.81","214286.02","143973.3"
"1","A1","49","194178.17","215869.55","143840.9"
"1","A1","50","194738.02","216981.1","143777.1"
"1","A1","51","195060.5","218246.81","143917.97"
"1","A1","52","195662.97","220001.17","144033.44"
"1","A1","53","195776.77","221652.7","144026.98"
"1","A1","54","196253.14","223638.64","144035.61"
"1","A1","55","197170.98","226045.45","144061.48"
"1","A1","56","198108.14","229294.56","143997.95"
"1","A1","57","199189.9","232794.94","144207.55"
"1","A1","58","200351.97","236856.39","144233.64"
"1","A1","59","201542.47","241892.66","144166.11"
"1","A1","60","204046.06","247117.05","144416.53"
"1","A1","61","206353.69","252831.1","144431.17"
"1","A1","62","209300.66","258426.89","144402.1"
"1","A1","63","213164.55","264251.97","144258.75"
"1","A1","64","217351.62","270302.12","144195.17"
"1","A1","65","222217.2","276344.0","144190.5"
"1","A1","66","227869.44","282698.9","144461.23"
"1","A1","67","234225.52","288905.22","144548.19"
"1","A1","68","241763.22","294946.97","144440.9"
"1","A1","69","249559.58","301020.8","144546.9"
"1","A1","70","258573.34","307020.44","144706.22"
"1","A1","71","267984.5","313011.72","144847.44"
"1","A1","72","278272.03","319033.22","144868.86"
"1","A1","73","289324.47","324573.75","144755.98"
"1","A1","74","300739.25","330172.16","144782.08"
"1","A1","75","312193.4","335253.03","144453.95"
"1","A1","76","323783.28","339765.8","144299.58"
"1","A1","77","335042.25","344460.38","144452.67"
"1","A1","78","345936.6","348331.28","144013.23"
"1","A1","79","356668.72","351868.0","143517.9"
"1","A1","80","367535.16","354911.5","143261.98"
"1","A1","81","378354.0","358033.1","142945.25"
"1","A1","82","388993.97","360778.8","142460.56"
"1","A1","83","399527.88","364431.2","142278.31"
"1","A1","84","410382.5","367596.38","142266.08"
"1","A1","85","421540.9","371010.28","142161.48"
"1","A1","86","431694.25","374366.4","141991.58"
"1","A1","87","441769.84","377657.03","141895.11"
"1","A1","88","452074.16","380446.38","141798.16"
"1","A1","89","462695.9","383647.5","141394.33"
"1","A1","90","470152.2","386230.66","141275.05"
"2","A2","1","68718.9","52748.105","125046.74"
"2","A2","2","68248.95","52789.43","124804.38"
"2","A2","3","67834.234","53267.26","124274.375"
"2","A2","4","67696.58","53596.41","124118.05"
"2","A2","5","67618.79","54166.57","124083.12"
"2","A2","6","67588.805","54917.656","123977.38"
"2","A2","7","67571.75","56204.652","123790.08"
"2","A2","8","67600.445","58652.375","123786.37"
"2","A2","9","67770.76","62788.227","123943.664"
"2","A2","10","68139.95","68836.47","123952.49"
"2","A2","11","69234.52","77372.52","124050.46"
"2","A2","12","70665.8","88080.24","124418.625"
"2","A2","13","72689.2","99174.67","124554.84"
"2","A2","14","75168.414","110004.61","124669.984"
"2","A2","15","78040.96","119774.69","124962.06"
"2","A2","16","82372.58","127851.98","125235.2"
"2","A2","17","88575.125","134208.38","125362.7"
"2","A2","18","96735.5","138941.73","125367.414"
"2","A2","19","107353.27","142660.9","125339.6"
"2","A2","20","119758.82","146368.86","125253.65"
"2","A2","21","131633.8","150194.0","125250.81"
"2","A2","22","140437.95","153247.23","125213.46"
"2","A2","23","146086.1","155703.12","125372.016"
"2","A2","24","149393.67","157891.34","125318.17"
"2","A2","25","151280.4","159878.12","125236.2"
"2","A2","26","152680.78","161351.25","125191.1"
"2","A2","27","153582.47","163061.67","125419.03"
"2","A2","28","154627.72","164526.44","125471.2"
"2","A2","29","155439.3","165928.77","125441.38"
"2","A2","30","156145.34","167524.7","125557.32"
"2","A2","31","156959.48","169049.53","125552.945"
"2","A2","32","157529.1","170348.0","125589.44"
"2","A2","33","158144.19","171553.66","125684.44"
"2","A2","34","158558.98","172871.12","125718.56"
"2","A2","35","158727.14","174252.69","125760.39"
"2","A2","36","159327.56","175439.02","125882.31"
"2","A2","37","160011.4","176911.45","125808.81"
"2","A2","38","160350.55","178142.64","125848.65"
"2","A2","39","160698.66","179672.98","125953.98"
"2","A2","40","161182.25","180868.55","125881.16"
"2","A2","41","161806.75","181808.39","125895.336"
"2","A2","42","162236.83","182675.7","125832.24"
"2","A2","43","162527.06","184011.94","125929.51"
"2","A2","44","162903.53","185265.83","125831.38"
"2","A2","45","163102.73","186444.44","125752.1"
"2","A2","46","163456.02","188161.48","125807.19"
"2","A2","47","163853.2","189655.77","125877.375"
"2","A2","48","164514.03","191323.73","125805.41"
"2","A2","49","165046.17","192796.16","125873.95"
"2","A2","50","165638.73","194349.16","125906.58"
"2","A2","51","166381.16","196634.55","126083.59"
"2","A2","52","167348.45","199670.56","126220.484"
"2","A2","53","168521.31","202773.61","126116.305"
"2","A2","54","169811.02","206136.88","126060.54"
"2","A2","55","171486.72","210350.7","126117.08"
"2","A2","56","173742.48","215194.47","126278.555"
"2","A2","57","176716.5","220284.94","126308.64"
"2","A2","58","180281.9","225438.52","126672.99"
"2","A2","59","184465.94","231026.12","126801.97"
"2","A2","60","189421.8","236883.5","126782.34"
"2","A2","61","195134.06","243016.75","126699.31"
"2","A2","62","201508.9","249171.38","126894.14"
"2","A2","63","208677.34","255506.1","127000.984"
"2","A2","64","216627.69","261687.3","127256.125"
"2","A2","65","225166.55","267798.28","127255.02"
"2","A2","66","233697.4","274403.9","127303.445"
"2","A2","67","242814.78","280683.44","127319.94"
"2","A2","68","252735.66","286544.5","127227.48"
"2","A2","69","262260.2","292598.97","127380.56"
"2","A2","70","271791.22","297982.62","127458.12"
"2","A2","71","281683.44","303682.6","127706.51"
"2","A2","72","291314.94","308410.8","127656.35"
"2","A2","73","300507.22","313005.94","127557.95"
"2","A2","74","309300.78","317656.12","127085.48"
"2","A2","75","317222.16","321317.47","126501.36"
"2","A2","76","325774.5","324683.44","126168.26"
"2","A2","77","333693.94","328323.47","125967.125"
"2","A2","78","342134.62","332225.1","125795.57"
"2","A2","79","351171.2","335898.9","125660.08"
"2","A2","80","359720.66","339944.12","125636.59"
"2","A2","81","368225.66","343707.53","125511.7"
"2","A2","82","376768.03","347230.8","125374.66"
"2","A2","83","384757.53","350953.2","125258.875"
"2","A2","84","392775.84","354761.38","125241.016"
"2","A2","85","401532.5","358262.47","125185.33"
"2","A2","86","409848.84","361648.84","125281.555"
"2","A2","87","417695.84","365271.9","125211.34"
"2","A2","88","424894.16","369191.0","125180.03"
"2","A2","89","432878.53","372591.78","125283.45"
"2","A2","90","439783.66","375174.38","125320.234"
"3","A3","1","69378.41","60514.016","139493.25"
"3","A3","2","69210.89","60580.203","139304.47"
"3","A3","3","69099.445","60917.434","139147.1"
"3","A3","4","69072.805","61563.73","139145.72"
"3","A3","5","68960.3","62044.06","139055.42"
"3","A3","6","68957.17","62879.375","139030.44"
"3","A3","7","69077.95","64305.98","139258.62"
"3","A3","8","69188.48","66633.68","139241.1"
"3","A3","9","69452.69","70570.016","139239.53"
"3","A3","10","69915.36","76913.836","139336.67"
"3","A3","11","70832.81","85846.25","139446.33"
"3","A3","12","72275.266","97086.305","139600.72"
"3","A3","13","73860.56","109463.01","139842.52"
"3","A3","14","75748.83","122345.96","139883.92"
"3","A3","15","77911.58","133943.92","139912.8"
"3","A3","16","80733.914","143685.12","140052.38"
"3","A3","17","84448.91","152150.45","140378.39"
"3","A3","18","89227.04","158515.94","140332.69"
"3","A3","19","96081.84","163587.52","140278.75"
"3","A3","20","105125.914","168488.42","140573.03"
"3","A3","21","116208.945","173431.55","140501.52"
"3","A3","22","127604.11","179109.1","140349.47"
"3","A3","23","137556.0","184342.56","140377.12"
"3","A3","24","144443.6","188785.83","140609.64"
"3","A3","25","148363.42","191915.97","140740.75"
"3","A3","26","150672.22","194205.05","140688.6"
"3","A3","27","151992.27","196352.45","140541.98"
"3","A3","28","153084.14","198271.67","140479.89"
"3","A3","29","154036.19","199875.0","140458.86"
"3","A3","30","154827.84","201270.56","140356.75"
"3","A3","31","155446.55","203169.83","140409.6"
"3","A3","32","156369.3","204825.62","140530.78"
"3","A3","33","157062.48","206050.9","140608.42"
"3","A3","34","157575.16","207219.38","140586.45"
"3","A3","35","157887.94","208653.45","140483.12"
"3","A3","36","158176.05","209996.02","140407.16"
"3","A3","37","158696.11","211266.92","140644.36"
"3","A3","38","159234.11","212604.27","140779.28"
"3","A3","39","159667.84","213813.4","140789.28"
"3","A3","40","160094.98","215097.23","140554.94"
"3","A3","41","160293.94","216197.22","140390.25"
"3","A3","42","160687.53","217435.9","140431.56"
"3","A3","43","161146.14","218827.05","140548.42"
"3","A3","44","161511.88","219774.45","140542.03"
"3","A3","45","161887.39","220807.08","140483.48"
"3","A3","46","162207.81","221938.81","140688.36"
"3","A3","47","162479.8","223111.03","140626.56"
"3","A3","48","162806.12","224496.33","140559.95"
"3","A3","49","163126.97","225641.89","140527.69"
"3","A3","50","163438.27","226569.95","140520.86"
"3","A3","51","163937.75","227632.84","140526.19"
"3","A3","52","164217.02","228970.88","140600.42"
"3","A3","53","164478.22","230117.19","140501.08"
"3","A3","54","164751.14","231619.22","140417.55"
"3","A3","55","165256.78","233235.94","140520.92"
"3","A3","56","165748.58","235122.62","140526.81"
"3","A3","57","166298.52","237119.23","140540.17"
"3","A3","58","166934.44","239575.6","140633.16"
"3","A3","59","167833.06","242546.5","140624.0"
"3","A3","60","168933.8","246173.97","140679.53"
"3","A3","61","170275.34","250028.5","140678.39"
"3","A3","62","171766.58","254761.47","140565.5"
"3","A3","63","174072.28","260123.36","140571.12"
"3","A3","64","176970.14","265475.0","140607.34"
"3","A3","65","180398.53","271395.9","140825.6"
"3","A3","66","184605.92","277653.7","140910.66"
"3","A3","67","189414.2","284000.16","140958.88"
"3","A3","68","194877.55","291150.28","141020.56"
"3","A3","69","201270.23","298306.4","141244.02"
"3","A3","70","208315.44","305626.44","141265.45"
"3","A3","71","215963.22","313458.94","141326.17"
"3","A3","72","224695.36","321179.84","141510.67"
"3","A3","73","233578.67","329273.94","141492.97"
"3","A3","74","242789.61","337694.28","141334.25"
"3","A3","75","252158.02","345355.6","141324.5"
"3","A3","76","261383.7","352851.12","141478.75"
"3","A3","77","270735.9","360685.28","141483.77"
"3","A3","78","280301.75","368099.0","141586.64"
"3","A3","79","289523.1","374842.53","141291.56"
"3","A3","80","298580.62","380523.16","140830.58"
"3","A3","81","307541.38","386027.38","140353.6"
"3","A3","82","315250.47","391137.5","139888.1"
"3","A3","83","323370.03","396200.5","139392.73"
"3","A3","84","332084.97","401092.62","138984.44"
"3","A3","85","340774.72","405909.66","138838.08"
"3","A3","86","349700.75","410400.9","138751.84"
"3","A3","87","358747.06","416737.66","138555.11"
"3","A3","88","366935.1","422494.28","138438.5"
"3","A3","89","374813.28","427460.8","138293.25"
"3","A3","90","382239.94","431380.34","138257.11"
"4","A4","1","70916.82","56750.992","129807.74"
"4","A4","2","70748.59","56973.844","129745.07"
"4","A4","3","70422.72","57672.42","129512.836"
"4","A4","4","70103.33","58179.67","129397.62"
"4","A4","5","70037.79","58811.3","129397.2"
"4","A4","6","70053.38","59636.8","129444.516"
"4","A4","7","70094.08","61173.1","129487.32"
"4","A4","8","70296.234","63567.0","129489.95"
"4","A4","9","70451.414","67444.516","129533.805"
"4","A4","10","70735.79","73992.93","129499.695"
"4","A4","11","71483.31","82855.445","129588.44"
"4","A4","12","72651.52","93733.93","129685.7"
"4","A4","13","73951.71","105839.125","129800.03"
"4","A4","14","75697.28","117467.914","130049.47"
"4","A4","15","77265.26","128229.32","130156.95"
"4","A4","16","79094.97","137260.73","130296.54"
"4","A4","17","81564.99","144212.48","130395.75"
"4","A4","18","84605.875","149504.8","130538.3"
"4","A4","19","88538.72","153988.23","130534.55"
"4","A4","20","93706.66","158557.05","130532.84"
"4","A4","21","100579.016","164114.73","130511.14"
"4","A4","22","108947.15","170647.4","130421.305"
"4","A4","23","117282.86","177399.03","130485.414"
"4","A4","24","123926.34","183231.22","130567.31"
"4","A4","25","128128.48","187362.2","130584.336"
"4","A4","26","130534.336","190658.14","130620.93"
"4","A4","27","132102.1","193028.83","130710.68"
"4","A4","28","132869.02","194994.58","130724.664"
"4","A4","29","133484.34","196756.98","130652.12"
"4","A4","30","134092.98","198498.56","130747.125"
"4","A4","31","134624.83","200034.2","130667.76"
"4","A4","32","135243.78","201579.31","130659.09"
"4","A4","33","135601.08","203027.33","130725.59"
"4","A4","34","136044.14","204476.36","130678.945"
"4","A4","35","136458.77","205882.05","130592.77"
"4","A4","36","136730.61","207328.38","130686.08"
"4","A4","37","136958.61","208731.48","130609.03"
"4","A4","38","137396.72","209893.53","130598.8"
"4","A4","39","137831.38","211203.31","130656.46"
"4","A4","40","138144.12","212492.7","130702.92"
"4","A4","41","138345.27","213856.73","130745.58"
"4","A4","42","138601.86","214966.78","130860.53"
"4","A4","43","139105.73","216118.86","130914.26"
"4","A4","44","139455.7","217409.72","130831.46"
"4","A4","45","139617.17","218693.78","130887.72"
"4","A4","46","139902.5","219835.67","130836.53"
"4","A4","47","140078.88","221398.92","130711.3"
"4","A4","48","140283.77","222661.11","130703.85"
"4","A4","49","140695.4","224049.52","130702.45"
"4","A4","50","141078.88","225834.47","130664.74"
"4","A4","51","141460.02","227799.69","130698.47"
"4","A4","52","141908.78","229853.81","130631.27"
"4","A4","53","142410.56","232506.0","130780.25"
"4","A4","54","143080.1","235497.8","131037.46"
"4","A4","55","143889.94","239131.58","131037.39"
"4","A4","56","144885.64","243168.53","130965.375"
"4","A4","57","146175.42","247731.38","130995.01"
"4","A4","58","147649.28","252688.45","130919.05"
"4","A4","59","149622.86","257806.19","130972.055"
"4","A4","60","151874.69","263255.03","130898.65"
"4","A4","61","154546.28","268716.97","130960.03"
"4","A4","62","157472.66","274267.12","130986.83"
"4","A4","63","160653.73","280191.62","131024.84"
"4","A4","64","164473.78","285723.2","131280.28"
"4","A4","65","168488.66","291908.9","131395.17"
"4","A4","66","172450.38","297850.06","131283.53"
"4","A4","67","177122.45","304070.72","131283.52"
"4","A4","68","182378.4","310177.16","131423.97"
"4","A4","69","188243.88","316582.06","131533.47"
"4","A4","70","194711.28","322993.62","131510.23"
"4","A4","71","201649.36","329800.56","131616.34"
"4","A4","72","208855.56","336645.4","131601.03"
"4","A4","73","216185.39","343330.06","131474.17"
"4","A4","74","223590.22","350123.1","131483.67"
"4","A4","75","231151.69","356575.1","131403.03"
"4","A4","76","238852.58","362151.6","131023.586"
"4","A4","77","246251.45","367282.75","130699.56"
"4","A4","78","253348.86","372371.47","130191.82"
"4","A4","79","260776.77","377565.7","129823.914"
"4","A4","80","269036.44","383019.28","129671.23"
"4","A4","81","277043.88","388526.28","129620.24"
"4","A4","82","284454.75","393907.47","129584.4"
"4","A4","83","292923.75","398874.22","129313.63"
"4","A4","84","301265.12","404201.88","129049.57"
"4","A4","85","309610.75","409475.16","128975.164"
"4","A4","86","317404.3","414611.9","129006.65"
"4","A4","87","325943.28","418516.1","128899.086"
"4","A4","88","334111.1","422831.53","128745.414"
"4","A4","89","341541.8","427752.34","128709.68"
"4","A4","90","347907.66","431178.03","128708.414"
"5","A5","1","64365.977","55818.723","124380.57"
"5","A5","2","64108.527","55872.28","124157.41"
"5","A5","3","64001.844","56541.465","124107.0"
"5","A5","4","64097.312","57186.496","124383.88"
"5","A5","5","64088.855","57963.89","124582.305"
"5","A5","6","63996.38","58797.027","124680.35"
"5","A5","7","64027.3","60080.832","124787.125"
"5","A5","8","64269.816","62420.188","124791.06"
"5","A5","9","64472.777","66696.375","124945.68"
"5","A5","10","64954.184","73063.516","124955.445"
"5","A5","11","65922.71","81660.75","125060.53"
"5","A5","12","67182.89","92436.58","125323.516"
"5","A5","13","68448.66","104379.85","125509.33"
"5","A5","14","70081.984","115998.11","125998.1"
"5","A5","15","71695.33","126612.78","126138.92"
"5","A5","16","73290.77","135868.69","126270.22"
"5","A5","17","75392.5","143311.19","126600.64"
"5","A5","18","78183.31","149938.17","127414.484"
"5","A5","19","80816.45","154812.02","127666.71"
"5","A5","20","83194.86","159443.92","128046.32"
"5","A5","21","86027.836","164799.77","128108.19"
"5","A5","22","89669.73","171713.92","128083.78"
"5","A5","23","94112.18","179863.1","128218.72"
"5","A5","24","99150.555","188344.72","128344.26"
"5","A5","25","103925.53","196272.58","128535.99"
"5","A5","26","107554.38","202167.06","128628.82"
"5","A5","27","109544.734","206005.38","128698.555"
"5","A5","28","110685.555","208562.89","128654.89"
"5","A5","29","111458.07","210852.53","128740.18"
"5","A5","30","112115.586","212609.86","128751.234"
"5","A5","31","112530.89","214332.45","128736.81"
"5","A5","32","113036.64","216148.52","128795.97"
"5","A5","33","113216.12","217552.53","128875.07"
"5","A5","34","113550.32","218830.97","129040.445"
"5","A5","35","114111.05","220472.19","128943.34"
"5","A5","36","114194.6","221841.33","128999.75"
"5","A5","37","114500.33","223133.97","128799.43"
"5","A5","38","114732.62","224457.39","128653.23"
"5","A5","39","115245.69","225968.05","128929.625"
"5","A5","40","115543.5","227242.12","128993.75"
"5","A5","41","115780.93","228402.44","129017.24"
"5","A5","42","116008.9","229411.86","129065.086"
"5","A5","43","116356.21","230733.33","129202.086"
"5","A5","44","116436.74","231940.42","129097.46"
"5","A5","45","116628.734","232893.06","128938.57"
"5","A5","46","116930.305","234024.33","129126.49"
"5","A5","47","117050.555","235455.69","129262.12"
"5","A5","48","117339.39","236802.16","129153.22"
"5","A5","49","117585.48","237769.39","129076.16"
"5","A5","50","117830.74","239463.89","129178.24"
"5","A5","51","118102.47","240488.06","129077.1"
"5","A5","52","118191.66","241826.2","129031.35"
"5","A5","53","118443.9","243532.39","129011.2"
"5","A5","54","118972.836","245447.56","129026.63"
"5","A5","55","119558.586","247255.64","129238.11"
"5","A5","56","119941.3","249713.02","129131.914"
"5","A5","57","120496.28","252519.06","129172.68"
"5","A5","58","121309.484","255759.23","129287.375"
"5","A5","59","122323.97","259731.53","129384.36"
"5","A5","60","123386.3","263905.53","129478.01"
"5","A5","61","124910.13","268271.5","129547.0"
"5","A5","62","126692.67","273172.53","129650.305"
"5","A5","63","128928.05","278190.56","129608.734"
"5","A5","64","131362.4","283630.1","129623.95"
"5","A5","65","134031.94","288650.47","129757.67"
"5","A5","66","136957.6","294300.66","129926.72"
"5","A5","67","140463.45","299843.47","129892.08"
"5","A5","68","144165.61","305205.1","129965.74"
"5","A5","69","148565.92","310881.7","130002.68"
"5","A5","70","153124.56","316868.7","130116.055"
"5","A5","71","157988.77","323226.62","130225.54"
"5","A5","72","163337.44","329403.5","130323.15"
"5","A5","73","169391.5","335819.16","130338.375"
"5","A5","74","175816.98","342842.38","130423.37"
"5","A5","75","182358.89","349599.4","130566.336"
"5","A5","76","189245.81","356268.72","130642.836"
"5","A5","77","196086.98","363286.88","130789.88"
"5","A5","78","203006.39","370336.8","130771.414"
"5","A5","79","209788.3","376512.12","130549.74"
"5","A5","80","215862.48","382208.38","130245.65"
"5","A5","81","222253.89","387797.28","129898.92"
"5","A5","82","229212.23","393447.25","129610.44"
"5","A5","83","236031.52","399420.16","129468.85"
"5","A5","84","242702.56","404561.5","129507.43"
"5","A5","85","249584.55","410218.2","129447.18"
"5","A5","86","257019.55","416480.3","129337.555"
"5","A5","87","264329.9","421449.1","129139.9"
"5","A5","88","271495.1","426766.47","129150.16"
"5","A5","89","278672.25","431448.6","129321.89"
"5","A5","90","284533.75","436146.34","129349.36"
"6","A6","1","60633.83","56959.688","127132.61"
"6","A6","2","60367.91","57072.176","126994.83"
"6","A6","3","60135.14","57364.02","126627.44"
"6","A6","4","59914.8","57943.3","126245.484"
"6","A6","5","59779.223","58488.04","126168.04"
"6","A6","6","59691.555","59289.28","126216.734"
"6","A6","7","59700.44","60612.31","126129.805"
"6","A6","8","59808.246","62933.06","126123.37"
"6","A6","9","59908.77","66976.77","126238.99"
"6","A6","10","60483.977","73205.83","126364.51"
"6","A6","11","61482.367","81864.59","126436.836"
"6","A6","12","62694.566","92788.61","126645.164"
"6","A6","13","63947.24","104592.97","126767.58"
"6","A6","14","65523.86","116096.07","126842.57"
"6","A6","15","67056.81","126356.04","126927.27"
"6","A6","16","68667.77","134598.3","127127.516"
"6","A6","17","70344.68","141275.72","127181.52"
"6","A6","18","72308.86","146512.6","127412.734"
"6","A6","19","74378.07","151068.27","127381.23"
"6","A6","20","76395.57","155533.55","127321.94"
"6","A6","21","78607.08","161275.7","127320.06"
"6","A6","22","81382.98","168231.4","127674.66"
"6","A6","23","84777.34","177114.53","127807.67"
"6","A6","24","88461.45","186359.03","127828.984"
"6","A6","25","91921.055","194395.45","127822.945"
"6","A6","26","94546.0","200485.11","127750.875"
"6","A6","27","96064.92","204975.81","127891.414"
"6","A6","28","97124.805","207980.22","128092.8"
"6","A6","29","97846.26","209822.78","128067.62"
"6","A6","30","98461.016","211474.23","127957.51"
"6","A6","31","98953.734","213354.6","127959.52"
"6","A6","32","99210.26","214978.4","127909.78"
"6","A6","33","99517.59","216474.52","128125.3"
"6","A6","34","99716.56","217985.6","128346.44"
"6","A6","35","100226.13","219104.44","128233.914"
"6","A6","36","100521.14","220526.31","128072.41"
"6","A6","37","100809.945","221971.31","128007.516"
"6","A6","38","101239.74","223331.7","128026.5"
"6","A6","39","101497.89","224626.28","128043.5"
"6","A6","40","101677.336","225934.16","128003.83"
"6","A6","41","102074.04","227332.39","128197.734"
"6","A6","42","102244.84","228840.17","128081.445"
"6","A6","43","102605.234","230134.9","127990.18"
"6","A6","44","102776.875","231394.88","128201.8"
"6","A6","45","102939.54","232457.94","128219.54"
"6","A6","46","103295.85","234020.19","128112.42"
"6","A6","47","103417.17","235637.9","128158.305"
"6","A6","48","103669.36","237376.56","128205.2"
"6","A6","49","103994.08","239157.27","128157.484"
"6","A6","50","104401.78","241060.89","128307.836"
"6","A6","51","104940.45","243264.7","128147.18"
"6","A6","52","105493.31","246011.4","128025.11"
"6","A6","53","106246.29","249491.56","128186.12"
"6","A6","54","107243.33","252898.72","128340.65"
"6","A6","55","108473.67","256920.03","128382.13"
"6","A6","56","110077.51","261702.39","128501.16"
"6","A6","57","111633.914","266708.6","128693.305"
"6","A6","58","113495.99","272056.75","128657.62"
"6","A6","59","115807.445","277389.8","128594.27"
"6","A6","60","118218.84","283090.44","128746.71"
"6","A6","61","120924.445","288561.47","128774.77"
"6","A6","62","123740.625","294114.75","128864.99"
"6","A6","63","126624.91","299445.0","128959.07"
"6","A6","64","129825.84","304505.25","129025.84"
"6","A6","65","133129.84","309699.2","128908.58"
"6","A6","66","136428.16","315710.25","128881.836"
"6","A6","67","140096.3","320738.38","128917.625"
"6","A6","68","143872.58","325205.28","129013.46"
"6","A6","69","147740.28","329896.9","129004.234"
"6","A6","70","152225.33","334249.22","129145.93"
"6","A6","71","156797.19","338911.3","129231.375"
"6","A6","72","161713.39","344084.56","129197.375"
"6","A6","73","166992.83","349007.88","129100.914"
"6","A6","74","172674.61","353959.72","129168.09"
"6","A6","75","178408.53","359064.9","129038.52"
"6","A6","76","184295.8","364002.06","128892.51"
"6","A6","77","190516.78","368728.56","128659.95"
"6","A6","78","196584.0","373534.84","128333.87"
"6","A6","79","202947.78","378653.38","128121.94"
"6","A6","80","209389.81","384441.94","127975.12"
"6","A6","81","215858.58","389460.0","127897.516"
"6","A6","82","222464.06","395061.94","127784.78"
"6","A6","83","229374.83","400611.34","127739.78"
"6","A6","84","236069.58","406517.88","127631.29"
"6","A6","85","241931.28","412658.25","127582.21"
"6","A6","86","249018.77","417293.25","127574.94"
"6","A6","87","256503.92","422581.16","127554.13"
"6","A6","88","262877.1","428385.47","127642.77"
"6","A6","89","269577.06","432965.7","127817.18"
"6","A6","90","275005.8","436810.06","127891.63"
"7","A7","1","64770.355","53888.09","118889.96"
"7","A7","2","64666.25","53913.473","118838.664"
"7","A7","3","64318.355","54300.027","118566.84"
"7","A7","4","64203.78","54868.33","118534.91"
"7","A7","5","64151.57","55442.05","118673.52"
"7","A7","6","64120.836","56358.516","118711.836"
"7","A7","7","64096.613","57702.086","118751.68"
"7","A7","8","64109.004","60266.453","118883.06"
"7","A7","9","64297.89","64101.785","119116.35"
"7","A7","10","64866.137","69997.1","119165.32"
"7","A7","11","65618.79","78520.445","119252.4"
"7","A7","12","66770.26","88822.586","119541.805"
"7","A7","13","68031.305","100049.28","119768.6"
"7","A7","14","69433.69","111585.97","119990.94"
"7","A7","15","70877.09","121893.42","120102.055"
"7","A7","16","72388.414","130073.34","120220.31"
"7","A7","17","74055.4","136623.36","120341.77"
"7","A7","18","75667.18","141799.62","120538.87"
"7","A7","19","77211.414","146195.08","120700.8"
"7","A7","20","78676.36","150599.98","120639.3"
"7","A7","21","79984.84","155968.3","120668.195"
"7","A7","22","81228.46","163105.3","120636.516"
"7","A7","23","82452.734","172101.06","120859.94"
"7","A7","24","83844.375","181972.3","120891.4"
"7","A7","25","85460.7","191491.83","121084.414"
"7","A7","26","86928.41","199255.45","121342.766"
"7","A7","27","87770.53","204546.12","121372.03"
"7","A7","28","88407.71","207978.36","121321.234"
"7","A7","29","88970.09","210470.48","121449.88"
"7","A7","30","89464.664","212147.72","121457.13"
"7","A7","31","89831.055","213784.81","121439.26"
"7","A7","32","90107.02","215312.6","121419.305"
"7","A7","33","90144.27","217071.17","121643.16"
"7","A7","34","90365.85","218568.86","121677.8"
"7","A7","35","90701.555","219961.75","121754.805"
"7","A7","36","90943.11","221221.9","121683.63"
"7","A7","37","91075.49","222672.33","121795.35"
"7","A7","38","91271.62","223822.17","121747.33"
"7","A7","39","91461.82","225268.02","121902.53"
"7","A7","40","91512.07","226762.27","121802.08"
"7","A7","41","91553.664","228091.83","121700.94"
"7","A7","42","91676.54","228968.3","121662.125"
"7","A7","43","91732.695","230370.48","121726.9"
"7","A7","44","91813.18","231731.56","121626.95"
"7","A7","45","91987.55","232700.7","121635.09"
"7","A7","46","92094.336","233732.38","121605.52"
"7","A7","47","92326.66","235025.75","121918.836"
"7","A7","48","92301.87","236343.72","121823.55"
"7","A7","49","92460.88","238006.9","121601.03"
"7","A7","50","92765.805","239501.42","121474.15"
"7","A7","51","93029.555","241200.33","121671.164"
"7","A7","52","93379.6","243255.94","121801.61"
"7","A7","53","93535.75","245566.84","121837.24"
"7","A7","54","94159.086","248367.75","121730.945"
"7","A7","55","94826.82","251719.42","121839.98"
"7","A7","56","95904.02","255260.05","121963.16"
"7","A7","57","96826.5","259442.33","121968.04"
"7","A7","58","98062.58","264067.66","121995.64"
"7","A7","59","99678.52","268966.88","122065.55"
"7","A7","60","101481.83","273936.66","122228.914"
"7","A7","61","103724.836","278959.75","122346.32"
"7","A7","62","106238.58","284173.22","122432.75"
"7","A7","63","108850.55","289361.8","122521.99"
"7","A7","64","111636.36","294703.75","122493.25"
"7","A7","65","114528.53","299457.62","122434.586"
"7","A7","66","117310.44","304339.3","122549.66"
"7","A7","67","120406.71","309330.94","122554.984"
"7","A7","68","123742.336","313659.9","122683.125"
"7","A7","69","126983.89","317877.25","122817.375"
"7","A7","70","130296.02","322169.56","122944.27"
"7","A7","71","133640.94","326126.28","123217.695"
"7","A7","72","137209.92","329871.75","123091.35"
"7","A7","73","140860.89","333414.3","122853.66"
"7","A7","74","144469.56","336492.56","122732.1"
"7","A7","75","148033.2","339491.88","122717.766"
"7","A7","76","151826.61","342128.56","122544.78"
"7","A7","77","155429.33","344423.94","122399.41"
"7","A7","78","158915.56","346799.56","122238.016"
"7","A7","79","163081.53","348652.7","122209.24"
"7","A7","80","167335.5","350955.78","121948.984"
"7","A7","81","172318.86","353554.34","121654.42"
"7","A7","82","177274.47","356548.97","121484.08"
"7","A7","83","182575.7","360347.12","121536.55"
"7","A7","84","188091.16","364145.72","121498.0"
"7","A7","85","193512.78","368124.6","121443.1"
"7","A7","86","199065.02","372582.25","121487.17"
"7","A7","87","204681.31","376901.03","121195.95"
"7","A7","88","210369.94","382302.6","121111.78"
"7","A7","89","215946.12","387356.66","121531.17"
"7","A7","90","220680.69","391646.25","121502.414"
"8","A8","1","66132.67","61231.54","133692.48"
"8","A8","2","65990.4","61289.23","133522.5"
"8","A8","3","65758.56","61710.297","133470.72"
"8","A8","4","65738.78","62542.53","133622.83"
"8","A8","5","65831.836","63287.95","133728.55"
"8","A8","6","65824.44","64310.7","133745.67"
"8","A8","7","65816.9","65866.516","133737.1"
"8","A8","8","65926.04","68378.914","133877.06"
"8","A8","9","66163.33","72382.21","133982.2"
"8","A8","10","66451.625","78983.85","134069.44"
"8","A8","11","67106.57","88083.46","134542.7"
"8","A8","12","68261.45","99681.05","134627.73"
"8","A8","13","69458.625","112406.836","134783.55"
"8","A8","14","70579.59","125113.97","135009.38"
"8","A8","15","71950.54","136591.7","135052.44"
"8","A8","16","73610.055","146200.52","135199.58"
"8","A8","17","75146.53","153883.52","135387.97"
"8","A8","18","76960.734","159837.06","135582.89"
"8","A8","19","78613.85","165021.34","135674.33"
"8","A8","20","80288.81","169895.88","135692.67"
"8","A8","21","81422.98","175723.97","135694.58"
"8","A8","22","82302.414","183409.66","135892.72"
"8","A8","23","82621.65","193595.0","136041.02"
"8","A8","24","82786.63","205005.16","136120.17"
"8","A8","25","82743.72","216508.64","136057.08"
"8","A8","26","82816.34","226508.23","136252.88"
"8","A8","27","82773.87","233913.77","136443.4"
"8","A8","28","82925.5","238650.53","136524.06"
"8","A8","29","83136.31","241877.25","136535.84"
"8","A8","30","83151.28","244127.53","136543.23"
"8","A8","31","83334.53","246198.31","136535.67"
"8","A8","32","83475.555","247801.58","136441.08"
"8","A8","33","83614.92","249834.17","136529.81"
"8","A8","34","83647.04","251774.47","136565.42"
"8","A8","35","83781.26","253138.12","136558.27"
"8","A8","36","83913.65","254659.86","136572.25"
"8","A8","37","83958.086","256318.45","136516.89"
"8","A8","38","83861.08","257843.23","136483.98"
"8","A8","39","84068.25","259007.44","136533.03"
"8","A8","40","84044.02","260477.92","136490.03"
"8","A8","41","84160.16","261717.75","136463.7"
"8","A8","42","84024.28","263119.3","136510.19"
"8","A8","43","84048.32","264648.34","136465.5"
"8","A8","44","84024.19","266075.4","136434.62"
"8","A8","45","84150.6","267224.7","136305.38"
"8","A8","46","84209.44","268616.16","136267.7"
"8","A8","47","84354.234","270014.4","136209.33"
"8","A8","48","84303.984","271747.2","136488.67"
"8","A8","49","84521.85","273710.94","136644.92"
"8","A8","50","84783.555","276034.88","136667.9"
"8","A8","51","85019.875","278439.9","136740.6"
"8","A8","52","85371.71","281313.62","136704.64"
"8","A8","53","85852.766","284986.0","136788.16"
"8","A8","54","86604.24","289088.2","136902.38"
"8","A8","55","87574.91","293508.47","136841.0"
"8","A8","56","88960.164","298597.47","136747.78"
"8","A8","57","90534.78","304310.6","136888.38"
"8","A8","58","92565.71","310184.88","136986.88"
"8","A8","59","94773.91","316060.12","137036.83"
"8","A8","60","97334.73","322104.2","137042.86"
"8","A8","61","99946.99","327877.3","137126.11"
"8","A8","62","102839.38","333949.22","137328.38"
"8","A8","63","105901.75","340121.22","137285.55"
"8","A8","64","109109.22","345600.16","137379.23"
"8","A8","65","112279.29","351254.16","137348.2"
"8","A8","66","115523.766","356562.3","137652.16"
"8","A8","67","118914.96","361498.38","137614.83"
"8","A8","68","122568.55","366351.88","137521.25"
"8","A8","69","126105.914","370718.9","137583.45"
"8","A8","70","129731.81","374816.12","137483.58"
"8","A8","71","133506.55","378859.1","137595.78"
"8","A8","72","137168.48","382496.12","137656.23"
"8","A8","73","141048.84","385084.1","137661.08"
"8","A8","74","144872.31","387937.22","137536.25"
"8","A8","75","149006.72","390515.6","137328.56"
"8","A8","76","152660.36","392426.72","137071.22"
"8","A8","77","156444.97","393442.03","136710.06"
"8","A8","78","160275.73","394464.56","136297.3"
"8","A8","79","164188.38","395101.03","136018.36"
"8","A8","80","168399.33","396289.97","135698.66"
"8","A8","81","172539.06","397329.62","135532.11"
"8","A8","82","177005.97","398545.88","135533.97"
"8","A8","83","181311.3","399602.12","135360.98"
"8","A8","84","185858.72","400542.53","135203.75"
"8","A8","85","190461.97","401157.22","135139.05"
"8","A8","86","195053.72","401987.47","135064.34"
"8","A8","87","199562.77","403066.06","135012.05"
"8","A8","88","204126.38","404085.75","134885.33"
"8","A8","89","209119.3","404335.4","134747.31"
"8","A8","90","212321.44","405139.9","134631.02"
"9","A9","1","62410.543","58130.32","117554.375"
"9","A9","2","62222.387","58301.348","117382.75"
"9","A9","3","61618.402","58821.35","117117.44"
"9","A9","4","61248.05","59318.293","116971.69"
"9","A9","5","61119.19","59746.305","116954.63"
"9","A9","6","61059.14","60129.32","116855.14"
"9","A9","7","61036.082","60410.88","116962.76"
"9","A9","8","61032.48","60877.07","116940.266"
"9","A9","9","60995.99","61435.594","116964.05"
"9","A9","10","60808.32","62528.832","116969.39"
"9","A9","11","60720.777","64542.47","116923.14"
"9","A9","12","60652.832","67826.27","116972.36"
"9","A9","13","60627.547","73075.79","116923.14"
"9","A9","14","60673.97","80660.766","116820.266"
"9","A9","15","60945.9","90102.4","116989.94"
"9","A9","16","61457.617","100607.85","117086.46"
"9","A9","17","62637.594","111694.71","117039.875"
"9","A9","18","64570.992","122657.5","117365.27"
"9","A9","19","67727.78","133161.17","117502.68"
"9","A9","20","72283.03","143337.95","117515.805"
"9","A9","21","77650.18","152956.27","117543.57"
"9","A9","22","82685.65","161086.47","117376.42"
"9","A9","23","86194.18","167230.34","117299.96"
"9","A9","24","88327.46","171391.98","117455.58"
"9","A9","25","89503.31","174378.83","117457.516"
"9","A9","26","90356.48","176537.88","117394.19"
"9","A9","27","90777.39","178392.25","117309.22"
"9","A9","28","91183.08","180343.86","117136.72"
"9","A9","29","91634.56","181982.19","117091.98"
"9","A9","30","92137.805","183729.5","117167.625"
"9","A9","31","92564.1","185240.94","117259.42"
"9","A9","32","92663.43","186854.53","117137.64"
"9","A9","33","93049.44","188607.94","117052.34"
"9","A9","34","93569.914","190023.34","117074.805"
"9","A9","35","93852.375","191444.19","117147.51"
"9","A9","36","93974.85","192772.12","117069.32"
"9","A9","37","94266.836","194084.03","117100.49"
"9","A9","38","94594.22","195641.69","117098.73"
"9","A9","39","94864.61","196965.84","117164.484"
"9","A9","40","94994.875","198123.47","117074.04"
"9","A9","41","95053.02","199489.1","117053.93"
"9","A9","42","95431.125","201009.0","116960.76"
"9","A9","43","95728.88","202586.06","116873.05"
"9","A9","44","95902.945","203716.19","116849.64"
"9","A9","45","96211.6","205315.05","116982.64"
"9","A9","46","96500.76","206573.02","116971.63"
"9","A9","47","96848.6","208059.14","116823.055"
"9","A9","48","97073.49","209284.42","116773.32"
"9","A9","49","97232.17","210784.33","116654.95"
"9","A9","50","97324.58","212665.23","116691.98"
"9","A9","51","97620.94","214778.95","116638.19"
"9","A9","52","98000.66","217123.38","116680.5"
"9","A9","53","98285.125","219871.69","116770.5"
"9","A9","54","98414.734","223347.08","116653.52"
"9","A9","55","99018.875","226999.17","116622.37"
"9","A9","56","99592.24","231454.84","116589.086"
"9","A9","57","100257.67","236358.9","116457.88"
"9","A9","58","101036.76","242080.67","116324.01"
"9","A9","59","101840.516","248082.8","116444.44"
"9","A9","60","102863.39","254490.44","116647.43"
"9","A9","61","104265.18","261229.14","116734.414"
"9","A9","62","105893.84","268411.2","116668.41"
"9","A9","63","108008.7","275908.03","116796.336"
"9","A9","64","110853.4","283760.7","117053.58"
"9","A9","65","114165.48","292163.5","116971.47"
"9","A9","66","118132.01","301168.2","116886.67"
"9","A9","67","122795.445","310824.4","116831.52"
"9","A9","68","127792.04","320476.03","116823.94"
"9","A9","69","132870.52","330423.3","117036.31"
"9","A9","70","138509.56","340393.72","117037.17"
"9","A9","71","144160.95","350415.12","116959.125"
"9","A9","72","150156.73","360779.25","116993.195"
"9","A9","73","156079.02","370729.8","117032.86"
"9","A9","74","162097.95","380195.34","117087.945"
"9","A9","75","168416.17","389359.97","117056.19"
"9","A9","76","174558.2","399125.7","116928.87"
"9","A9","77","180167.06","408193.94","116741.14"
"9","A9","78","185491.4","417268.38","116603.08"
"9","A9","79","191453.25","424526.47","116366.96"
"9","A9","80","196950.23","430711.56","115934.805"
"9","A9","81","202834.44","436739.94","115466.35"
"9","A9","82","207966.9","442686.3","115157.18"
"9","A9","83","213495.8","448967.53","114855.1"
"9","A9","84","219262.5","455289.06","114587.625"
"9","A9","85","225334.5","461139.56","114309.29"
"9","A9","86","231162.56","467231.06","114153.25"
"9","A9","87","237926.03","472375.47","113930.43"
"9","A9","88","243746.86","478267.38","113616.61"
"9","A9","89","250004.23","483340.88","113576.305"
"9","A9","90","255636.4","487347.47","113705.9"
"10","A10","1","66628.28","59572.992","119544.57"
"10","A10","2","66444.555","59649.723","119307.29"
"10","A10","3","66105.13","60212.156","119121.13"
"10","A10","4","65909.14","60812.133","119000.01"
"10","A10","5","65842.48","61297.965","118963.29"
"10","A10","6","65814.195","61673.277","118991.36"
"10","A10","7","65765.41","62100.895","118859.58"
"10","A10","8","65738.32","62657.387","118824.31"
"10","A10","9","65742.96","63284.57","118838.42"
"10","A10","10","65768.78","64444.85","118859.26"
"10","A10","11","65717.266","66618.0","118954.83"
"10","A10","12","65744.32","69915.97","119021.695"
"10","A10","13","65976.74","74892.914","119286.08"
"10","A10","14","66237.89","82401.016","119310.86"
"10","A10","15","66413.87","92004.875","119383.97"
"10","A10","16","66957.1","102583.59","119538.55"
"10","A10","17","67832.13","113560.56","119582.34"
"10","A10","18","69011.516","124517.625","119927.77"
"10","A10","19","70990.55","135429.25","120241.08"
"10","A10","20","73697.516","146659.78","120296.875"
"10","A10","21","76990.59","157571.28","120560.56"
"10","A10","22","80682.12","167477.66","120605.06"
"10","A10","23","83799.56","174950.62","120862.836"
"10","A10","24","85994.83","180344.84","120822.88"
"10","A10","25","87225.36","184174.47","120777.71"
"10","A10","26","87948.87","186903.05","120824.38"
"10","A10","27","88491.664","189195.44","120831.82"
"10","A10","28","89040.12","191293.31","120868.38"
"10","A10","29","89476.96","193136.83","120822.61"
"10","A10","30","89853.234","194741.97","120855.83"
"10","A10","31","90357.055","196631.05","120849.41"
"10","A10","32","90766.16","198237.83","120742.02"
"10","A10","33","91004.16","199807.23","120711.18"
"10","A10","34","91368.625","201535.72","120668.586"
"10","A10","35","91681.07","202967.38","120880.95"
"10","A10","36","91948.12","204444.33","120905.35"
"10","A10","37","92282.914","206247.48","121020.82"
"10","A10","38","92595.08","207549.88","121140.25"
"10","A10","39","92868.33","208943.22","121029.63"
"10","A10","40","93068.836","210494.38","120886.25"
"10","A10","41","93387.98","211719.16","120846.85"
"10","A10","42","93763.85","213108.95","120736.42"
"10","A10","43","94102.65","214644.92","120744.58"
"10","A10","44","94400.086","216139.3","120880.164"
"10","A10","45","94633.7","217689.1","120954.97"
"10","A10","46","94854.64","219158.81","121054.45"
"10","A10","47","95027.29","220722.05","120994.95"
"10","A10","48","95275.1","222215.22","120912.54"
"10","A10","49","95631.86","223927.11","120888.79"
"10","A10","50","96071.23","225957.2","120879.92"
"10","A10","51","96334.375","228426.73","120814.07"
"10","A10","52","96619.875","230898.67","120982.48"
"10","A10","53","96992.01","233684.69","121064.49"
"10","A10","54","97482.69","237001.52","121021.914"
"10","A10","55","97722.7","241063.06","121053.2"
"10","A10","56","98310.34","245623.89","121063.85"
"10","A10","57","98962.54","250060.72","120993.266"
"10","A10","58","99582.45","255229.6","121067.34"
"10","A10","59","100273.35","260923.89","121240.72"
"10","A10","60","101044.64","266743.75","121299.12"
"10","A10","61","101997.18","273094.12","121369.71"
"10","A10","62","103214.56","279687.88","121470.88"
"10","A10","63","104574.08","286533.75","121630.54"
"10","A10","64","106199.23","293414.97","121577.336"
"10","A10","65","108315.414","300736.62","121696.54"
"10","A10","66","110815.24","308645.25","121707.53"
"10","A10","67","114150.734","316594.34","121784.766"
"10","A10","68","117794.09","325304.88","122052.19"
"10","A10","69","121623.43","334005.12","122061.82"
"10","A10","70","126025.53","343709.9","122070.695"
"10","A10","71","130938.22","353670.03","122326.02"
"10","A10","72","135925.8","363167.22","122571.016"
"10","A10","73","140984.66","372774.03","122721.72"
"10","A10","74","146116.06","382777.6","122638.96"
"10","A10","75","151270.4","392260.16","122722.555"
"10","A10","76","156412.9","401853.3","122690.57"
"10","A10","77","161531.72","410409.47","122459.88"
"10","A10","78","165989.84","418543.6","122128.76"
"10","A10","79","170342.02","425693.4","121871.96"
"10","A10","80","174632.52","432068.94","121558.57"
"10","A10","81","179255.34","438885.9","121111.766"
"10","A10","82","184037.34","446102.4","120913.75"
"10","A10","83","188822.84","452456.44","120944.06"
"10","A10","84","193740.62","458736.38","120960.93"
"10","A10","85","198934.53","464900.28","120940.96"
"10","A10","86","204134.06","470766.8","120823.16"
"10","A10","87","208735.06","476033.75","120760.91"
"10","A10","88","213940.72","481830.0","120673.92"
"10","A10","89","219768.94","487768.56","120771.74"
"10","A10","90","224382.58","492384.25","120856.484"
"11","A11","1","69356.54","59081.87","118622.086"
"11","A11","2","69202.43","59157.72","118618.77"
"11","A11","3","68900.77","59659.992","118676.8"
"11","A11","4","68796.81","60260.266","118592.89"
"11","A11","5","68780.09","60940.4","118557.984"
"11","A11","6","68709.59","61465.754","118610.48"
"11","A11","7","68599.734","61836.35","118744.875"
"11","A11","8","68532.21","62366.29","118729.82"
"11","A11","9","68479.234","62843.31","118641.39"
"11","A11","10","68452.07","64040.25","118541.875"
"11","A11","11","68434.04","66023.9","118532.14"
"11","A11","12","68445.5","69097.13","118605.15"
"11","A11","13","68534.4","74332.12","118686.4"
"11","A11","14","68617.75","81520.93","118722.13"
"11","A11","15","68706.64","90851.55","118927.47"
"11","A11","16","69202.1","101582.98","119204.32"
"11","A11","17","69718.05","112696.305","119346.73"
"11","A11","18","70277.84","123770.375","119581.24"
"11","A11","19","70982.27","135068.28","119633.16"
"11","A11","20","71956.9","146618.39","119792.95"
"11","A11","21","73300.53","158450.73","120110.77"
"11","A11","22","74810.11","169429.39","120234.375"
"11","A11","23","76234.33","178693.8","120363.71"
"11","A11","24","77206.53","185409.89","120329.56"
"11","A11","25","77951.62","189822.73","120256.63"
"11","A11","26","78673.836","192858.55","120409.9"
"11","A11","27","78885.43","195323.55","120429.805"
"11","A11","28","79229.945","197336.94","120436.31"
"11","A11","29","79554.26","199180.84","120470.13"
"11","A11","30","79643.84","201039.14","120508.266"
"11","A11","31","79908.0","202888.27","120476.09"
"11","A11","32","80188.836","204791.8","120591.59"
"11","A11","33","80576.47","206466.95","120494.59"
"11","A11","34","80670.84","207939.94","120395.17"
"11","A11","35","80736.18","209777.44","120408.82"
"11","A11","36","80955.78","211313.6","120455.695"
"11","A11","37","81025.266","212696.92","120612.38"
"11","A11","38","81008.234","214146.25","120544.0"
"11","A11","39","81302.13","215831.84","120441.19"
"11","A11","40","81560.35","217420.45","120518.04"
"11","A11","41","81859.875","218674.88","120468.79"
"11","A11","42","81897.42","220027.47","120498.98"
"11","A11","43","81925.164","221406.64","120558.39"
"11","A11","44","82066.21","222886.45","120510.61"
"11","A11","45","82194.87","224131.81","120479.66"
"11","A11","46","82282.234","225712.4","120385.016"
"11","A11","47","82621.99","227164.22","120348.31"
"11","A11","48","82854.17","228484.36","120453.125"
"11","A11","49","82909.945","230121.05","120478.516"
"11","A11","50","83085.14","231884.28","120693.51"
"11","A11","51","83233.71","233465.4","120574.27"
"11","A11","52","83478.29","235369.92","120409.54"
"11","A11","53","83640.96","236941.19","120358.05"
"11","A11","54","83846.055","239332.61","120421.48"
"11","A11","55","83974.12","242237.19","120457.27"
"11","A11","56","84337.34","244927.45","120428.68"
"11","A11","57","84648.28","247788.88","120308.83"
"11","A11","58","85032.445","251462.94","120207.81"
"11","A11","59","85292.125","255506.06","120354.66"
"11","A11","60","85614.83","259291.66","120596.13"
"11","A11","61","86115.35","263433.62","120654.35"
"11","A11","62","86544.086","268189.66","120804.234"
"11","A11","63","87074.836","273861.5","120895.586"
"11","A11","64","87754.875","278884.88","120891.76"
"11","A11","65","88434.74","284190.84","120981.62"
"11","A11","66","89076.11","290320.72","121085.31"
"11","A11","67","90026.34","296505.62","121006.42"
"11","A11","68","91398.76","302661.2","120894.47"
"11","A11","69","92991.695","309137.22","121000.9"
"11","A11","70","94771.74","316548.25","121055.555"
"11","A11","71","96832.73","324045.97","121225.93"
"11","A11","72","99391.47","331734.5","121481.805"
"11","A11","73","102047.8","340498.8","121465.91"
"11","A11","74","104927.29","349714.4","121389.625"
"11","A11","75","108199.81","359245.28","121661.05"
"11","A11","76","111691.34","368712.4","121801.29"
"11","A11","77","115063.945","378372.47","121946.88"
"11","A11","78","118319.414","387984.06","121858.31"
"11","A11","79","121600.95","397341.6","121704.83"
"11","A11","80","124408.19","405234.62","121273.586"
"11","A11","81","127245.99","412394.22","120876.19"
"11","A11","82","130132.38","419672.94","120278.125"
"11","A11","83","133014.66","427690.56","120070.49"
"11","A11","84","136328.6","434546.16","120128.67"
"11","A11","85","139798.66","441421.84","120058.03"
"11","A11","86","143178.28","449295.3","120040.7"
"11","A11","87","146622.8","455734.1","119983.29"
"11","A11","88","150214.17","461672.6","119961.38"
"11","A11","89","153900.47","467984.28","119902.46"
"11","A11","90","157164.38","473361.44","120018.766"
"12","A12","1","68866.15","61980.184","125011.75"
"12","A12","2","68867.93","62363.07","125002.69"
"12","A12","3","68969.484","63059.22","125063.766"
"12","A12","4","68932.36","63750.734","124973.05"
"12","A12","5","68818.72","64256.3","124946.79"
"12","A12","6","68794.08","64579.324","125078.09"
"12","A12","7","68814.555","64975.504","125184.86"
"12","A12","8","68842.24","65473.71","125189.76"
"12","A12","9","68839.805","66221.055","125151.53"
"12","A12","10","68897.05","67220.14","125119.305"
"12","A12","11","69022.53","68898.54","124861.836"
"12","A12","12","69065.83","72268.76","124832.31"
"12","A12","13","69280.01","77607.7","125030.3"
"12","A12","14","69498.76","85169.98","125243.94"
"12","A12","15","69909.21","94884.016","125435.87"
"12","A12","16","70132.43","106239.7","125860.766"
"12","A12","17","70730.11","118052.84","126250.51"
"12","A12","18","71349.91","130101.086","126511.03"
"12","A12","19","71895.22","142347.2","126560.68"
"12","A12","20","72663.5","154575.17","126595.96"
"12","A12","21","73420.03","167261.9","127008.82"
"12","A12","22","74225.766","179345.11","127122.02"
"12","A12","23","74972.03","189684.81","127185.61"
"12","A12","24","75822.766","197369.95","127226.03"
"12","A12","25","76618.91","202680.56","127450.96"
"12","A12","26","77011.62","206280.16","127393.59"
"12","A12","27","77421.69","208953.84","127407.945"
"12","A12","28","77528.78","211013.81","127426.76"
"12","A12","29","77914.39","213468.64","127409.625"
"12","A12","30","78183.14","215630.45","127513.69"
"12","A12","31","78261.89","216986.53","127559.75"
"12","A12","32","78645.28","218773.36","127497.516"
"12","A12","33","78937.96","220834.55","127523.836"
"12","A12","34","79121.18","222494.02","127581.98"
"12","A12","35","79245.375","223960.88","127458.234"
"12","A12","36","79295.2","225471.22","127461.18"
"12","A12","37","79599.76","227068.83","127683.7"
"12","A12","38","79861.36","228702.39","127546.22"
"12","A12","39","79978.016","230346.45","127370.95"
"12","A12","40","80102.72","231633.92","127347.12"
"12","A12","41","80375.27","233050.72","127397.25"
"12","A12","42","80627.18","234632.53","127607.734"
"12","A12","43","80637.14","235836.83","127732.21"
"12","A12","44","80830.49","237195.72","127567.805"
"12","A12","45","80945.14","239006.94","127417.27"
"12","A12","46","80861.664","240463.36","127515.6"
"12","A12","47","81096.71","241375.42","127634.16"
"12","A12","48","81456.695","242836.25","127544.414"
"12","A12","49","81623.21","244376.38","127603.96"
"12","A12","50","81781.51","245817.7","127688.016"
"12","A12","51","81772.72","247046.69","127618.51"
"12","A12","52","81989.195","248342.77","127638.2"
"12","A12","53","82026.49","249703.11","127651.37"
"12","A12","54","82224.914","251282.8","127540.97"
"12","A12","55","82343.51","252981.22","127549.484"
"12","A12","56","82642.67","254400.64","127445.7"
"12","A12","57","82842.62","255692.55","127435.086"
"12","A12","58","83024.39","257201.48","127391.16"
"12","A12","59","83118.42","258791.06","127629.82"
"12","A12","60","83359.72","260347.9","127573.82"
"12","A12","61","83493.55","262282.9","127569.67"
"12","A12","62","83828.48","264625.66","127579.09"
"12","A12","63","84141.68","267423.62","127626.39"
"12","A12","64","84530.36","270579.9","127579.99"
"12","A12","65","84892.53","273634.1","127490.42"
"12","A12","66","85393.28","276744.97","127708.445"
"12","A12","67","85878.914","281219.72","127912.19"
"12","A12","68","86577.35","286061.06","127964.64"
"12","A12","69","87407.29","291343.53","127898.48"
"12","A12","70","88470.97","297228.7","127988.45"
"12","A12","71","89627.57","303647.3","127997.164"
"12","A12","72","90990.41","310827.2","128258.6"
"12","A12","73","92685.336","318709.0","128318.5"
"12","A12","74","94597.12","327650.84","128329.92"
"12","A12","75","96813.72","337204.0","128507.84"
"12","A12","76","99412.53","347347.03","128587.71"
"12","A12","77","102021.48","358782.94","128743.46"
"12","A12","78","104815.875","370299.78","128936.555"
"12","A12","79","107856.19","381644.3","129101.164"
"12","A12","80","110934.85","393460.66","129179.55"
"12","A12","81","114018.03","405324.25","129328.18"
"12","A12","82","117009.01","416250.8","129462.66"
"12","A12","83","119978.88","427747.22","129586.23"
"12","A12","84","122934.234","438646.47","129717.75"
"12","A12","85","125327.914","447897.06","129407.164"
"12","A12","86","127883.85","455751.28","128649.41"
"12","A12","87","130307.914","462833.53","128293.49"
"12","A12","88","132873.33","469311.4","128091.1"
"12","A12","89","135568.23","475840.5","127887.82"
"12","A12","90","137843.56","483046.84","127754.164"
"13","A13","1","68545.23","62434.49","124341.1"
"13","A13","2","68392.734","62718.867","124304.65"
"13","A13","3","68244.164","63351.664","124204.04"
"13","A13","4","68223.83","64027.02","124204.586"
"13","A13","5","68289.84","64555.04","124303.92"
"13","A13","6","68294.16","64822.03","124336.19"
"13","A13","7","68254.086","65144.6","124348.08"
"13","A13","8","68203.35","65736.63","124314.664"
"13","A13","9","68174.016","66411.51","124273.69"
"13","A13","10","68151.805","67555.45","124243.61"
"13","A13","11","68165.8","69387.695","124226.664"
"13","A13","12","68292.26","72548.1","124252.56"
"13","A13","13","68490.836","77740.94","124414.54"
"13","A13","14","68590.734","85099.266","124473.28"
"13","A13","15","68772.08","94641.18","124656.34"
"13","A13","16","69149.83","105726.32","124868.086"
"13","A13","17","69571.52","117896.9","125017.24"
"13","A13","18","70169.69","130192.3","125183.52"
"13","A13","19","70708.75","142463.22","125544.59"
"13","A13","20","71114.586","155046.22","125735.41"
"13","A13","21","71578.23","167851.67","126009.13"
"13","A13","22","71824.9","180250.6","126223.47"
"13","A13","23","72199.414","190813.39","126338.63"
"13","A13","24","72603.06","198915.92","126319.59"
"13","A13","25","72926.49","204269.97","126463.83"
"13","A13","26","73205.67","208033.58","126432.27"
"13","A13","27","73485.46","210472.9","126618.945"
"13","A13","28","73764.63","213124.12","126789.445"
"13","A13","29","73943.305","215187.92","126719.41"
"13","A13","30","74044.78","217177.31","126725.82"
"13","A13","31","74211.98","218821.31","126734.09"
"13","A13","32","74392.87","220591.48","126799.38"
"13","A13","33","74586.59","222502.72","126737.84"
"13","A13","34","74778.414","224267.3","126856.39"
"13","A13","35","74875.74","225852.4","126806.61"
"13","A13","36","75034.46","227724.45","126901.04"
"13","A13","37","75190.5","229383.92","126820.25"
"13","A13","38","75251.336","230897.06","126844.94"
"13","A13","39","75244.96","232333.81","126883.01"
"13","A13","40","75261.06","233677.77","126842.47"
"13","A13","41","75543.14","235334.9","126718.55"
"13","A13","42","75761.21","236848.61","126747.47"
"13","A13","43","75761.45","238371.78","126819.06"
"13","A13","44","75984.65","239772.84","126900.42"
"13","A13","45","76045.99","241344.06","126781.164"
"13","A13","46","76148.13","243022.1","126744.21"
"13","A13","47","76201.74","244241.14","126881.69"
"13","A13","48","76330.43","245624.52","126915.15"
"13","A13","49","76457.58","247150.53","126906.086"
"13","A13","50","76737.53","248552.55","126897.01"
"13","A13","51","76876.125","250505.61","126807.766"
"13","A13","52","77036.15","252409.64","126775.39"
"13","A13","53","77216.516","254466.05","126825.25"
"13","A13","54","77326.84","256869.17","126826.11"
"13","A13","55","77623.56","259539.03","126897.195"
"13","A13","56","78240.76","262811.28","126979.055"
"13","A13","57","78843.51","266926.66","127047.27"
"13","A13","58","79392.125","271512.3","127042.46"
"13","A13","59","80177.01","276414.6","127167.23"
"13","A13","60","80871.055","282259.9","127152.93"
"13","A13","61","81659.0","288305.8","127192.695"
"13","A13","62","82502.22","294787.66","127555.805"
"13","A13","63","83426.48","301537.72","127520.15"
"13","A13","64","84451.75","308345.9","127446.805"
"13","A13","65","85482.48","315209.5","127634.25"
"13","A13","66","86596.414","322389.5","127578.42"
"13","A13","67","87670.6","329292.5","127644.2"
"13","A13","68","88775.85","335517.28","127826.68"
"13","A13","69","89840.1","342039.44","128105.555"
"13","A13","70","91051.125","348679.03","128326.5"
"13","A13","71","92442.18","355024.0","128263.08"
"13","A13","72","93881.62","361405.7","128392.33"
"13","A13","73","95294.21","367671.25","128278.72"
"13","A13","74","96864.01","373933.06","128308.38"
"13","A13","75","98569.88","379499.66","128554.03"
"13","A13","76","100661.3","385554.1","128659.91"
"13","A13","77","102875.23","392032.4","128630.8"
"13","A13","78","105313.01","398835.47","128806.945"
"13","A13","79","107819.77","405544.25","129053.15"
"13","A13","80","110754.086","412539.84","129058.8"
"13","A13","81","113909.2","420059.78","128899.98"
"13","A13","82","117003.97","427535.66","128755.83"
"13","A13","83","120353.23","435395.44","128529.44"
"13","A13","84","123544.81","443131.22","128294.54"
"13","A13","85","127106.85","449696.78","127965.44"
"13","A13","86","130838.25","457168.34","127577.81"
"13","A13","87","134764.2","464552.22","127341.875"
"13","A13","88","138713.89","471547.03","127217.27"
"13","A13","89","142817.4","478063.2","127052.97"
"13","A13","90","146393.95","483914.56","126982.14"
"14","A14","1","64446.215","60122.137","118836.99"
"14","A14","2","64322.188","60333.406","118647.87"
"14","A14","3","64210.246","61014.664","118543.055"
"14","A14","4","64164.99","61537.625","118580.1"
"14","A14","5","64110.34","62024.723","118559.58"
"14","A14","6","64037.586","62215.574","118512.51"
"14","A14","7","63915.14","62677.176","118446.22"
"14","A14","8","63890.973","63263.41","118449.73"
"14","A14","9","63940.402","63856.902","118527.06"
"14","A14","10","64035.44","64701.89","118559.5"
"14","A14","11","64028.223","66384.02","118669.02"
"14","A14","12","64061.92","69323.766","118565.08"
"14","A14","13","64236.08","74036.67","118575.39"
"14","A14","14","64348.11","81013.94","118850.695"
"14","A14","15","64548.457","90148.44","119011.945"
"14","A14","16","65000.11","101035.45","119255.71"
"14","A14","17","65462.234","112482.51","119409.56"
"14","A14","18","66014.9","124304.73","119585.74"
"14","A14","19","66619.25","136102.39","119915.63"
"14","A14","20","67085.49","148220.56","120163.91"
"14","A14","21","67368.67","160814.27","120291.7"
"14","A14","22","67848.45","172728.05","120463.68"
"14","A14","23","68259.01","183016.94","120751.516"
"14","A14","24","68462.266","191087.42","120894.02"
"14","A14","25","68804.77","196196.52","121109.484"
"14","A14","26","68949.21","199904.64","121161.086"
"14","A14","27","69360.16","202640.1","121171.06"
"14","A14","28","69503.12","204453.72","121074.3"
"14","A14","29","69703.71","206466.31","121159.66"
"14","A14","30","69924.805","208664.1","121216.19"
"14","A14","31","70086.9","210615.33","121243.53"
"14","A14","32","70238.14","212462.17","121265.92"
"14","A14","33","70444.08","214104.25","121194.37"
"14","A14","34","70628.5","215878.55","121389.08"
"14","A14","35","70674.766","217524.6","121459.54"
"14","A14","36","70870.336","218839.62","121409.945"
"14","A14","37","70938.555","220461.2","121669.46"
"14","A14","38","70987.88","221982.95","121601.63"
"14","A14","39","70999.33","223602.64","121484.71"
"14","A14","40","71317.33","224961.75","121510.21"
"14","A14","41","71398.12","226291.4","121672.88"
"14","A14","42","71491.91","227920.27","121596.98"
"14","A14","43","71532.555","229483.2","121392.836"
"14","A14","44","71762.664","231041.03","121223.48"
"14","A14","45","71957.914","232242.44","121274.06"
"14","A14","46","72028.234","233673.48","121470.26"
"14","A14","47","72070.89","234874.23","121428.52"
"14","A14","48","72137.68","236446.61","121513.9"
"14","A14","49","72338.39","237717.72","121619.37"
"14","A14","50","72526.88","239008.22","121562.46"
"14","A14","51","72587.695","240365.83","121626.82"
"14","A14","52","72609.5","241890.69","121622.37"
"14","A14","53","72708.484","243521.89","121403.38"
"14","A14","54","72818.83","244990.48","121270.8"
"14","A14","55","72908.2","246470.53","121421.95"
"14","A14","56","73235.71","248275.31","121359.445"
"14","A14","57","73584.74","250450.2","121452.61"
"14","A14","58","73812.586","252905.44","121605.586"
"14","A14","59","74008.39","255727.2","121784.86"
"14","A14","60","74298.98","258762.25","121876.586"
"14","A14","61","74613.86","261607.48","121808.95"
"14","A14","62","75037.02","264989.3","121662.33"
"14","A14","63","75507.805","268780.62","121732.8"
"14","A14","64","75989.66","272957.56","121898.71"
"14","A14","65","76487.49","277513.06","121922.51"
"14","A14","66","76908.516","282738.9","122168.664"
"14","A14","67","77505.08","287330.53","122079.7"
"14","A14","68","78279.05","292419.03","122047.89"
"14","A14","69","78950.95","297886.4","122320.74"
"14","A14","70","79573.0","303706.3","122465.125"
"14","A14","71","80486.164","308908.2","122375.164"
"14","A14","72","81388.52","314587.03","122473.32"
"14","A14","73","82266.234","320475.47","122626.7"
"14","A14","74","83451.57","326685.3","122587.66"
"14","A14","75","84767.21","333156.8","122828.266"
"14","A14","76","86176.8","339880.9","122962.91"
"14","A14","77","87632.62","346415.03","123154.555"
"14","A14","78","89692.484","353440.5","123342.59"
"14","A14","79","91921.68","361031.97","123329.76"
"14","A14","80","94423.23","369352.28","123370.37"
"14","A14","81","97220.95","377767.56","123500.9"
"14","A14","82","100115.34","386329.47","123539.53"
"14","A14","83","102814.336","395158.2","123355.12"
"14","A14","84","105717.07","403266.78","123098.71"
"14","A14","85","108565.734","410902.03","122864.055"
"14","A14","86","111819.08","418686.78","122643.57"
"14","A14","87","114825.4","426877.8","122541.91"
"14","A14","88","117811.72","434321.12","122473.74"
"14","A14","89","121062.87","441896.78","122417.62"
"14","A14","90","123926.516","448386.88","122248.55"
"15","A15","1","64128.734","57545.863","113051.0"
"15","A15","2","63919.867","57669.56","112841.96"
"15","A15","3","63558.836","58267.773","112526.11"
"15","A15","4","63427.273","58826.4","112396.56"
"15","A15","5","63327.152","59376.48","112239.625"
"15","A15","6","63276.83","59633.58","112196.55"
"15","A15","7","63271.52","59917.246","112214.984"
"15","A15","8","63271.797","60303.92","112305.16"
"15","A15","9","63322.324","60782.89","112355.125"
"15","A15","10","63235.082","61839.918","112505.516"
"15","A15","11","63142.137","63605.414","112623.43"
"15","A15","12","63172.336","66437.18","112599.19"
"15","A15","13","63398.723","70956.75","112585.89"
"15","A15","14","63534.04","77744.41","112793.95"
"15","A15","15","63596.273","86688.73","112981.305"
"15","A15","16","63992.113","96884.61","113001.23"
"15","A15","17","64405.785","107467.92","113154.51"
"15","A15","18","64756.85","118562.016","113238.89"
"15","A15","19","65109.445","129828.91","113659.41"
"15","A15","20","65259.254","141199.0","113724.47"
"15","A15","21","65429.113","152854.8","113841.09"
"15","A15","22","65665.79","164030.95","113908.21"
"15","A15","23","65901.45","174155.53","114237.67"
"15","A15","24","66005.7","181873.03","114472.234"
"15","A15","25","66205.63","186817.11","114340.78"
"15","A15","26","66279.15","190126.31","114230.0"
"15","A15","27","66496.695","192723.9","114370.38"
"15","A15","28","66501.16","194810.72","114360.18"
"15","A15","29","66710.11","196792.16","114414.05"
"15","A15","30","66840.45","198791.47","114671.555"
"15","A15","31","67007.055","200585.11","114720.125"
"15","A15","32","67065.48","202549.22","114814.79"
"15","A15","33","67096.83","204195.88","114736.586"
"15","A15","34","67287.64","205570.48","114602.18"
"15","A15","35","67511.94","206818.4","114616.49"
"15","A15","36","67430.94","208390.98","114648.555"
"15","A15","37","67524.72","210033.84","114891.234"
"15","A15","38","67526.016","211615.84","114837.79"
"15","A15","39","67507.46","213278.02","114822.23"
"15","A15","40","67678.52","214606.89","114702.09"
"15","A15","41","67894.92","216028.05","114672.97"
"15","A15","42","67826.01","217411.06","114929.16"
"15","A15","43","67963.61","218808.03","114849.22"
"15","A15","44","67879.35","220226.64","114721.71"
"15","A15","45","67987.11","221636.1","114800.01"
"15","A15","46","68146.805","223375.94","114724.94"
"15","A15","47","68386.54","224930.19","114754.41"
"15","A15","48","68395.27","226628.06","114629.164"
"15","A15","49","68573.305","228197.2","114536.86"
"15","A15","50","68659.24","230029.6","114749.66"
"15","A15","51","68769.02","232320.05","114730.516"
"15","A15","52","69095.5","234605.78","114651.17"
"15","A15","53","69229.734","236942.14","114887.11"
"15","A15","54","69579.766","239999.56","114979.234"
"15","A15","55","69971.32","243571.81","114943.81"
"15","A15","56","70407.62","247771.66","115051.75"
"15","A15","57","70928.44","252597.2","115115.555"
"15","A15","58","71461.17","257513.58","115379.4"
"15","A15","59","72170.41","262861.22","115445.9"
"15","A15","60","72727.69","268779.97","115613.47"
"15","A15","61","73392.41","274977.12","115513.83"
"15","A15","62","74159.016","280904.84","115428.04"
"15","A15","63","74918.695","287129.22","115657.0"
"15","A15","64","75522.125","293581.88","115721.57"
"15","A15","65","76348.11","299520.53","115755.54"
"15","A15","66","77180.49","305160.56","115894.73"
"15","A15","67","78030.22","311192.28","115840.36"
"15","A15","68","78904.1","316902.34","116080.04"
"15","A15","69","79674.47","322559.16","116243.23"
"15","A15","70","80672.97","328023.06","116147.21"
"15","A15","71","81803.41","332991.72","116260.23"
"15","A15","72","82783.45","337965.62","116340.125"
"15","A15","73","83997.01","342895.2","116369.16"
"15","A15","74","85201.445","347493.38","116515.33"
"15","A15","75","86421.445","352188.28","116502.266"
"15","A15","76","87688.98","356031.8","116499.14"
"15","A15","77","89027.555","359824.34","116593.16"
"15","A15","78","90333.41","363109.6","116414.09"
"15","A15","79","91519.22","365979.25","116172.74"
"15","A15","80","92949.36","368390.25","115944.51"
"15","A15","81","93845.266","370982.7","115644.19"
"15","A15","82","95154.36","373299.84","115313.96"
"15","A15","83","96745.47","376396.72","115074.516"
"15","A15","84","98613.67","380385.66","114915.16"
"15","A15","85","100643.48","384718.2","114877.38"
"15","A15","86","103063.04","388917.88","114602.98"
"15","A15","87","105618.18","393231.16","114450.53"
"15","A15","88","108421.305","398882.47","114551.93"
"15","A15","89","111281.74","404704.5","114563.31"
"15","A15","90","113786.0","410081.28","114713.31"
"16","A16","1","67524.59","61025.46","118846.26"
"16","A16","2","67434.016","61142.21","118775.23"
"16","A16","3","67346.7","61922.066","118709.57"
"16","A16","4","67292.03","62734.016","118770.914"
"16","A16","5","66994.09","63375.684","119085.234"
"16","A16","6","66962.58","63760.344","119240.66"
"16","A16","7","67145.195","64147.336","119174.03"
"16","A16","8","67141.12","64624.895","119021.875"
"16","A16","9","67020.72","65355.125","118982.41"
"16","A16","10","66998.9","66165.29","119116.984"
"16","A16","11","67102.53","67702.36","119211.77"
"16","A16","12","67154.52","70692.13","119318.89"
"16","A16","13","67173.69","75503.46","119363.16"
"16","A16","14","67261.92","82355.9","119441.82"
"16","A16","15","67427.7","91546.18","119481.43"
"16","A16","16","67849.195","102287.945","119579.44"
"16","A16","17","68358.7","113738.57","119879.43"
"16","A16","18","68803.27","125317.72","119959.38"
"16","A16","19","69147.125","137111.06","120361.195"
"16","A16","20","69409.58","149321.73","120693.984"
"16","A16","21","69607.13","161596.38","120868.45"
"16","A16","22","69737.266","173286.02","120959.164"
"16","A16","23","70029.55","183892.36","120994.5"
"16","A16","24","70207.65","191919.73","120962.31"
"16","A16","25","70358.766","197367.44","121217.71"
"16","A16","26","70559.04","201038.73","121196.95"
"16","A16","27","70553.54","203712.66","121307.91"
"16","A16","28","70696.59","206129.45","121401.25"
"16","A16","29","71058.46","208258.8","121428.766"
"16","A16","30","71160.805","210059.53","121377.05"
"16","A16","31","71187.92","211729.84","121554.36"
"16","A16","32","71328.56","213646.7","121585.26"
"16","A16","33","71404.27","215258.75","121590.31"
"16","A16","34","71523.74","217030.16","121465.53"
"16","A16","35","71604.92","218820.22","121438.414"
"16","A16","36","71661.71","220178.3","121447.28"
"16","A16","37","71790.78","221999.11","121578.836"
"16","A16","38","71691.625","223523.3","121686.66"
"16","A16","39","71840.164","224723.3","121593.85"
"16","A16","40","72005.055","226367.38","121467.125"
"16","A16","41","72036.14","228087.6","121536.164"
"16","A16","42","71932.46","229534.44","121640.62"
"16","A16","43","72105.375","230849.34","121532.79"
"16","A16","44","72242.234","232524.98","121404.98"
"16","A16","45","72229.66","233751.67","121469.91"
"16","A16","46","72216.836","235227.56","121368.695"
"16","A16","47","72194.984","236594.55","121334.53"
"16","A16","48","72377.805","237846.05","121324.984"
"16","A16","49","72431.05","239460.12","121483.555"
"16","A16","50","72532.125","241037.56","121547.34"
"16","A16","51","72562.59","242620.86","121662.49"
"16","A16","52","72608.09","244077.16","121577.24"
"16","A16","53","72805.67","245409.5","121583.26"
"16","A16","54","72874.67","246923.92","121483.41"
"16","A16","55","72829.086","248887.34","121525.79"
"16","A16","56","72951.43","250624.5","121483.98"
"16","A16","57","73055.586","252687.97","121423.734"
"16","A16","58","73186.016","254702.95","121601.37"
"16","A16","59","73386.36","256936.97","121565.65"
"16","A16","60","73639.78","259280.78","121584.58"
"16","A16","61","73763.35","261768.48","121650.08"
"16","A16","62","73914.31","264869.34","121616.86"
"16","A16","63","74175.695","267913.9","121468.89"
"16","A16","64","74395.92","271296.06","121447.27"
"16","A16","65","74708.03","274494.88","121539.96"
"16","A16","66","74932.45","278264.84","121508.58"
"16","A16","67","75160.09","282750.94","121647.92"
"16","A16","68","75433.36","286950.94","121619.44"
"16","A16","69","75910.164","290979.72","121886.07"
"16","A16","70","76322.48","295129.3","122101.45"
"16","A16","71","76753.266","299939.53","122038.14"
"16","A16","72","77301.914","304505.03","122047.02"
"16","A16","73","77647.71","309068.22","122197.48"
"16","A16","74","78226.2","313829.38","122371.5"
"16","A16","75","78828.63","318549.4","122429.086"
"16","A16","76","79408.125","323421.6","122278.88"
"16","A16","77","80022.99","328099.6","122273.03"
"16","A16","78","80430.02","332827.34","122533.125"
"16","A16","79","81136.04","337673.25","122651.89"
"16","A16","80","81757.09","342207.16","122556.96"
"16","A16","81","82146.23","346465.78","122313.53"
"16","A16","82","82321.23","350740.84","121961.17"
"16","A16","83","82537.266","354113.44","121447.98"
"16","A16","84","82926.234","357497.25","121087.086"
"16","A16","85","82944.42","361411.2","120733.516"
"16","A16","86","83525.51","365957.34","120501.57"
"16","A16","87","84255.945","371076.03","120344.29"
"16","A16","88","85000.52","376572.84","120286.945"
"16","A16","89","85985.914","383003.06","120379.04"
"16","A16","90","86616.15","388841.75","120350.87"
"17","A17","1","59034.395","48375.676","121561.11"
"17","A17","2","58863.418","48425.867","121374.375"
"17","A17","3","58649.79","48998.938","120871.77"
"17","A17","4","58427.117","49364.777","120799.46"
"17","A17","5","58284.48","49840.867","120939.43"
"17","A17","6","58278.83","49906.715","120949.0"
"17","A17","7","58345.215","50025.64","120963.64"
"17","A17","8","58286.66","50226.91","120976.84"
"17","A17","9","58275.973","50478.066","121114.46"
"17","A17","10","58374.594","50784.94","121129.14"
"17","A17","11","58561.965","51037.785","121068.94"
"17","A17","12","58607.45","51141.83","120905.09"
"17","A17","13","58566.81","51974.766","120879.44"
"17","A17","14","58557.11","53058.9","121008.4"
"17","A17","15","58639.03","55043.4","121021.305"
"17","A17","16","58875.973","58495.06","121072.52"
"17","A17","17","59100.703","63760.527","121114.45"
"17","A17","18","59441.324","70765.37","121364.7"
"17","A17","19","60244.8","79237.71","121403.805"
"17","A17","20","61525.367","88040.516","121563.164"
"17","A17","21","63574.094","96535.53","121789.664"
"17","A17","22","67111.33","103529.05","121920.65"
"17","A17","23","72445.27","109734.016","121992.305"
"17","A17","24","79653.45","115448.57","122155.72"
"17","A17","25","88351.18","120561.65","122099.38"
"17","A17","26","96667.79","124890.32","121954.72"
"17","A17","27","102688.516","128482.37","121880.24"
"17","A17","28","106130.67","131148.64","122005.945"
"17","A17","29","108393.76","133225.58","122041.23"
"17","A17","30","109506.34","134740.17","122135.82"
"17","A17","31","110221.55","136463.03","122108.99"
"17","A17","32","110950.86","138079.9","122233.664"
"17","A17","33","111384.266","139599.28","122372.84"
"17","A17","34","111945.945","140866.08","122311.01"
"17","A17","35","112386.016","142620.34","122294.2"
"17","A17","36","112879.4","143983.7","122248.414"
"17","A17","37","113401.33","144954.11","122392.97"
"17","A17","38","113677.2","146226.7","122382.1"
"17","A17","39","114109.49","147532.98","122412.63"
"17","A17","40","114472.305","149001.33","122327.484"
"17","A17","41","114766.14","150338.16","122336.83"
"17","A17","42","115110.34","151623.44","122436.516"
"17","A17","43","115648.98","152848.75","122378.23"
"17","A17","44","115975.52","154129.5","122364.914"
"17","A17","45","116143.77","155280.92","122275.83"
"17","A17","46","116595.56","156332.69","122284.02"
"17","A17","47","116921.43","157488.81","122317.87"
"17","A17","48","117227.93","158811.98","122217.38"
"17","A17","49","117158.695","159824.61","122136.11"
"17","A17","50","117363.98","161048.6","122072.98"
"17","A17","51","117935.14","162214.02","122032.555"
"17","A17","52","118419.52","163641.23","122223.06"
"17","A17","53","118502.28","164684.48","122180.016"
"17","A17","54","118928.65","165823.6","122158.19"
"17","A17","55","119202.06","166888.8","122218.65"
"17","A17","56","119545.53","168172.34","122299.12"
"17","A17","57","119972.45","169428.17","122275.36"
"17","A17","58","120412.08","170864.0","122246.42"
"17","A17","59","120966.28","172174.8","122259.62"
"17","A17","60","121667.555","173720.42","122228.52"
"17","A17","61","122545.19","175797.1","122130.61"
"17","A17","62","123690.44","178312.67","122140.49"
"17","A17","63","125712.26","180943.34","122204.76"
"17","A17","64","128001.58","184067.42","122163.21"
"17","A17","65","131187.86","187529.92","122263.05"
"17","A17","66","135193.2","191449.84","122273.8"
"17","A17","67","140086.39","195796.78","122452.26"
"17","A17","68","145687.73","200338.5","122416.08"
"17","A17","69","151938.61","205114.9","122315.83"
"17","A17","70","158812.08","209978.31","122383.21"
"17","A17","71","165905.73","215333.97","122436.195"
"17","A17","72","173029.05","220886.84","122330.7"
"17","A17","73","180221.19","226303.53","122314.2"
"17","A17","74","187585.81","232364.98","122577.53"
"17","A17","75","195278.86","238098.52","122681.17"
"17","A17","76","202887.05","243948.83","122817.89"
"17","A17","77","210224.05","249992.7","122878.15"
"17","A17","78","217885.28","255727.03","122993.836"
"17","A17","79","226076.16","261749.94","122899.41"
"17","A17","80","233534.78","268040.28","122841.34"
"17","A17","81","240959.66","274126.6","122909.83"
"17","A17","82","248677.16","279963.7","123089.75"
"17","A17","83","255266.22","286240.44","122904.3"
"17","A17","84","262012.72","291797.8","122582.32"
"17","A17","85","268786.2","297551.2","122033.4"
"17","A17","86","275256.88","302597.2","121496.96"
"17","A17","87","280930.38","307929.3","121197.4"
"17","A17","88","286451.72","313471.34","120956.01"
"17","A17","89","292619.1","318775.84","120829.15"
"17","A17","90","297545.56","323575.12","120794.74"
"18","A18","1","67228.05","50330.54","126915.21"
"18","A18","2","67058.016","50367.652","126757.63"
"18","A18","3","66873.74","50850.63","126624.62"
"18","A18","4","66801.73","51344.285","126521.875"
"18","A18","5","66774.29","51792.207","126448.22"
"18","A18","6","66826.164","52025.91","126468.64"
"18","A18","7","67050.67","52093.773","126606.016"
"18","A18","8","67054.71","52396.06","126649.4"
"18","A18","9","67002.42","52560.914","126803.74"
"18","A18","10","67023.34","52619.992","126824.92"
"18","A18","11","67189.46","52910.92","126819.51"
"18","A18","12","67142.81","53312.797","126741.68"
"18","A18","13","67092.57","54025.99","126743.3"
"18","A18","14","67135.45","54915.715","126984.32"
"18","A18","15","67152.27","56751.89","127048.195"
"18","A18","16","67379.26","60151.71","127011.77"
"18","A18","17","67613.02","65177.92","127067.35"
"18","A18","18","67805.13","72134.22","127096.24"
"18","A18","19","68300.016","80759.16","127368.055"
"18","A18","20","69094.984","89999.28","127481.49"
"18","A18","21","70222.805","98815.84","127732.56"
"18","A18","22","71676.3","106830.85","127962.05"
"18","A18","23","74261.03","113939.836","127976.33"
"18","A18","24","78044.19","120266.23","128023.57"
"18","A18","25","83589.26","126512.54","128161.49"
"18","A18","26","90704.625","132594.11","128262.414"
"18","A18","27","98038.96","138159.38","128228.13"
"18","A18","28","103898.805","142612.9","128325.734"
"18","A18","29","107759.56","145980.27","128467.484"
"18","A18","30","109804.35","148533.05","128592.516"
"18","A18","31","110880.5","150255.38","128550.555"
"18","A18","32","111833.48","151950.27","128253.93"
"18","A18","33","112544.414","153546.56","128187.63"
"18","A18","34","113195.61","155071.92","128563.4"
"18","A18","35","113525.17","156530.56","128500.52"
"18","A18","36","113853.68","158037.98","128385.086"
"18","A18","37","114272.89","159355.86","128496.375"
"18","A18","38","114694.03","160787.08","128530.875"
"18","A18","39","115063.016","162277.83","128611.93"
"18","A18","40","115292.984","163572.17","128587.73"
"18","A18","41","115600.08","164840.44","128488.02"
"18","A18","42","115955.4","165993.83","128523.62"
"18","A18","43","116306.22","167420.84","128446.46"
"18","A18","44","116734.0","168731.31","128483.38"
"18","A18","45","116953.97","169871.05","128621.63"
"18","A18","46","117235.33","171270.55","128690.37"
"18","A18","47","117473.98","172414.8","128579.06"
"18","A18","48","117721.13","173835.8","128536.02"
"18","A18","49","117854.45","175164.45","128562.52"
"18","A18","50","118278.734","176244.94","128443.305"
"18","A18","51","118687.27","177459.06","128380.64"
"18","A18","52","118930.29","178689.25","128495.45"
"18","A18","53","119017.46","180110.17","128555.23"
"18","A18","54","119456.51","181458.19","128450.055"
"18","A18","55","119753.58","182946.33","128388.99"
"18","A18","56","120228.766","184338.27","128301.27"
"18","A18","57","120451.28","186420.17","128387.195"
"18","A18","58","120567.27","188474.8","128425.664"
"18","A18","59","121066.836","190443.97","128415.11"
"18","A18","60","121768.484","193214.22","128484.414"
"18","A18","61","122462.5","196234.81","128682.195"
"18","A18","62","123300.9","199504.66","128926.11"
"18","A18","63","124539.36","203644.31","128824.734"
"18","A18","64","126159.8","208422.9","128717.64"
"18","A18","65","128353.445","213661.22","128879.78"
"18","A18","66","131137.61","219238.38","128847.69"
"18","A18","67","134671.61","225613.6","128777.42"
"18","A18","68","138890.84","232581.47","129060.73"
"18","A18","69","143762.72","239618.38","129250.164"
"18","A18","70","149528.31","247231.28","129253.42"
"18","A18","71","155560.44","254861.66","129438.23"
"18","A18","72","162007.97","262981.0","129599.37"
"18","A18","73","168940.17","270729.6","129641.516"
"18","A18","74","176050.9","278324.25","129710.47"
"18","A18","75","183387.1","286427.2","129720.91"
"18","A18","76","190931.23","294656.03","129784.445"
"18","A18","77","198789.25","302677.3","129781.07"
"18","A18","78","206676.0","310576.72","129875.85"
"18","A18","79","214680.2","318015.12","130187.54"
"18","A18","80","222895.88","325243.06","130252.27"
"18","A18","81","231094.48","332837.34","130248.555"
"18","A18","82","238456.94","340123.66","130058.95"
"18","A18","83","245998.48","346550.25","129738.32"
"18","A18","84","253677.4","352610.34","129156.14"
"18","A18","85","261244.75","358419.34","128805.91"
"18","A18","86","268716.56","364675.94","128496.13"
"18","A18","87","275674.47","370860.88","128335.3"
"18","A18","88","282871.5","376695.8","128316.59"
"18","A18","89","289986.34","382281.03","128115.695"
"18","A18","90","296356.88","387016.2","127962.4"
"19","A19","1","66032.38","62069.613","133378.72"
"19","A19","2","65920.81","62116.434","133244.06"
"19","A19","3","65869.83","62520.87","133195.1"
"19","A19","4","65926.77","63073.785","133310.38"
"19","A19","5","65864.016","63454.137","133513.31"
"19","A19","6","65815.97","63929.625","133631.55"
"19","A19","7","65815.92","64159.953","133516.84"
"19","A19","8","65850.67","64349.297","133542.3"
"19","A19","9","65853.03","64614.4","133883.06"
"19","A19","10","65908.06","64684.617","133740.45"
"19","A19","11","66029.9","64830.812","133649.72"
"19","A19","12","66162.984","65130.69","133729.84"
"19","A19","13","66349.83","65816.43","133754.86"
"19","A19","14","66346.73","66741.15","133752.88"
"19","A19","15","66283.625","68695.64","133938.48"
"19","A19","16","66306.28","72220.83","133959.58"
"19","A19","17","66493.67","77322.484","134123.61"
"19","A19","18","66878.95","84377.336","134242.86"
"19","A19","19","67234.65","93333.01","134253.9"
"19","A19","20","67875.57","103234.94","134467.4"
"19","A19","21","68815.78","112629.32","134800.06"
"19","A19","22","69942.555","121754.39","135055.44"
"19","A19","23","71351.02","129946.19","135020.55"
"19","A19","24","73633.664","137609.1","135099.25"
"19","A19","25","76841.16","145267.66","135292.4"
"19","A19","26","81392.44","152799.19","135158.95"
"19","A19","27","87037.87","160111.95","135103.25"
"19","A19","28","92681.555","165934.97","135501.14"
"19","A19","29","97292.08","170656.81","135694.42"
"19","A19","30","100123.53","173964.02","135652.22"
"19","A19","31","101637.945","176290.36","135816.83"
"19","A19","32","102463.21","178240.88","135761.75"
"19","A19","33","103179.164","179846.61","135816.42"
"19","A19","34","103771.9","181324.36","135811.27"
"19","A19","35","104241.34","182786.77","135769.38"
"19","A19","36","104868.82","184694.44","135820.92"
"19","A19","37","105353.2","186070.14","135853.69"
"19","A19","38","105439.13","187335.14","135870.38"
"19","A19","39","105755.625","188713.75","135710.16"
"19","A19","40","106209.49","190162.06","135611.6"
"19","A19","41","106692.67","191467.88","135811.94"
"19","A19","42","107065.14","192818.58","135781.69"
"19","A19","43","107109.74","194119.67","135914.61"
"19","A19","44","107381.57","195332.28","135957.23"
"19","A19","45","107700.664","196600.28","135831.1"
"19","A19","46","108253.32","197779.45","135854.92"
"19","A19","47","108514.48","198924.1","136039.2"
"19","A19","48","108652.76","200171.16","136003.28"
"19","A19","49","108952.484","201451.36","135998.06"
"19","A19","50","109368.89","202740.3","135884.12"
"19","A19","51","109509.66","203799.16","135868.17"
"19","A19","52","109813.3","205142.38","135741.6"
"19","A19","53","109843.93","206321.47","135653.6"
"19","A19","54","110154.55","206995.08","135873.9"
"19","A19","55","110616.984","208591.38","135809.94"
"19","A19","56","110886.61","209755.44","135698.1"
"19","A19","57","110903.26","210891.0","135818.02"
"19","A19","58","111251.37","211608.39","135749.28"
"19","A19","59","111707.83","213070.9","135725.94"
"19","A19","60","111934.625","214513.39","135685.11"
"19","A19","61","112509.16","215919.45","135823.12"
"19","A19","62","112919.92","216845.9","135761.73"
"19","A19","63","113326.016","218461.61","135840.3"
"19","A19","64","114071.75","220311.08","135884.17"
"19","A19","65","115273.52","222154.81","135823.06"
"19","A19","66","116811.65","224794.84","135927.83"
"19","A19","67","118913.375","227729.95","135982.17"
"19","A19","68","121876.08","231335.11","135878.7"
"19","A19","69","125583.36","235867.84","135761.56"
"19","A19","70","129758.84","240980.77","135903.75"
"19","A19","71","134468.03","246796.28","136023.9"
"19","A19","72","139696.86","252738.69","136037.0"
"19","A19","73","145282.25","258962.05","136259.94"
"19","A19","74","151166.62","265676.7","136298.06"
"19","A19","75","156844.11","273068.75","136211.39"
"19","A19","76","162891.5","281024.22","136379.14"
"19","A19","77","169179.56","288806.8","136450.73"
"19","A19","78","175589.61","297306.94","136525.94"
"19","A19","79","182404.27","306176.78","136647.06"
"19","A19","80","188727.58","315448.97","136803.9"
"19","A19","81","195506.66","324787.38","136827.62"
"19","A19","82","202518.2","334330.38","137104.14"
"19","A19","83","209618.9","343814.62","137162.86"
"19","A19","84","216894.6","353640.38","137243.7"
"19","A19","85","224329.38","363096.94","137332.17"
"19","A19","86","231902.64","372894.56","137543.56"
"19","A19","87","239251.28","382769.56","137526.39"
"19","A19","88","246765.69","392681.06","137833.72"
"19","A19","89","254147.03","401892.4","138066.3"
"19","A19","90","260987.45","410110.6","137989.16"
"20","A20","1","65183.625","62956.01","128874.76"
"20","A20","2","65032.254","63116.215","128786.84"
"20","A20","3","64926.035","63539.793","128655.516"
"20","A20","4","64875.418","64022.832","128647.27"
"20","A20","5","64916.023","64401.688","128786.13"
"20","A20","6","65124.0","64641.28","129108.195"
"20","A20","7","65157.21","65019.477","129272.15"
"20","A20","8","65225.223","65141.19","129297.766"
"20","A20","9","65213.92","65407.395","129251.11"
"20","A20","10","65289.484","65492.613","129309.445"
"20","A20","11","65399.69","65622.92","129383.71"
"20","A20","12","65339.758","65898.46","129376.42"
"20","A20","13","65319.453","66683.875","129463.69"
"20","A20","14","65510.504","67863.16","129203.336"
"20","A20","15","65530.855","69436.35","129133.95"
"20","A20","16","65497.117","72595.89","129368.72"
"20","A20","17","65650.52","77589.17","129495.38"
"20","A20","18","65845.625","84461.29","129592.31"
"20","A20","19","66106.555","92899.734","129708.36"
"20","A20","20","66464.875","102413.71","129713.75"
"20","A20","21","67043.93","111743.78","129846.75"
"20","A20","22","67814.875","120249.43","129859.484"
"20","A20","23","68378.83","128134.19","130081.836"
"20","A20","24","69084.19","135487.38","130184.46"
"20","A20","25","70142.055","142967.27","130349.695"
"20","A20","26","71324.14","151066.22","130295.055"
"20","A20","27","73409.836","159041.31","130265.66"
"20","A20","28","76080.78","166202.6","130250.8"
"20","A20","29","78990.945","172962.69","130541.086"
"20","A20","30","81662.35","178292.06","130530.15"
"20","A20","31","83583.88","181953.72","130511.71"
"20","A20","32","84844.305","184500.69","130625.805"
"20","A20","33","85474.69","186905.66","130673.39"
"20","A20","34","85835.31","188606.62","130632.31"
"20","A20","35","86413.664","189874.98","130580.805"
"20","A20","36","86880.71","191324.5","130550.71"
"20","A20","37","87160.7","193170.42","130588.14"
"20","A20","38","87406.55","194319.23","130529.67"
"20","A20","39","87693.625","195487.56","130618.914"
"20","A20","40","87791.51","197027.58","130492.51"
"20","A20","41","88087.45","198471.28","130394.59"
"20","A20","42","88332.27","199678.69","130571.98"
"20","A20","43","88525.805","201102.8","130678.836"
"20","A20","44","88850.625","202307.25","130609.81"
"20","A20","45","89132.2","203783.25","130519.16"
"20","A20","46","88975.41","204828.3","130628.766"
"20","A20","47","89307.58","206157.58","130569.47"
"20","A20","48","89525.81","207678.3","130465.72"
"20","A20","49","89786.11","208881.16","130517.055"
"20","A20","50","89986.35","209980.73","130488.734"
"20","A20","51","90049.24","211082.95","130641.445"
"20","A20","52","90389.22","212142.17","130455.95"
"20","A20","53","90405.51","213115.14","130357.61"
"20","A20","54","90415.23","214299.58","130589.77"
"20","A20","55","90709.39","215596.9","130640.04"
"20","A20","56","90926.9","216684.89","130585.19"
"20","A20","57","90989.93","218036.75","130667.875"
"20","A20","58","91014.73","219201.9","130627.56"
"20","A20","59","91244.69","220339.05","130486.02"
"20","A20","60","91496.875","221469.75","130415.49"
"20","A20","61","91591.38","222682.97","130520.61"
"20","A20","62","91668.805","223301.03","130596.266"
"20","A20","63","91952.086","224631.92","130479.85"
"20","A20","64","92405.24","225955.64","130370.2"
"20","A20","65","92564.95","227324.52","130449.195"
"20","A20","66","92813.375","229150.22","130436.14"
"20","A20","67","93427.26","231057.62","130367.83"
"20","A20","68","94457.36","233331.27","130525.695"
"20","A20","69","95505.64","235973.6","130606.4"
"20","A20","70","97069.79","239459.64","130640.86"
"20","A20","71","99249.484","243678.0","130597.21"
"20","A20","72","102003.51","248486.23","130665.96"
"20","A20","73","104889.664","253653.27","130571.484"
"20","A20","74","108102.42","259334.05","130442.18"
"20","A20","75","111555.27","265733.28","130481.945"
"20","A20","76","115145.35","272413.78","130633.945"
"20","A20","77","118990.125","278869.0","130614.21"
"20","A20","78","122932.17","285636.94","130623.2"
"20","A20","79","127399.945","292436.75","130669.33"
"20","A20","80","131845.89","299115.44","130704.766"
"20","A20","81","136121.19","305902.16","130777.58"
"20","A20","82","140114.25","313058.1","130740.51"
"20","A20","83","144979.25","319862.03","130922.91"
"20","A20","84","150134.39","327095.8","130867.086"
"20","A20","85","155215.0","334205.62","130717.13"
"20","A20","86","160459.36","341196.0","130700.16"
"20","A20","87","165834.66","348056.1","131154.48"
"20","A20","88","171294.7","355806.03","131204.44"
"20","A20","89","176884.8","363054.75","131244.06"
"20","A20","90","181861.56","369331.3","131346.3"
"21","A21","1","58445.316","54642.824","115016.62"
"21","A21","2","58365.81","54673.83","114942.914"
"21","A21","3","58127.824","55072.004","114776.49"
"21","A21","4","57929.668","55484.11","114455.61"
"21","A21","5","57919.96","56032.26","114459.32"
"21","A21","6","58076.363","56484.207","114752.3"
"21","A21","7","58186.363","56499.47","114670.32"
"21","A21","8","58042.33","56675.566","114619.086"
"21","A21","9","57979.27","56958.875","114696.33"
"21","A21","10","57979.355","57023.68","114644.87"
"21","A21","11","57973.35","57084.28","114570.1"
"21","A21","12","58027.24","57649.746","114475.695"
"21","A21","13","58095.1","58160.715","114465.164"
"21","A21","14","58212.758","59030.887","114579.016"
"21","A21","15","58188.754","60745.574","114644.87"
"21","A21","16","58209.777","63784.266","114767.58"
"21","A21","17","58516.652","68308.21","114772.6"
"21","A21","18","58750.58","74639.375","114860.88"
"21","A21","19","59184.812","82574.62","114982.86"
"21","A21","20","59757.47","90978.17","115274.195"
"21","A21","21","60310.152","98839.945","115485.29"
"21","A21","22","60882.62","105837.19","115598.52"
"21","A21","23","61489.25","112289.09","115585.63"
"21","A21","24","62081.402","118418.33","115766.96"
"21","A21","25","62710.312","124704.695","115778.8"
"21","A21","26","63491.336","131470.17","115780.836"
"21","A21","27","64105.457","139076.73","116172.71"
"21","A21","28","65035.92","146367.05","116277.32"
"21","A21","29","66212.305","153097.94","116241.25"
"21","A21","30","67572.195","158807.89","116344.82"
"21","A21","31","68613.3","162953.02","116514.01"
"21","A21","32","69522.89","166144.89","116522.11"
"21","A21","33","70370.086","168856.77","116770.33"
"21","A21","34","70789.87","170611.28","116887.74"
"21","A21","35","71104.68","172263.62","116823.57"
"21","A21","36","71339.13","174229.4","116690.805"
"21","A21","37","71703.59","175569.8","116620.89"
"21","A21","38","71971.16","176954.9","116806.83"
"21","A21","39","72018.12","178547.33","116786.63"
"21","A21","40","72126.0","179786.0","116774.26"
"21","A21","41","72265.14","181280.58","116723.555"
"21","A21","42","72494.28","182432.27","116675.78"
"21","A21","43","72535.69","183845.02","116803.0"
"21","A21","44","72604.36","185223.53","116791.9"
"21","A21","45","72874.336","186311.19","116776.47"
"21","A21","46","72960.01","187297.5","116561.83"
"21","A21","47","73139.43","188897.28","116415.414"
"21","A21","48","73283.52","190004.55","116572.54"
"21","A21","49","73310.03","190998.73","116967.52"
"21","A21","50","73386.01","192064.38","116930.97"
"21","A21","51","73571.25","193185.8","116795.1"
"21","A21","52","73896.53","194568.67","116807.03"
"21","A21","53","73847.45","195574.72","116839.336"
"21","A21","54","73838.78","196441.14","116798.45"
"21","A21","55","73944.53","197826.08","116809.15"
"21","A21","56","74113.06","199030.34","116700.42"
"21","A21","57","74191.625","200344.11","116726.96"
"21","A21","58","74218.95","201407.33","116898.29"
"21","A21","59","74412.49","202539.83","116953.17"
"21","A21","60","74513.375","203200.25","116815.86"
"21","A21","61","74716.67","204615.38","116552.64"
"21","A21","62","74899.66","205798.23","116464.48"
"21","A21","63","75027.914","206872.39","116738.31"
"21","A21","64","75146.016","208716.42","116737.984"
"21","A21","65","75257.22","210386.6","116888.55"
"21","A21","66","75404.6","211894.81","116904.86"
"21","A21","67","75594.05","213922.58","116851.45"
"21","A21","68","75746.3","216266.1","117114.53"
"21","A21","69","76462.35","219026.52","117147.44"
"21","A21","70","77158.56","222509.83","117174.67"
"21","A21","71","77992.87","226545.92","117197.945"
"21","A21","72","78773.516","232049.19","116905.52"
"21","A21","73","80324.516","237913.44","116800.2"
"21","A21","74","81973.77","244028.22","117110.2"
"21","A21","75","83824.46","250544.4","117154.51"
"21","A21","76","85937.84","257717.38","117445.34"
"21","A21","77","87817.18","265102.38","117425.016"
"21","A21","78","89946.18","272556.62","117562.05"
"21","A21","79","92278.59","279959.1","117747.81"
"21","A21","80","94652.37","287532.28","117932.42"
"21","A21","81","97179.15","295054.34","117922.195"
"21","A21","82","99975.016","302726.06","118060.87"
"21","A21","83","102850.0","310326.1","118247.57"
"21","A21","84","105970.35","317993.84","118421.62"
"21","A21","85","108934.01","325600.44","118432.05"
"21","A21","86","112328.05","333338.3","118402.77"
"21","A21","87","115693.664","341162.6","118430.18"
"21","A21","88","119360.87","348993.2","118384.234"
"21","A21","89","122889.086","356660.3","118335.26"
"21","A21","90","126012.0","363508.3","118168.79"
"22","A22","1","58685.89","58540.18","125523.63"
"22","A22","2","58658.42","58570.336","125502.56"
"22","A22","3","58553.36","59090.016","125423.8"
"22","A22","4","58476.137","59970.348","125500.52"
"22","A22","5","58484.2","60389.793","125865.38"
"22","A22","6","58629.75","60730.26","125841.9"
"22","A22","7","58829.656","60967.637","125829.625"
"22","A22","8","58824.78","61120.082","126079.17"
"22","A22","9","58792.42","61282.297","126138.266"
"22","A22","10","58715.72","61538.418","126092.836"
"22","A22","11","58686.11","61850.027","126040.84"
"22","A22","12","58788.355","62205.367","126067.945"
"22","A22","13","58820.81","62589.723","126189.47"
"22","A22","14","58639.457","63594.965","126230.0"
"22","A22","15","58620.312","65326.82","126190.17"
"22","A22","16","58845.71","68373.55","126225.65"
"22","A22","17","58972.516","73215.195","126260.71"
"22","A22","18","59108.797","79591.08","126322.03"
"22","A22","19","59352.4","87787.37","126536.59"
"22","A22","20","59790.406","96749.97","126837.234"
"22","A22","21","60091.508","105261.21","126882.71"
"22","A22","22","60697.637","113386.91","127087.82"
"22","A22","23","61520.973","120749.086","127129.29"
"22","A22","24","62203.65","127301.57","127088.98"
"22","A22","25","62825.04","134373.36","127322.53"
"22","A22","26","63399.53","141658.73","127468.93"
"22","A22","27","63847.49","149588.38","127615.6"
"22","A22","28","64373.84","157404.67","127766.055"
"22","A22","29","65064.742","164602.28","127966.63"
"22","A22","30","66106.77","170733.92","128080.945"
"22","A22","31","66995.8","175911.92","128135.53"
"22","A22","32","67679.234","179616.81","128047.98"
"22","A22","33","68198.6","182193.77","127936.14"
"22","A22","34","68604.914","184328.67","128097.92"
"22","A22","35","68686.9","186283.3","128293.67"
"22","A22","36","69002.97","187932.34","128284.46"
"22","A22","37","69157.14","189564.47","128226.95"
"22","A22","38","69363.55","191085.58","128305.9"
"22","A22","39","69501.06","192421.19","128309.914"
"22","A22","40","69666.766","193656.58","128241.984"
"22","A22","41","69770.52","194821.16","128150.664"
"22","A22","42","69896.984","196475.28","128313.44"
"22","A22","43","69944.65","197915.23","128250.34"
"22","A22","44","69837.17","199456.08","128155.13"
"22","A22","45","70084.41","200555.17","128266.6"
"22","A22","46","70240.305","201606.92","128264.77"
"22","A22","47","70316.27","202804.61","128191.516"
"22","A22","48","70270.39","204283.9","128381.86"
"22","A22","49","70376.09","205656.08","128356.89"
"22","A22","50","70399.75","206550.88","128297.72"
"22","A22","51","70541.63","207791.44","128392.555"
"22","A22","52","70661.94","208919.95","128340.14"
"22","A22","53","70720.62","210206.27","128241.46"
"22","A22","54","70801.06","211307.61","128151.055"
"22","A22","55","70833.12","212273.12","128231.46"
"22","A22","56","70934.21","213898.28","128184.805"
"22","A22","57","71021.9","215041.55","128293.234"
"22","A22","58","71159.57","215843.17","128189.47"
"22","A22","59","71302.46","217194.64","128098.125"
"22","A22","60","71228.6","218020.81","128321.914"
"22","A22","61","71174.78","219049.89","128259.4"
"22","A22","62","71370.87","220326.36","128219.03"
"22","A22","63","71493.94","221538.34","128119.37"
"22","A22","64","71551.62","222885.52","128177.914"
"22","A22","65","71773.445","223826.2","128107.445"
"22","A22","66","71880.94","225270.69","128171.64"
"22","A22","67","71984.95","226398.06","128112.04"
"22","A22","68","72113.14","227542.5","128196.94"
"22","A22","69","72183.51","229309.42","128090.195"
"22","A22","70","72270.875","231518.78","127941.92"
"22","A22","71","72506.64","233595.16","127970.05"
"22","A22","72","72891.5","236580.83","128019.016"
"22","A22","73","73519.945","240083.78","128036.086"
"22","A22","74","74664.69","244683.33","128201.055"
"22","A22","75","75841.11","249924.5","128287.26"
"22","A22","76","76937.85","255418.67","128296.31"
"22","A22","77","78390.33","261119.05","128314.266"
"22","A22","78","80145.43","267447.6","128742.78"
"22","A22","79","81810.9","273980.34","128758.66"
"22","A22","80","83537.125","280364.97","128924.05"
"22","A22","81","85311.15","286731.94","129034.0"
"22","A22","82","87323.39","293130.84","129045.3"
"22","A22","83","89501.37","300138.06","128910.58"
"22","A22","84","91911.09","306440.28","128912.266"
"22","A22","85","94194.68","313180.0","129117.82"
"22","A22","86","96639.49","319946.03","129204.43"
"22","A22","87","99152.234","326858.6","129434.22"
"22","A22","88","101981.586","333453.03","129324.77"
"22","A22","89","104862.47","340513.75","129200.914"
"22","A22","90","107513.18","347136.56","129183.63"
"23","A23","1","59848.617","61825.65","119814.85"
"23","A23","2","59774.254","61926.277","119822.94"
"23","A23","3","59739.195","62891.188","119959.35"
"23","A23","4","59751.367","63625.383","120135.52"
"23","A23","5","59797.316","64123.3","120252.67"
"23","A23","6","59999.24","64399.92","120518.31"
"23","A23","7","60054.6","64675.918","120439.2"
"23","A23","8","60063.363","64962.75","120390.17"
"23","A23","9","59920.707","65199.35","120584.88"
"23","A23","10","59877.19","65302.47","120671.14"
"23","A23","11","59948.098","65358.773","120490.24"
"23","A23","12","59984.93","65768.54","120411.19"
"23","A23","13","60173.152","66327.59","120532.49"
"23","A23","14","60185.797","67567.98","120627.07"
"23","A23","15","60248.68","69333.02","120697.86"
"23","A23","16","60304.945","72339.055","120737.984"
"23","A23","17","60302.85","76913.56","120765.06"
"23","A23","18","60540.36","83303.76","120836.54"
"23","A23","19","60944.6","91119.87","121088.54"
"23","A23","20","61406.996","100030.57","121133.95"
"23","A23","21","62034.77","108725.7","121120.54"
"23","A23","22","62586.38","116595.37","121125.04"
"23","A23","23","63150.89","123549.19","121459.36"
"23","A23","24","63626.58","130330.445","121436.7"
"23","A23","25","63944.3","137409.84","121326.3"
"23","A23","26","64290.74","144944.42","121387.9"
"23","A23","27","64781.24","152841.61","121538.51"
"23","A23","28","64942.46","160866.38","121710.74"
"23","A23","29","65037.734","167738.12","121795.44"
"23","A23","30","65278.76","173981.11","121814.25"
"23","A23","31","65599.6","179260.2","121736.055"
"23","A23","32","65731.37","183275.19","121828.03"
"23","A23","33","65852.64","186220.97","121902.82"
"23","A23","34","66237.66","188522.66","121952.95"
"23","A23","35","66434.86","190336.12","122031.234"
"23","A23","36","66297.11","192165.77","122141.61"
"23","A23","37","66410.25","193620.39","122168.484"
"23","A23","38","66520.445","195109.34","122064.06"
"23","A23","39","66534.016","196363.06","122095.37"
"23","A23","40","66534.125","198005.89","122170.69"
"23","A23","41","66393.12","199511.73","122241.375"
"23","A23","42","66579.24","200582.45","122160.766"
"23","A23","43","66600.32","202057.36","122045.64"
"23","A23","44","66565.336","203502.94","121930.85"
"23","A23","45","66662.93","204809.03","121964.234"
"23","A23","46","66792.86","206172.25","121913.31"
"23","A23","47","66771.96","207090.55","122072.65"
"23","A23","48","66898.03","208410.61","122108.06"
"23","A23","49","66952.58","209556.03","122061.625"
"23","A23","50","66893.19","211012.53","122009.586"
"23","A23","51","66922.305","212446.73","121926.32"
"23","A23","52","66815.1","213711.0","122050.51"
"23","A23","53","66782.18","214607.77","122038.77"
"23","A23","54","66813.93","215611.61","121991.53"
"23","A23","55","66866.586","216410.05","121956.37"
"23","A23","56","66705.24","217671.98","121987.555"
"23","A23","57","66751.67","219309.53","121992.33"
"23","A23","58","66717.65","220166.92","121883.32"
"23","A23","59","67030.086","221055.14","121891.0"
"23","A23","60","67079.94","222340.06","121959.195"
"23","A23","61","66890.15","223040.22","122015.69"
"23","A23","62","66939.62","224445.33","122107.625"
"23","A23","63","66911.33","225383.5","122043.36"
"23","A23","64","66949.1","226547.95","122117.61"
"23","A23","65","66981.18","227677.64","122076.51"
"23","A23","66","67002.98","228494.86","122060.69"
"23","A23","67","67123.09","229279.75","121861.85"
"23","A23","68","66982.3","230337.52","121766.93"
"23","A23","69","67093.445","231837.78","121975.445"
"23","A23","70","67141.75","233688.58","121899.95"
"23","A23","71","67108.25","234892.03","121781.016"
"23","A23","72","67142.016","236694.5","121788.04"
"23","A23","73","67236.516","238863.06","122071.16"
"23","A23","74","67380.47","241061.27","122131.9"
"23","A23","75","67758.32","244110.97","121924.125"
"23","A23","76","68159.08","248357.77","121794.984"
"23","A23","77","68256.984","253539.2","121920.836"
"23","A23","78","68565.99","259500.7","122056.41"
"23","A23","79","69216.805","266702.12","122276.07"
"23","A23","80","70001.81","275119.8","122380.52"
"23","A23","81","70800.64","283828.4","122346.18"
"23","A23","82","71385.336","292904.53","122519.16"
"23","A23","83","72301.72","302486.62","122570.81"
"23","A23","84","73426.16","312248.03","122511.016"
"23","A23","85","74525.41","322076.16","122714.75"
"23","A23","86","75793.02","332184.66","122686.24"
"23","A23","87","77051.64","342059.06","122859.15"
"23","A23","88","78599.86","351398.88","122958.75"
"23","A23","89","79938.53","361063.7","122902.07"
"23","A23","90","81133.086","369534.88","123146.38"
"24","A24","1","72870.87","58740.65","116123.16"
"24","A24","2","72712.82","58785.68","115993.11"
"24","A24","3","72466.93","59464.074","115882.86"
"24","A24","4","72360.36","60320.844","115924.75"
"24","A24","5","72299.44","60470.42","116173.055"
"24","A24","6","72145.04","60863.19","116334.29"
"24","A24","7","72127.15","61439.72","116341.87"
"24","A24","8","72363.81","61498.527","116361.7"
"24","A24","9","72422.52","61608.13","116339.17"
"24","A24","10","72364.64","61745.8","116007.12"
"24","A24","11","71976.66","61732.195","115618.73"
"24","A24","12","71866.46","62162.434","115586.46"
"24","A24","13","71921.56","62712.184","115828.26"
"24","A24","14","71959.14","63521.19","116020.78"
"24","A24","15","71812.555","65137.445","115984.98"
"24","A24","16","71776.3","67921.33","115939.01"
"24","A24","17","71838.695","72191.266","116037.305"
"24","A24","18","72003.84","78258.336","116155.125"
"24","A24","19","72193.55","85893.12","116188.15"
"24","A24","20","72719.945","94339.45","116396.195"
"24","A24","21","73184.18","102433.5","116626.49"
"24","A24","22","73477.71","110266.5","116954.945"
"24","A24","23","73834.805","117459.66","117036.45"
"24","A24","24","74401.49","123952.74","117097.89"
"24","A24","25","74950.195","130645.69","117136.97"
"24","A24","26","74991.2","137813.36","117091.17"
"24","A24","27","74956.3","145497.77","117219.12"
"24","A24","28","74857.35","153068.33","117244.34"
"24","A24","29","74702.945","160389.5","117581.43"
"24","A24","30","74745.04","166813.84","117696.05"
"24","A24","31","74942.89","171756.78","117636.74"
"24","A24","32","74820.164","175483.53","117534.41"
"24","A24","33","74621.52","178838.36","117683.29"
"24","A24","34","74493.26","181275.69","118010.36"
"24","A24","35","74610.5","183439.58","118092.78"
"24","A24","36","74661.58","185440.03","118147.18"
"24","A24","37","74903.945","186918.22","118074.914"
"24","A24","38","74819.67","188081.3","118110.31"
"24","A24","39","74643.586","189650.72","118131.95"
"24","A24","40","74559.51","190960.97","118017.09"
"24","A24","41","74391.086","192910.92","118002.94"
"24","A24","42","74307.34","193885.12","117937.68"
"24","A24","43","74574.3","195153.1","117866.71"
"24","A24","44","74715.08","196648.84","118071.766"
"24","A24","45","74360.08","198064.34","118107.695"
"24","A24","46","74143.555","199573.45","118427.44"
"24","A24","47","74165.06","201081.61","118438.88"
"24","A24","48","74332.82","202395.06","118272.44"
"24","A24","49","74348.875","203489.78","118116.52"
"24","A24","50","74228.05","204528.05","118146.32"
"24","A24","51","74050.92","205801.77","118249.555"
"24","A24","52","73897.89","206941.02","118137.92"
"24","A24","53","73839.75","208034.94","118084.95"
"24","A24","54","73848.61","209028.58","118092.42"
"24","A24","55","73789.516","210588.27","118021.22"
"24","A24","56","73875.234","211646.55","118191.63"
"24","A24","57","73801.266","213160.45","118237.21"
"24","A24","58","73689.93","214349.36","118123.52"
"24","A24","59","73485.54","215539.31","118125.69"
"24","A24","60","73388.61","215939.34","118057.74"
"24","A24","61","73535.836","216816.89","118037.12"
"24","A24","62","73453.64","218922.16","118048.36"
"24","A24","63","73357.25","220444.6","117973.766"
"24","A24","64","73389.72","221528.6","117850.805"
"24","A24","65","73294.23","223092.83","117855.77"
"24","A24","66","73198.98","224582.2","117799.58"
"24","A24","67","73162.01","226365.6","118053.63"
"24","A24","68","73464.305","228847.9","118385.125"
"24","A24","69","73701.96","230882.98","118394.41"
"24","A24","70","73742.56","233262.42","118399.34"
"24","A24","71","73667.75","235530.25","118201.38"
"24","A24","72","73670.234","237847.05","118063.164"
"24","A24","73","73733.92","240269.27","118223.25"
"24","A24","74","73992.17","243518.98","118421.445"
"24","A24","75","74179.57","246712.25","118525.14"
"24","A24","76","74292.11","249351.19","118430.305"
"24","A24","77","74740.68","252592.52","118519.35"
"24","A24","78","75099.57","256407.58","118767.27"
"24","A24","79","75712.11","259850.92","118729.39"
"24","A24","80","76083.66","264114.78","118884.836"
"24","A24","81","76523.47","268543.44","118999.836"
"24","A24","82","77097.836","272357.75","119048.89"
"24","A24","83","77840.64","276064.7","118917.29"
"24","A24","84","78632.62","280302.66","118930.93"
"24","A24","85","79149.06","284524.6","119106.76"
"24","A24","86","79640.7","289261.94","119254.01"
"24","A24","87","80547.02","294613.6","119097.484"
"24","A24","88","81242.625","299215.28","118959.195"
"24","A24","89","82100.71","305890.12","119192.24"
"24","A24","90","82871.01","311695.12","119452.53"
"25","B1","1","79192.67","61547.664","147127.22"
"25","B1","2","79063.34","61565.652","146877.97"
"25","B1","3","78859.6","61791.742","146373.6"
"25","B1","4","78757.53","61919.56","145893.03"
"25","B1","5","78622.734","61990.137","145612.16"
"25","B1","6","78597.836","62496.2","145583.14"
"25","B1","7","78690.43","63174.8","145678.78"
"25","B1","8","79029.734","63798.43","145756.61"
"25","B1","9","79592.625","64456.17","145812.14"
"25","B1","10","80462.805","66093.04","145828.34"
"25","B1","11","82336.74","69139.95","145948.55"
"25","B1","12","85627.42","73973.125","145957.39"
"25","B1","13","90365.586","81631.516","146036.73"
"25","B1","14","96808.14","91893.805","146280.9"
"25","B1","15","104740.84","104269.195","146472.1"
"25","B1","16","114279.56","117461.72","146870.31"
"25","B1","17","125509.54","129259.06","147157.31"
"25","B1","18","139594.28","139744.0","147100.0"
"25","B1","19","155714.52","148582.72","147076.48"
"25","B1","20","172386.31","155207.75","147248.84"
"25","B1","21","187009.17","159923.66","147361.42"
"25","B1","22","198152.47","163548.67","147504.19"
"25","B1","23","205881.47","166587.14","147410.08"
"25","B1","24","210646.08","168789.03","147309.16"
"25","B1","25","213829.67","170365.94","147397.83"
"25","B1","26","216424.94","172100.8","147447.4"
"25","B1","27","218264.55","174428.14","147895.9"
"25","B1","28","219706.7","176463.28","147869.58"
"25","B1","29","221354.78","177822.39","147757.42"
"25","B1","30","222373.56","179696.2","147763.3"
"25","B1","31","223410.88","181102.75","147705.78"
"25","B1","32","223972.39","182518.48","147854.34"
"25","B1","33","225011.9","183881.64","147847.1"
"25","B1","34","225806.31","185053.05","147970.92"
"25","B1","35","226616.19","186688.73","148072.97"
"25","B1","36","227532.3","188384.72","147986.97"
"25","B1","37","228129.19","189947.7","148044.53"
"25","B1","38","228567.48","190866.78","148090.6"
"25","B1","39","228916.11","192125.22","147989.45"
"25","B1","40","229585.36","193177.39","148016.77"
"25","B1","41","230170.55","194440.86","148035.86"
"25","B1","42","230876.47","195477.66","148074.17"
"25","B1","43","231236.34","196818.67","148162.94"
"25","B1","44","231831.0","198020.31","148160.48"
"25","B1","45","232513.02","199358.78","148081.72"
"25","B1","46","232764.16","200674.2","147954.55"
"25","B1","47","233584.42","201567.88","147995.78"
"25","B1","48","233707.84","203040.67","148075.02"
"25","B1","49","234253.31","204210.88","148028.88"
"25","B1","50","234499.0","205046.6","147951.97"
"25","B1","51","235423.28","206283.34","147908.88"
"25","B1","52","236089.45","207610.69","148228.23"
"25","B1","53","236626.89","209167.8","148217.12"
"25","B1","54","237485.47","210728.3","148049.83"
"25","B1","55","238325.73","212528.23","148013.05"
"25","B1","56","239257.22","214627.69","148279.42"
"25","B1","57","240681.66","217428.42","148425.19"
"25","B1","58","242684.31","220777.16","148417.89"
"25","B1","59","245469.62","224664.81","148298.45"
"25","B1","60","248890.4","229500.1","148327.6"
"25","B1","61","253260.55","235138.47","148345.53"
"25","B1","62","258626.67","241433.98","148422.23"
"25","B1","63","265901.62","248231.4","148361.34"
"25","B1","64","273682.97","255544.23","148571.95"
"25","B1","65","282354.62","262795.66","148811.81"
"25","B1","66","292102.06","270726.8","148883.03"
"25","B1","67","302885.4","278734.03","148959.31"
"25","B1","68","314086.94","286718.44","149208.03"
"25","B1","69","325799.72","294924.06","149190.17"
"25","B1","70","337904.94","302971.12","149444.52"
"25","B1","71","349855.5","310745.03","149563.1"
"25","B1","72","361194.62","318637.0","149584.58"
"25","B1","73","374671.66","326213.03","149617.33"
"25","B1","74","387066.44","333845.53","149609.66"
"25","B1","75","399250.6","340718.9","149621.6"
"25","B1","76","411052.78","347408.9","149724.5"
"25","B1","77","422812.56","353714.12","149327.0"
"25","B1","78","432895.62","358498.62","148690.7"
"25","B1","79","443345.06","362351.0","148369.77"
"25","B1","80","453234.2","366836.88","147991.25"
"25","B1","81","463009.75","371623.53","147334.02"
"25","B1","82","474371.88","375973.2","147131.4"
"25","B1","83","485044.25","380201.06","147260.12"
"25","B1","84","495648.2","385152.0","147125.3"
"25","B1","85","505804.72","389546.12","146792.28"
"25","B1","86","516436.34","393501.38","146583.2"
"25","B1","87","526791.2","398152.66","146471.77"
"25","B1","88","536578.06","403285.4","146427.58"
"25","B1","89","546102.56","407540.72","146387.31"
"25","B1","90","554261.9","410969.8","146516.53"
"26","B2","1","70576.23","58550.617","136827.73"
"26","B2","2","70285.98","58532.773","136411.8"
"26","B2","3","70049.21","58569.934","136025.17"
"26","B2","4","69881.67","58811.773","135769.53"
"26","B2","5","69537.914","59136.945","135611.14"
"26","B2","6","69491.805","59591.28","135630.17"
"26","B2","7","69712.28","59946.367","135540.17"
"26","B2","8","70053.02","60396.69","135549.97"
"26","B2","9","70364.22","61464.99","135606.25"
"26","B2","10","71248.97","63127.906","135765.95"
"26","B2","11","72739.08","66060.02","135816.25"
"26","B2","12","75457.06","71230.125","135869.42"
"26","B2","13","79621.12","78718.25","135965.44"
"26","B2","14","85002.02","88976.44","136115.7"
"26","B2","15","91089.516","100781.48","136316.69"
"26","B2","16","97575.586","112574.5","136295.17"
"26","B2","17","105246.83","123809.66","136530.23"
"26","B2","18","114580.13","133769.62","136573.11"
"26","B2","19","126296.09","141478.33","136762.31"
"26","B2","20","139761.11","147616.95","136693.84"
"26","B2","21","153564.2","152998.36","136788.69"
"26","B2","22","165811.4","157178.39","136874.02"
"26","B2","23","174618.55","160693.88","136814.3"
"26","B2","24","180271.22","163139.94","136892.75"
"26","B2","25","183699.03","165391.89","136810.39"
"26","B2","26","185838.16","167556.53","136758.67"
"26","B2","27","187359.4","169296.27","136794.64"
"26","B2","28","188643.88","170872.22","136972.19"
"26","B2","29","189951.27","172638.72","136897.78"
"26","B2","30","190838.44","174183.75","136760.97"
"26","B2","31","191875.48","175884.38","136801.73"
"26","B2","32","192807.25","177358.77","136823.55"
"26","B2","33","193392.19","178842.19","137087.5"
"26","B2","34","194058.66","180175.42","137020.36"
"26","B2","35","194618.31","181470.52","136972.78"
"26","B2","36","195366.2","182787.98","136861.94"
"26","B2","37","195962.42","184089.17","136957.5"
"26","B2","38","196363.42","185277.81","136861.81"
"26","B2","39","196718.45","186401.3","136923.16"
"26","B2","40","197365.61","187633.48","136946.62"
"26","B2","41","198019.19","188915.47","136870.38"
"26","B2","42","198576.06","190070.0","136976.05"
"26","B2","43","198550.12","191354.4","136878.31"
"26","B2","44","199065.39","192374.55","136932.48"
"26","B2","45","199461.39","193599.27","136950.58"
"26","B2","46","199782.4","194677.52","136830.75"
"26","B2","47","200119.42","195749.94","136882.48"
"26","B2","48","200430.4","197054.83","136785.36"
"26","B2","49","200959.28","198343.16","136897.77"
"26","B2","50","201440.77","199521.08","137014.89"
"26","B2","51","201835.23","200657.31","136993.48"
"26","B2","52","202483.61","201549.55","137125.27"
"26","B2","53","202960.45","202553.38","136998.8"
"26","B2","54","203708.05","203814.58","136934.89"
"26","B2","55","203962.77","205889.28","136968.53"
"26","B2","56","204898.67","207391.11","136938.38"
"26","B2","57","206143.36","209057.95","137033.16"
"26","B2","58","207654.06","210956.16","137244.5"
"26","B2","59","209769.58","213569.9","137257.69"
"26","B2","60","212533.33","216806.75","137119.06"
"26","B2","61","215897.11","220634.64","137209.56"
"26","B2","62","219735.16","224826.1","137279.0"
"26","B2","63","225066.58","229906.61","137149.36"
"26","B2","64","231354.33","235423.9","137140.62"
"26","B2","65","237948.81","241570.95","137066.02"
"26","B2","66","245719.5","248001.94","137332.66"
"26","B2","67","254509.06","255203.61","137435.05"
"26","B2","68","263506.0","262261.22","137309.05"
"26","B2","69","272259.62","269843.47","137194.16"
"26","B2","70","282099.47","277884.88","137449.8"
"26","B2","71","292440.03","285283.75","137418.08"
"26","B2","72","302715.0","293638.53","137266.16"
"26","B2","73","314064.5","301245.25","137341.19"
"26","B2","74","324337.34","309030.47","137303.94"
"26","B2","75","335146.34","316979.84","137419.97"
"26","B2","76","345215.9","324965.1","137471.53"
"26","B2","77","356174.75","332684.3","137327.72"
"26","B2","78","365982.12","340135.28","137079.14"
"26","B2","79","375092.38","346407.44","136543.25"
"26","B2","80","383693.12","351729.3","135666.7"
"26","B2","81","391405.9","357120.0","135095.88"
"26","B2","82","399414.16","362587.75","134676.45"
"26","B2","83","408039.94","368095.94","134337.33"
"26","B2","84","416678.5","373864.38","134016.14"
"26","B2","85","426131.9","379748.53","133656.17"
"26","B2","86","434691.9","385826.28","133266.77"
"26","B2","87","442223.8","391521.5","133178.12"
"26","B2","88","450078.03","397522.7","133199.16"
"26","B2","89","457437.5","402515.88","133140.86"
"26","B2","90","464785.62","407765.3","133121.28"
"27","B3","1","62524.895","57641.477","133934.22"
"27","B3","2","62302.36","57642.508","133639.23"
"27","B3","3","61846.13","57776.95","133079.38"
"27","B3","4","61714.67","58247.266","132669.72"
"27","B3","5","61642.65","58465.426","132535.3"
"27","B3","6","61654.23","58681.29","132443.39"
"27","B3","7","61768.18","59181.547","132427.11"
"27","B3","8","61888.62","59885.34","132450.4"
"27","B3","9","62503.36","60590.387","132510.61"
"27","B3","10","63369.918","62142.934","132791.69"
"27","B3","11","64776.15","65339.74","132928.81"
"27","B3","12","67311.49","70290.83","132979.88"
"27","B3","13","71273.89","77690.86","133129.34"
"27","B3","14","76124.91","87472.32","133421.12"
"27","B3","15","81425.414","99169.805","133509.47"
"27","B3","16","86499.41","111045.484","133933.61"
"27","B3","17","92098.31","122154.24","134186.05"
"27","B3","18","98198.234","131510.94","134130.6"
"27","B3","19","105573.29","139045.44","134186.44"
"27","B3","20","114450.64","145770.44","134411.22"
"27","B3","21","124956.88","151770.48","134615.25"
"27","B3","22","136310.64","157350.84","134728.86"
"27","B3","23","146965.05","162418.02","134746.22"
"27","B3","24","155031.22","166735.97","134760.47"
"27","B3","25","160115.31","170346.11","134797.11"
"27","B3","26","163333.72","172904.48","134896.44"
"27","B3","27","165385.6","175474.95","134851.11"
"27","B3","28","166756.64","177609.61","134812.0"
"27","B3","29","167819.77","179403.16","134870.4"
"27","B3","30","168950.92","180616.53","135083.7"
"27","B3","31","169654.7","182348.28","135038.1"
"27","B3","32","170500.97","183744.31","135141.58"
"27","B3","33","171259.14","185320.1","135217.12"
"27","B3","34","172048.89","186756.11","135114.94"
"27","B3","35","172657.72","187795.11","135110.56"
"27","B3","36","173054.84","189424.52","135051.0"
"27","B3","37","173672.97","190568.62","135224.86"
"27","B3","38","174145.42","191626.98","135190.5"
"27","B3","39","174490.92","192840.95","135371.53"
"27","B3","40","174994.88","194159.64","135501.58"
"27","B3","41","175524.61","195687.98","135287.97"
"27","B3","42","176006.28","197048.45","135124.83"
"27","B3","43","176444.14","198194.56","135209.27"
"27","B3","44","176834.17","198982.1","135287.38"
"27","B3","45","177346.17","200272.72","135351.25"
"27","B3","46","177867.67","201591.92","135293.86"
"27","B3","47","178044.78","202735.05","135334.92"
"27","B3","48","178341.89","203953.88","135504.94"
"27","B3","49","178823.45","204979.56","135416.03"
"27","B3","50","179305.45","206011.58","135411.56"
"27","B3","51","179767.94","207267.77","135437.02"
"27","B3","52","180209.22","208521.2","135384.2"
"27","B3","53","180758.97","209982.86","135201.48"
"27","B3","54","181168.42","211448.39","135064.22"
"27","B3","55","181932.38","213066.97","135227.7"
"27","B3","56","182642.83","215379.6","135484.47"
"27","B3","57","183672.11","218005.58","135456.33"
"27","B3","58","185171.94","221083.05","135412.28"
"27","B3","59","186914.8","224866.38","135511.2"
"27","B3","60","189494.3","229098.33","135448.62"
"27","B3","61","192491.3","234374.47","135563.31"
"27","B3","62","196356.1","240039.62","135707.75"
"27","B3","63","201079.61","245776.05","135914.48"
"27","B3","64","206327.62","252362.55","135958.38"
"27","B3","65","212157.42","259223.34","135999.17"
"27","B3","66","218500.95","266234.22","136114.19"
"27","B3","67","225043.17","273249.94","136225.23"
"27","B3","68","232348.23","280867.8","136377.36"
"27","B3","69","240306.81","288510.7","136636.7"
"27","B3","70","249537.44","296371.8","136635.8"
"27","B3","71","258097.56","304515.97","136806.39"
"27","B3","72","267525.84","312623.7","136825.58"
"27","B3","73","277499.8","321199.28","136999.39"
"27","B3","74","288038.62","329474.75","136995.73"
"27","B3","75","298178.22","337390.12","137231.28"
"27","B3","76","308699.72","345535.34","137184.05"
"27","B3","77","318508.84","353345.78","137089.14"
"27","B3","78","328711.88","360217.12","137087.0"
"27","B3","79","338380.2","366315.97","136762.72"
"27","B3","80","347059.66","372127.3","136235.33"
"27","B3","81","355619.25","377359.72","135880.42"
"27","B3","82","365080.0","382268.34","135590.58"
"27","B3","83","374413.25","387662.03","135268.7"
"27","B3","84","383460.97","392551.25","135086.97"
"27","B3","85","392341.5","398296.12","135113.3"
"27","B3","86","402100.6","404702.47","135079.69"
"27","B3","87","411780.5","409975.25","134890.81"
"27","B3","88","419893.56","415105.5","134738.61"
"27","B3","89","428990.97","420261.8","134753.77"
"27","B3","90","436088.28","423861.38","134732.02"
"28","B4","1","71896.46","63448.977","139169.08"
"28","B4","2","71614.82","63455.043","138992.11"
"28","B4","3","71079.266","63606.21","138625.11"
"28","B4","4","70758.28","64005.586","138438.23"
"28","B4","5","70579.01","64439.727","138488.2"
"28","B4","6","70281.59","64721.285","138419.92"
"28","B4","7","70237.3","65220.05","138448.16"
"28","B4","8","70386.914","65791.64","138520.56"
"28","B4","9","70645.0","66964.695","138407.6"
"28","B4","10","71217.625","68909.414","138425.95"
"28","B4","11","72412.51","72038.234","138455.06"
"28","B4","12","74618.04","77336.97","138527.9"
"28","B4","13","78193.68","85409.16","138730.84"
"28","B4","14","82339.1","96251.91","138709.92"
"28","B4","15","86741.58","108727.15","138759.45"
"28","B4","16","91067.086","121769.26","138813.7"
"28","B4","17","95158.055","133930.66","138845.08"
"28","B4","18","99536.23","144662.03","138923.33"
"28","B4","19","104564.96","153649.83","138929.4"
"28","B4","20","110962.14","161001.95","139120.19"
"28","B4","21","118862.4","167629.4","139175.53"
"28","B4","22","127959.12","174444.61","139217.08"
"28","B4","23","137233.34","181621.48","139252.7"
"28","B4","24","145567.5","188523.72","139164.31"
"28","B4","25","151922.02","194104.19","139103.69"
"28","B4","26","155746.34","198543.7","139275.55"
"28","B4","27","158126.23","201625.62","139352.25"
"28","B4","28","159912.31","204278.77","139311.11"
"28","B4","29","161044.77","206186.88","139303.6"
"28","B4","30","161872.0","208152.25","139160.69"
"28","B4","31","162496.03","210019.27","139162.17"
"28","B4","32","163216.3","211521.03","139134.23"
"28","B4","33","163625.61","213035.31","139185.11"
"28","B4","34","164237.25","214401.06","139458.78"
"28","B4","35","164951.6","215864.03","139338.98"
"28","B4","36","165311.39","217594.95","139237.38"
"28","B4","37","165398.05","219040.23","139378.75"
"28","B4","38","165780.11","220250.1","139327.88"
"28","B4","39","166125.66","221838.62","139301.8"
"28","B4","40","166010.47","223308.08","139178.67"
"28","B4","41","166580.75","224273.92","139246.61"
"28","B4","42","166930.7","225559.6","139195.28"
"28","B4","43","167089.66","226802.22","139282.9"
"28","B4","44","166644.77","228208.77","139221.36"
"28","B4","45","166779.7","229677.25","139210.7"
"28","B4","46","167617.88","230810.45","139367.2"
"28","B4","47","167908.95","231942.12","139397.14"
"28","B4","48","168172.14","233323.45","139321.06"
"28","B4","49","167787.69","234831.7","139142.98"
"28","B4","50","168126.33","236044.08","139159.73"
"28","B4","51","168569.95","237410.97","139385.39"
"28","B4","52","168721.95","238148.88","139271.1"
"28","B4","53","168804.08","239478.16","139086.16"
"28","B4","54","169571.62","241113.47","139160.69"
"28","B4","55","170355.6","242851.75","139363.39"
"28","B4","56","170354.06","244518.75","139277.28"
"28","B4","57","170584.47","246514.23","139114.25"
"28","B4","58","170959.81","249121.1","139177.19"
"28","B4","59","171898.27","252349.72","139228.77"
"28","B4","60","173734.23","255976.03","139133.25"
"28","B4","61","175793.22","260132.72","139307.25"
"28","B4","62","178270.45","265204.25","139315.39"
"28","B4","63","181278.08","270617.1","139154.88"
"28","B4","64","185076.33","277192.78","139152.0"
"28","B4","65","189033.4","283962.97","139136.2"
"28","B4","66","194350.84","290659.3","139015.25"
"28","B4","67","200543.98","298094.8","139124.02"
"28","B4","68","207173.55","306003.78","139100.81"
"28","B4","69","213996.05","314385.66","139036.98"
"28","B4","70","221520.05","322980.66","139118.66"
"28","B4","71","229636.6","332137.78","139062.42"
"28","B4","72","238563.95","341564.2","139070.89"
"28","B4","73","247607.8","350696.38","139002.4"
"28","B4","74","256773.3","360355.47","139278.16"
"28","B4","75","266869.9","370203.5","139375.98"
"28","B4","76","276458.78","379939.22","139326.17"
"28","B4","77","285995.16","389460.9","139239.11"
"28","B4","78","294771.47","398625.3","139159.19"
"28","B4","79","303112.72","407041.7","138616.19"
"28","B4","80","311841.16","414559.28","137906.61"
"28","B4","81","319315.34","420815.4","137534.62"
"28","B4","82","326735.53","426306.4","137038.39"
"28","B4","83","333882.5","432862.5","136602.33"
"28","B4","84","342468.78","439384.5","136256.7"
"28","B4","85","351681.2","445658.22","135953.58"
"28","B4","86","360560.88","451568.53","135576.78"
"28","B4","87","369167.6","457058.94","135437.55"
"28","B4","88","377379.88","463721.7","135338.33"
"28","B4","89","386417.72","470536.97","135193.48"
"28","B4","90","393467.2","475663.34","135158.48"
"29","B5","1","63787.625","67565.76","143124.7"
"29","B5","2","63585.492","67586.42","142810.88"
"29","B5","3","63347.016","67889.49","142559.48"
"29","B5","4","63345.703","68251.39","142331.4"
"29","B5","5","63488.74","68486.445","141938.64"
"29","B5","6","63502.703","68939.61","141930.73"
"29","B5","7","63624.06","69389.39","142287.12"
"29","B5","8","64043.934","70002.86","142447.89"
"29","B5","9","64425.113","70993.06","142498.12"
"29","B5","10","65325.01","72828.77","142503.12"
"29","B5","11","66760.77","76139.484","142699.9"
"29","B5","12","69362.32","81636.625","142735.25"
"29","B5","13","73164.49","89853.13","142941.56"
"29","B5","14","77898.13","100688.65","143109.38"
"29","B5","15","83231.68","113875.46","143500.75"
"29","B5","16","88174.28","127411.766","143663.06"
"29","B5","17","92845.42","140375.69","143875.02"
"29","B5","18","97481.0","151876.06","143939.66"
"29","B5","19","102098.086","161487.8","144013.2"
"29","B5","20","106800.586","169723.92","144335.03"
"29","B5","21","111467.23","177064.97","144576.94"
"29","B5","22","116437.72","184355.83","144581.73"
"29","B5","23","121637.2","193266.17","144712.8"
"29","B5","24","127113.75","202765.25","144724.69"
"29","B5","25","132418.7","212241.6","144740.36"
"29","B5","26","136777.16","220274.38","144787.52"
"29","B5","27","139817.4","225882.78","144870.94"
"29","B5","28","141564.48","229672.95","144945.03"
"29","B5","29","143252.42","232639.78","144858.08"
"29","B5","30","144271.88","234685.12","144979.02"
"29","B5","31","145165.64","236704.61","145127.98"
"29","B5","32","145806.38","238804.12","145306.9"
"29","B5","33","146396.16","240518.7","145325.0"
"29","B5","34","147033.17","242077.61","145285.9"
"29","B5","35","147601.62","243496.27","145292.5"
"29","B5","36","148030.25","245072.92","145231.88"
"29","B5","37","148455.64","246920.98","145425.62"
"29","B5","38","148943.61","248566.16","145436.58"
"29","B5","39","149280.55","249836.83","145399.94"
"29","B5","40","149641.89","250951.75","145369.23"
"29","B5","41","149982.55","252537.53","145409.25"
"29","B5","42","150221.58","254061.16","145507.58"
"29","B5","43","150577.75","255399.02","145456.17"
"29","B5","44","150914.23","256786.58","145664.4"
"29","B5","45","151306.9","258210.42","145547.98"
"29","B5","46","151766.39","259164.84","145428.47"
"29","B5","47","151995.9","260627.11","145496.5"
"29","B5","48","152105.31","261802.34","145513.9"
"29","B5","49","152390.47","263148.72","145387.39"
"29","B5","50","152961.27","264441.6","145353.56"
"29","B5","51","153364.97","265582.2","145268.11"
"29","B5","52","153532.94","267305.06","145451.47"
"29","B5","53","153827.66","268547.44","145432.64"
"29","B5","54","154060.67","269856.44","145402.89"
"29","B5","55","154072.69","271572.25","145504.88"
"29","B5","56","154640.23","273175.22","145587.05"
"29","B5","57","155196.12","274668.53","145512.66"
"29","B5","58","155964.19","276931.72","145351.67"
"29","B5","59","156936.3","279241.53","145347.58"
"29","B5","60","157762.67","282388.9","145445.02"
"29","B5","61","158965.22","285760.34","145558.61"
"29","B5","62","160606.34","289569.6","145617.03"
"29","B5","63","162724.3","293902.9","145725.05"
"29","B5","64","165077.44","298969.1","145827.45"
"29","B5","65","168295.31","304272.38","145966.1"
"29","B5","66","172112.92","310115.12","145937.56"
"29","B5","67","176539.38","316318.7","146041.08"
"29","B5","68","181461.89","322692.6","146093.98"
"29","B5","69","187089.55","329537.78","146098.56"
"29","B5","70","193313.72","336598.66","146276.3"
"29","B5","71","199809.1","343892.88","146237.12"
"29","B5","72","206546.4","351948.9","146377.86"
"29","B5","73","214683.2","359973.8","146418.73"
"29","B5","74","222229.42","368476.1","146489.5"
"29","B5","75","230893.2","377328.9","146662.34"
"29","B5","76","239088.28","386617.66","146723.75"
"29","B5","77","248217.77","396822.34","146601.78"
"29","B5","78","256852.0","405780.28","146730.38"
"29","B5","79","266334.9","414275.34","146718.33"
"29","B5","80","274200.12","423183.25","146389.4"
"29","B5","81","281627.94","430672.53","145695.42"
"29","B5","82","288696.34","437792.1","145103.98"
"29","B5","83","296071.72","444790.38","144797.28"
"29","B5","84","304229.28","452061.34","144499.89"
"29","B5","85","311968.84","459338.94","144290.78"
"29","B5","86","319537.47","466501.78","144167.94"
"29","B5","87","327901.62","473901.8","144091.9"
"29","B5","88","335904.53","480805.06","143944.84"
"29","B5","89","343452.7","487280.97","143748.27"
"29","B5","90","350272.12","493587.2","143598.78"
"30","B6","1","70778.46","66110.27","141055.16"
"30","B6","2","70579.37","66135.06","140767.2"
"30","B6","3","70178.72","66520.164","140561.06"
"30","B6","4","70044.484","67062.086","140468.48"
"30","B6","5","69936.57","67359.62","140419.0"
"30","B6","6","69970.31","67693.29","140444.08"
"30","B6","7","70240.59","68070.49","140447.05"
"30","B6","8","70412.94","68729.15","140258.86"
"30","B6","9","70594.86","69891.97","140215.72"
"30","B6","10","71334.19","71563.44","140297.53"
"30","B6","11","73005.29","74578.375","140538.69"
"30","B6","12","75528.68","79822.086","140750.64"
"30","B6","13","79119.83","87986.164","140796.11"
"30","B6","14","83618.3","98880.945","140971.64"
"30","B6","15","88709.48","111604.086","141355.81"
"30","B6","16","93458.94","124739.02","141490.38"
"30","B6","17","97793.39","137617.66","141724.34"
"30","B6","18","102502.8","148710.84","141745.06"
"30","B6","19","107144.99","158322.66","141954.89"
"30","B6","20","111717.76","166265.02","142013.11"
"30","B6","21","116488.5","173651.98","142024.17"
"30","B6","22","121331.516","181490.53","142217.44"
"30","B6","23","126338.27","190052.08","142335.08"
"30","B6","24","131675.84","199609.5","142562.72"
"30","B6","25","137028.47","208880.08","142687.7"
"30","B6","26","141481.08","216793.19","142720.92"
"30","B6","27","144458.53","222679.83","142894.89"
"30","B6","28","146451.39","226430.45","142771.66"
"30","B6","29","147711.62","229193.72","142668.28"
"30","B6","30","148705.75","231370.56","142863.33"
"30","B6","31","149869.56","233473.34","142822.0"
"30","B6","32","150419.28","235207.22","142781.27"
"30","B6","33","150975.2","236935.48","142688.94"
"30","B6","34","151533.16","238466.7","142812.81"
"30","B6","35","151932.61","240135.2","142885.08"
"30","B6","36","152166.55","241624.42","142827.98"
"30","B6","37","152554.02","243162.98","142966.47"
"30","B6","38","152861.66","244329.23","142935.23"
"30","B6","39","153280.8","245711.53","142827.06"
"30","B6","40","153668.38","247125.2","142898.08"
"30","B6","41","154064.77","248664.12","142982.36"
"30","B6","42","154488.33","250039.88","143121.12"
"30","B6","43","154643.83","251315.78","143130.22"
"30","B6","44","155087.36","252148.02","143148.03"
"30","B6","45","155180.28","253606.81","143102.62"
"30","B6","46","155425.22","254892.75","143095.8"
"30","B6","47","155608.7","256322.0","143023.64"
"30","B6","48","155857.97","257430.28","142889.64"
"30","B6","49","156296.8","258427.28","142954.23"
"30","B6","50","156496.7","259634.77","143115.73"
"30","B6","51","156671.42","260876.48","143057.7"
"30","B6","52","157098.22","262105.7","142957.23"
"30","B6","53","157095.97","263131.72","142818.95"
"30","B6","54","157414.28","264150.8","142787.34"
"30","B6","55","157614.02","265296.03","142693.94"
"30","B6","56","157820.42","266768.34","142749.52"
"30","B6","57","158062.89","268129.03","142719.89"
"30","B6","58","158264.66","268963.3","142962.2"
"30","B6","59","158341.9","270071.72","142935.95"
"30","B6","60","158708.53","271748.84","142839.38"
"30","B6","61","159216.33","273102.03","143013.2"
"30","B6","62","159738.48","274553.94","142982.7"
"30","B6","63","160180.05","276434.03","142854.47"
"30","B6","64","160990.19","278441.44","142883.7"
"30","B6","65","162025.81","281108.06","142909.56"
"30","B6","66","163351.95","284327.2","142837.98"
"30","B6","67","164907.11","287946.53","142980.05"
"30","B6","68","167087.1","292054.3","142929.39"
"30","B6","69","169873.38","296888.12","143029.33"
"30","B6","70","173554.02","302352.06","143069.39"
"30","B6","71","177930.95","309011.84","143225.22"
"30","B6","72","183181.95","316267.12","143274.58"
"30","B6","73","189431.67","323964.44","143354.14"
"30","B6","74","196397.95","332660.28","143262.17"
"30","B6","75","203963.62","342328.7","143188.75"
"30","B6","76","212487.52","351755.53","143508.02"
"30","B6","77","221181.78","361819.2","143563.92"
"30","B6","78","229739.1","372254.22","143625.14"
"30","B6","79","238600.08","382827.0","143886.73"
"30","B6","80","247657.94","393349.56","144052.55"
"30","B6","81","256809.53","403757.6","143989.86"
"30","B6","82","265571.53","414293.8","143946.22"
"30","B6","83","273791.3","424647.38","143995.58"
"30","B6","84","282563.56","434657.44","143874.05"
"30","B6","85","290445.47","444536.16","143761.86"
"30","B6","86","298232.22","452232.8","143110.7"
"30","B6","87","305301.94","458915.2","142352.23"
"30","B6","88","311755.6","465361.5","141889.12"
"30","B6","89","318400.47","472729.7","141623.92"
"30","B6","90","324867.75","478624.7","141484.16"
"31","B7","1","70091.27","64135.113","143806.64"
"31","B7","2","69995.44","64170.742","143691.31"
"31","B7","3","69835.83","64615.355","143524.11"
"31","B7","4","69727.15","64991.93","143305.31"
"31","B7","5","69702.984","65341.348","143001.14"
"31","B7","6","69703.27","65725.18","142962.97"
"31","B7","7","69722.15","66321.984","143157.94"
"31","B7","8","69866.88","66826.87","143172.44"
"31","B7","9","70281.3","67765.89","143141.92"
"31","B7","10","71216.53","69458.15","143248.17"
"31","B7","11","72864.2","72486.9","143385.38"
"31","B7","12","75412.69","77462.914","143332.0"
"31","B7","13","79215.484","85184.445","143287.5"
"31","B7","14","84369.52","95548.1","143431.31"
"31","B7","15","89532.03","107918.875","143672.9"
"31","B7","16","94353.2","120817.22","143904.02"
"31","B7","17","99250.695","133146.8","144028.06"
"31","B7","18","103678.3","143992.83","144004.4"
"31","B7","19","107996.086","153175.81","144119.1"
"31","B7","20","112346.57","160803.34","144155.95"
"31","B7","21","116491.984","167654.4","144512.55"
"31","B7","22","119806.73","175312.23","144669.03"
"31","B7","23","122544.42","184236.97","144747.0"
"31","B7","24","124965.055","194633.75","144786.22"
"31","B7","25","127222.664","205354.31","144815.39"
"31","B7","26","129533.89","214659.31","145236.39"
"31","B7","27","131232.17","222121.6","145443.36"
"31","B7","28","132292.62","226788.94","145442.64"
"31","B7","29","133238.08","230198.39","145577.34"
"31","B7","30","133940.11","232682.66","145664.67"
"31","B7","31","134357.69","234631.36","145664.72"
"31","B7","32","134893.75","236475.06","145571.45"
"31","B7","33","135462.53","238142.88","145442.47"
"31","B7","34","135923.38","240034.0","145330.19"
"31","B7","35","136162.86","241604.0","145470.84"
"31","B7","36","136483.22","243246.9","145567.61"
"31","B7","37","137033.89","244705.4","145565.73"
"31","B7","38","137110.31","246403.64","145577.12"
"31","B7","39","137250.11","247763.36","145466.16"
"31","B7","40","137449.03","248992.25","145366.64"
"31","B7","41","137536.22","250209.06","145537.39"
"31","B7","42","137742.36","251676.83","145538.23"
"31","B7","43","138140.45","253178.02","145599.66"
"31","B7","44","138470.42","254606.17","145590.2"
"31","B7","45","138613.66","255569.66","145439.5"
"31","B7","46","138777.25","257159.69","145404.78"
"31","B7","47","139026.69","258639.48","145631.03"
"31","B7","48","139114.0","259646.19","145659.28"
"31","B7","49","139211.55","260519.78","145623.64"
"31","B7","50","139480.98","261874.75","145502.75"
"31","B7","51","139660.58","263139.1","145529.08"
"31","B7","52","140033.97","264231.06","145538.17"
"31","B7","53","140176.88","265527.6","145467.69"
"31","B7","54","140373.61","266962.38","145352.0"
"31","B7","55","140600.45","268622.3","145363.84"
"31","B7","56","140987.03","270120.94","145415.14"
"31","B7","57","141498.31","271952.4","145442.64"
"31","B7","58","142065.58","273953.56","145326.78"
"31","B7","59","142856.33","276392.4","145383.5"
"31","B7","60","143734.06","279200.56","145651.56"
"31","B7","61","144936.12","282866.72","145553.47"
"31","B7","62","146900.31","286765.56","145416.97"
"31","B7","63","149082.23","291377.9","145557.98"
"31","B7","64","151936.53","296631.53","145786.77"
"31","B7","65","155529.28","302046.4","145912.86"
"31","B7","66","159755.03","308112.84","145934.48"
"31","B7","67","164720.47","314314.66","145882.0"
"31","B7","68","169900.1","320405.7","145970.73"
"31","B7","69","175521.69","326901.8","146018.66"
"31","B7","70","181722.17","333343.28","146137.23"
"31","B7","71","187647.47","339542.75","146162.08"
"31","B7","72","193417.22","345899.6","146161.28"
"31","B7","73","199394.89","352188.9","146390.77"
"31","B7","74","205532.75","358238.97","146494.44"
"31","B7","75","211585.45","363950.25","146392.98"
"31","B7","76","217941.42","369735.78","146341.25"
"31","B7","77","223754.3","375670.16","146302.17"
"31","B7","78","229588.72","381068.8","146446.55"
"31","B7","79","235495.45","385943.2","146291.42"
"31","B7","80","241488.61","390478.12","145914.64"
"31","B7","81","247108.06","394595.66","145245.6"
"31","B7","82","252105.8","398150.6","144609.16"
"31","B7","83","257940.97","402076.6","144229.52"
"31","B7","84","263371.03","406614.94","143949.97"
"31","B7","85","270007.25","411839.22","143456.72"
"31","B7","86","276602.94","417602.25","143270.64"
"31","B7","87","283364.16","423123.88","143144.73"
"31","B7","88","289826.62","429711.06","142890.84"
"31","B7","89","296392.78","436556.2","142891.12"
"31","B7","90","302079.5","441836.2","143149.17"
"32","B8","1","71057.99","65922.98","144862.28"
"32","B8","2","70801.01","65946.36","144695.34"
"32","B8","3","70522.336","66243.84","144201.55"
"32","B8","4","70345.6","66483.805","144078.06"
"32","B8","5","70213.83","66720.766","144086.4"
"32","B8","6","70231.65","67135.25","143965.19"
"32","B8","7","70457.234","67471.22","143976.4"
"32","B8","8","70740.07","68258.836","144154.55"
"32","B8","9","71232.45","69350.57","144190.94"
"32","B8","10","72228.586","70897.914","144289.2"
"32","B8","11","73761.1","73839.484","144307.02"
"32","B8","12","76507.18","78837.1","144501.89"
"32","B8","13","80549.56","86092.93","144792.5"
"32","B8","14","85617.43","96551.01","144957.5"
"32","B8","15","91182.79","109158.71","145149.53"
"32","B8","16","96249.98","122304.7","145335.6"
"32","B8","17","101146.05","134745.02","145487.94"
"32","B8","18","105746.94","145687.6","145656.52"
"32","B8","19","110144.95","154886.44","145766.27"
"32","B8","20","114652.09","162624.73","145737.14"
"32","B8","21","118353.71","169772.75","145905.06"
"32","B8","22","121451.91","177605.31","145919.44"
"32","B8","23","123943.25","186565.98","146265.48"
"32","B8","24","125822.8","196806.39","146597.19"
"32","B8","25","127298.53","208126.98","146541.83"
"32","B8","26","128087.47","218678.55","146521.53"
"32","B8","27","128769.48","227130.69","146736.42"
"32","B8","28","129504.805","233025.84","146954.64"
"32","B8","29","130281.45","237144.5","147029.14"
"32","B8","30","130665.64","240064.69","147070.36"
"32","B8","31","131141.03","241913.97","147068.31"
"32","B8","32","131495.22","243915.53","146938.6"
"32","B8","33","131769.97","245697.77","146986.75"
"32","B8","34","132051.8","247634.8","147166.84"
"32","B8","35","132300.84","249294.38","147126.66"
"32","B8","36","132592.92","250572.8","147100.06"
"32","B8","37","132830.2","252216.19","147289.44"
"32","B8","38","133101.33","253938.45","147356.73"
"32","B8","39","133329.53","255241.6","147367.81"
"32","B8","40","133501.27","256707.19","147255.77"
"32","B8","41","133696.27","258308.77","147340.12"
"32","B8","42","133646.61","259698.03","147350.89"
"32","B8","43","133726.11","260818.94","147182.23"
"32","B8","44","133852.8","262134.72","147050.19"
"32","B8","45","133918.28","263322.5","147029.84"
"32","B8","46","134050.66","264936.34","147160.67"
"32","B8","47","134105.55","266279.1","147143.45"
"32","B8","48","133995.4","267546.1","147052.52"
"32","B8","49","134457.05","268885.06","147151.03"
"32","B8","50","134580.08","269853.97","147238.03"
"32","B8","51","134592.75","271145.28","147112.27"
"32","B8","52","134863.05","272124.34","147115.81"
"32","B8","53","134831.81","273327.06","147244.97"
"32","B8","54","135067.1","274799.06","147102.6"
"32","B8","55","135191.73","276095.94","146952.23"
"32","B8","56","135150.97","277175.4","147031.84"
"32","B8","57","135595.06","278547.94","147165.94"
"32","B8","58","135692.12","279905.12","147097.39"
"32","B8","59","136043.89","281481.3","147010.5"
"32","B8","60","136392.14","283319.9","147271.19"
"32","B8","61","137026.89","285780.72","147302.52"
"32","B8","62","137828.03","288324.03","147209.92"
"32","B8","63","138783.22","291267.84","147095.72"
"32","B8","64","140314.66","294866.88","146976.42"
"32","B8","65","142475.62","298936.53","147144.58"
"32","B8","66","145109.69","303336.56","147315.06"
"32","B8","67","148297.73","308857.6","147294.12"
"32","B8","68","152208.64","314306.72","147357.81"
"32","B8","69","156648.75","320314.56","147526.06"
"32","B8","70","161770.7","326746.66","147666.7"
"32","B8","71","167443.25","333032.78","147566.34"
"32","B8","72","173190.4","339429.4","147519.34"
"32","B8","73","179064.06","345592.0","147741.8"
"32","B8","74","184902.67","351708.5","147825.34"
"32","B8","75","190986.17","357817.56","147843.61"
"32","B8","76","197017.12","363457.12","148017.97"
"32","B8","77","202800.42","369338.2","148116.56"
"32","B8","78","208228.06","374757.78","148167.61"
"32","B8","79","213869.84","379899.38","148099.27"
"32","B8","80","219601.56","384819.47","148145.67"
"32","B8","81","225328.6","389273.03","148056.44"
"32","B8","82","231074.62","393132.94","148204.48"
"32","B8","83","236244.12","396608.66","148053.67"
"32","B8","84","241547.53","399482.28","147464.84"
"32","B8","85","246070.58","401409.97","146943.52"
"32","B8","86","250604.05","402716.3","146313.27"
"32","B8","87","255364.52","405176.72","145866.06"
"32","B8","88","260252.61","407480.53","145655.56"
"32","B8","89","266041.56","408879.56","145500.52"
"32","B8","90","270416.6","410167.16","145371.77"
"33","B9","1","70098.2","65120.105","131289.88"
"33","B9","2","69998.27","65169.348","131153.77"
"33","B9","3","69718.48","65837.28","130945.15"
"33","B9","4","69513.63","66535.6","130847.83"
"33","B9","5","69306.92","66846.78","130753.6"
"33","B9","6","69157.53","67225.016","130705.664"
"33","B9","7","69155.71","67546.875","130692.69"
"33","B9","8","69261.38","67801.086","130669.34"
"33","B9","9","69249.19","68061.266","130691.5"
"33","B9","10","69246.34","68276.41","130752.23"
"33","B9","11","69385.48","68825.85","130621.65"
"33","B9","12","69550.79","69881.91","130584.08"
"33","B9","13","69800.7","71693.59","130632.17"
"33","B9","14","70206.18","74518.86","130824.12"
"33","B9","15","71053.125","79610.43","130992.36"
"33","B9","16","72414.25","87415.56","130843.336"
"33","B9","17","74867.95","98539.41","130860.78"
"33","B9","18","78591.18","112810.125","131270.92"
"33","B9","19","83287.55","129102.914","131519.84"
"33","B9","20","89070.83","145754.53","131854.19"
"33","B9","21","95429.54","160336.78","132150.16"
"33","B9","22","101672.305","171965.22","132342.11"
"33","B9","23","106686.93","180287.19","132445.5"
"33","B9","24","110086.78","185970.81","132384.38"
"33","B9","25","112360.01","189897.06","132456.28"
"33","B9","26","114124.805","193058.81","132471.14"
"33","B9","27","115769.125","195458.05","132489.58"
"33","B9","28","116899.8","197594.28","132501.47"
"33","B9","29","117720.89","199907.1","132506.2"
"33","B9","30","118571.13","201828.95","132491.12"
"33","B9","31","119555.53","203694.55","132588.36"
"33","B9","32","120340.26","205719.17","132724.8"
"33","B9","33","120959.81","207623.28","132708.17"
"33","B9","34","121364.86","209158.92","132705.4"
"33","B9","35","121964.016","210706.78","132658.4"
"33","B9","36","122743.21","212380.89","132800.52"
"33","B9","37","123104.75","214172.89","132832.34"
"33","B9","38","123767.78","215778.42","132678.44"
"33","B9","39","124579.45","217282.25","132553.08"
"33","B9","40","125083.07","218866.89","132613.69"
"33","B9","41","125510.67","220502.1","132650.67"
"33","B9","42","125928.375","221761.69","132842.23"
"33","B9","43","126490.47","223106.64","132882.02"
"33","B9","44","127103.45","224607.48","132764.31"
"33","B9","45","127700.37","226069.94","132772.62"
"33","B9","46","128227.18","227547.58","132922.22"
"33","B9","47","128579.44","229140.11","132959.72"
"33","B9","48","129046.05","230788.64","132846.6"
"33","B9","49","129731.14","231936.97","132804.94"
"33","B9","50","130158.836","233327.28","132917.38"
"33","B9","51","130519.555","234848.72","132898.42"
"33","B9","52","131107.19","236217.78","132841.05"
"33","B9","53","131651.33","237408.8","132979.3"
"33","B9","54","132168.42","238781.61","132872.22"
"33","B9","55","132676.92","240090.73","132792.1"
"33","B9","56","133306.56","241469.36","133018.33"
"33","B9","57","133740.97","243072.95","132896.2"
"33","B9","58","134469.98","244363.8","132755.62"
"33","B9","59","135403.7","245868.52","132805.77"
"33","B9","60","136539.39","248005.56","132782.89"
"33","B9","61","137811.88","250109.39","132812.36"
"33","B9","62","139530.69","252644.14","132822.12"
"33","B9","63","141975.55","255488.72","132987.2"
"33","B9","64","145045.34","259278.52","133093.0"
"33","B9","65","148860.61","264096.88","133058.52"
"33","B9","66","153524.19","270085.06","132924.0"
"33","B9","67","158569.75","276789.0","132905.28"
"33","B9","68","164506.56","284311.53","132972.7"
"33","B9","69","170742.03","292840.6","133031.12"
"33","B9","70","177065.34","301433.5","133191.94"
"33","B9","71","183225.78","310726.94","133425.56"
"33","B9","72","189617.14","320061.7","133627.58"
"33","B9","73","196110.86","329592.6","133674.75"
"33","B9","74","202399.08","339296.1","133670.34"
"33","B9","75","208756.53","349065.28","133725.05"
"33","B9","76","215298.11","358950.5","133974.95"
"33","B9","77","222172.53","369392.25","134106.11"
"33","B9","78","229300.22","379604.0","134235.78"
"33","B9","79","236887.0","389710.25","134204.67"
"33","B9","80","243812.55","400193.3","134476.4"
"33","B9","81","250864.97","410112.84","134505.84"
"33","B9","82","258492.25","421512.3","134503.69"
"33","B9","83","265906.12","432187.97","134783.47"
"33","B9","84","273786.12","442708.47","134801.6"
"33","B9","85","282088.84","452233.66","134865.03"
"33","B9","86","289456.03","462702.47","134897.62"
"33","B9","87","297499.5","472861.6","134848.84"
"33","B9","88","305017.22","482469.84","135084.27"
"33","B9","89","312400.38","491218.12","134987.61"
"33","B9","90","318800.8","498328.75","134954.8"
"34","B10","1","70101.06","63777.22","128739.42"
"34","B10","2","69940.89","63877.09","128494.04"
"34","B10","3","69464.164","64552.293","128157.82"
"34","B10","4","69330.82","65085.477","128035.195"
"34","B10","5","69307.65","65395.133","127949.79"
"34","B10","6","69155.41","65535.75","127788.14"
"34","B10","7","69125.39","65867.66","127755.56"
"34","B10","8","69174.445","66231.3","127903.164"
"34","B10","9","69152.96","66505.734","127888.82"
"34","B10","10","69117.14","66722.33","127783.734"
"34","B10","11","69126.36","67286.44","127562.23"
"34","B10","12","69251.516","68460.414","127530.51"
"34","B10","13","69549.625","69937.91","127610.94"
"34","B10","14","70045.086","72697.25","127526.53"
"34","B10","15","70789.625","77620.92","127547.21"
"34","B10","16","71859.26","85422.586","127810.62"
"34","B10","17","73882.336","96327.6","128117.99"
"34","B10","18","76696.76","110331.086","128274.91"
"34","B10","19","79976.65","126124.25","128442.97"
"34","B10","20","83929.29","142527.55","128732.43"
"34","B10","21","88551.12","157269.9","128924.555"
"34","B10","22","93398.12","169765.97","129048.75"
"34","B10","23","97429.41","179549.1","129039.71"
"34","B10","24","100323.21","186060.86","129088.27"
"34","B10","25","102552.086","190490.3","129179.92"
"34","B10","26","103963.61","193919.36","129312.76"
"34","B10","27","105311.84","196652.56","129386.57"
"34","B10","28","106547.93","198678.19","129316.695"
"34","B10","29","107366.49","200837.12","129308.234"
"34","B10","30","108162.734","202981.2","129377.305"
"34","B10","31","108916.16","204736.39","129402.22"
"34","B10","32","109547.016","206556.94","129328.01"
"34","B10","33","110081.92","208238.05","129337.51"
"34","B10","34","110655.84","210150.48","129279.125"
"34","B10","35","111277.445","211803.31","129402.016"
"34","B10","36","111739.734","213285.81","129408.96"
"34","B10","37","112244.88","215124.17","129277.82"
"34","B10","38","112769.75","216569.28","129180.78"
"34","B10","39","113369.23","218238.1","129291.805"
"34","B10","40","113798.266","220284.94","129301.836"
"34","B10","41","114125.36","221650.19","129356.07"
"34","B10","42","114661.44","223049.61","129424.05"
"34","B10","43","115241.89","224468.81","129386.18"
"34","B10","44","115747.82","225994.94","129478.77"
"34","B10","45","116137.35","227429.92","129445.055"
"34","B10","46","116604.766","229044.08","129361.76"
"34","B10","47","117177.93","230622.83","129463.54"
"34","B10","48","117888.41","232160.47","129414.8"
"34","B10","49","118431.72","234117.52","129504.96"
"34","B10","50","119146.38","236210.55","129547.66"
"34","B10","51","120039.7","238448.38","129471.78"
"34","B10","52","121004.62","241325.36","129353.734"
"34","B10","53","122317.74","244515.12","129391.21"
"34","B10","54","123971.086","248586.36","129479.67"
"34","B10","55","126039.125","253378.58","129411.8"
"34","B10","56","128346.2","258751.38","129465.25"
"34","B10","57","130996.234","264778.66","129467.92"
"34","B10","58","133724.47","271246.66","129440.57"
"34","B10","59","136842.06","278224.22","129469.61"
"34","B10","60","140116.12","285325.62","129749.11"
"34","B10","61","143724.36","293111.6","129792.61"
"34","B10","62","147631.62","300852.0","129737.26"
"34","B10","63","151611.11","308682.88","129992.945"
"34","B10","64","155929.03","316472.06","130105.76"
"34","B10","65","160725.94","324305.84","130128.52"
"34","B10","66","166117.19","332586.94","130237.664"
"34","B10","67","171874.31","341499.56","130396.625"
"34","B10","68","178260.61","351134.56","130666.195"
"34","B10","69","185331.58","361107.4","130736.68"
"34","B10","70","192807.11","371591.72","130744.62"
"34","B10","71","200708.69","382789.78","130964.3"
"34","B10","72","208984.02","394305.84","130885.14"
"34","B10","73","217976.12","406572.7","130928.484"
"34","B10","74","226589.89","418917.66","131118.98"
"34","B10","75","235078.08","429967.3","131110.0"
"34","B10","76","243673.98","441381.66","131227.33"
"34","B10","77","252367.92","451319.75","131409.11"
"34","B10","78","261685.8","461633.34","131477.36"
"34","B10","79","270315.6","470720.2","131418.53"
"34","B10","80","278384.84","479055.0","130641.86"
"34","B10","81","286199.56","486537.72","129903.49"
"34","B10","82","293957.94","493849.66","129567.695"
"34","B10","83","301855.34","499630.2","129194.664"
"34","B10","84","309914.78","505784.06","128919.766"
"34","B10","85","318081.28","512461.06","128498.6"
"34","B10","86","326465.47","518754.4","128348.41"
"34","B10","87","334910.56","524577.4","128367.97"
"34","B10","88","343705.12","530054.0","128209.945"
"34","B10","89","352598.75","536050.4","128138.8"
"34","B10","90","359200.97","540517.3","128263.33"
"35","B11","1","70126.4","64433.883","129361.34"
"35","B11","2","69988.83","64493.58","129095.46"
"35","B11","3","69727.75","65270.59","128569.734"
"35","B11","4","69630.9","65981.516","128489.88"
"35","B11","5","69578.195","66270.945","128577.836"
"35","B11","6","69539.02","66697.945","128542.51"
"35","B11","7","69536.305","67014.086","128549.05"
"35","B11","8","69529.766","67314.66","128689.22"
"35","B11","9","69431.06","67660.0","128680.02"
"35","B11","10","69446.92","67848.375","128660.48"
"35","B11","11","69614.375","68484.18","128720.07"
"35","B11","12","69696.39","69249.37","128638.35"
"35","B11","13","70022.89","71030.04","128580.56"
"35","B11","14","70279.99","74086.266","128548.45"
"35","B11","15","70839.77","79061.336","128606.89"
"35","B11","16","72099.71","87002.44","128963.76"
"35","B11","17","73768.14","98344.07","129182.86"
"35","B11","18","75883.28","112522.97","129379.35"
"35","B11","19","78661.05","128765.13","129564.375"
"35","B11","20","81396.27","145677.8","129809.83"
"35","B11","21","84430.76","161311.22","130007.61"
"35","B11","22","87430.59","174963.2","130177.984"
"35","B11","23","90031.734","185686.16","130406.44"
"35","B11","24","92213.3","193224.89","130438.28"
"35","B11","25","93922.01","198034.44","130372.44"
"35","B11","26","95571.76","202282.34","130561.39"
"35","B11","27","96670.07","205041.25","130725.734"
"35","B11","28","97495.33","207406.47","130779.73"
"35","B11","29","98373.74","209800.42","130877.45"
"35","B11","30","99012.56","211627.19","130793.586"
"35","B11","31","99557.95","213542.19","130795.28"
"35","B11","32","100165.47","215638.58","130745.88"
"35","B11","33","100764.84","217364.3","130710.84"
"35","B11","34","101290.04","218969.84","130712.31"
"35","B11","35","101890.99","220623.38","130705.69"
"35","B11","36","102225.13","222398.75","130635.664"
"35","B11","37","102640.414","224110.12","130715.33"
"35","B11","38","103021.81","225787.89","130797.695"
"35","B11","39","103300.234","227382.08","130663.65"
"35","B11","40","103676.7","229280.23","130521.55"
"35","B11","41","104327.55","230729.4","130556.59"
"35","B11","42","104670.6","231974.33","130639.54"
"35","B11","43","104910.61","233488.11","130578.2"
"35","B11","44","105256.06","235270.94","130720.91"
"35","B11","45","105694.61","236699.0","130860.26"
"35","B11","46","105881.836","237927.75","130785.44"
"35","B11","47","106289.85","239646.05","130867.37"
"35","B11","48","106764.305","241242.14","131002.37"
"35","B11","49","107224.14","242617.17","130893.9"
"35","B11","50","107583.98","243936.27","130794.055"
"35","B11","51","108005.09","245314.58","130722.86"
"35","B11","52","108319.59","246548.8","130667.78"
"35","B11","53","108660.87","248135.4","130677.94"
"35","B11","54","109153.96","249535.23","130757.27"
"35","B11","55","109362.69","251062.98","130557.28"
"35","B11","56","109602.35","252303.94","130473.03"
"35","B11","57","109995.05","253688.98","130766.06"
"35","B11","58","110583.46","255100.48","130777.09"
"35","B11","59","110955.12","256429.5","130682.734"
"35","B11","60","111267.945","257964.39","130644.08"
"35","B11","61","111849.65","259601.27","130660.89"
"35","B11","62","112474.6","261541.33","130727.05"
"35","B11","63","113054.6","263808.5","130740.836"
"35","B11","64","113953.086","266637.25","130804.49"
"35","B11","65","115045.805","269213.34","130787.234"
"35","B11","66","116313.75","272786.56","130853.59"
"35","B11","67","117684.695","276500.38","130767.37"
"35","B11","68","119344.33","280754.3","130802.02"
"35","B11","69","121556.86","286392.8","131024.48"
"35","B11","70","123954.195","292661.34","130851.82"
"35","B11","71","127038.82","299675.12","130785.65"
"35","B11","72","130475.64","308323.0","131190.4"
"35","B11","73","134387.28","317407.56","131268.33"
"35","B11","74","138336.6","327000.34","131331.11"
"35","B11","75","142775.27","337634.3","131405.83"
"35","B11","76","147249.62","348134.16","131566.86"
"35","B11","77","151828.84","358385.16","131734.02"
"35","B11","78","156594.48","369278.72","131899.73"
"35","B11","79","161312.53","380288.34","132055.06"
"35","B11","80","165976.08","390981.94","132222.7"
"35","B11","81","170889.03","401356.8","132347.47"
"35","B11","82","175689.66","411421.2","132364.45"
"35","B11","83","180781.44","421638.5","132621.6"
"35","B11","84","186125.81","431061.34","132523.89"
"35","B11","85","191095.08","439309.06","132375.28"
"35","B11","86","195564.33","447219.97","132117.12"
"35","B11","87","199252.83","454310.03","131499.19"
"35","B11","88","203116.14","459848.03","130768.06"
"35","B11","89","207108.7","465597.97","130439.516"
"35","B11","90","210810.05","471026.78","130284.63"
"36","B12","1","69697.086","64263.406","127082.07"
"36","B12","2","69506.484","64426.797","126957.19"
"36","B12","3","69158.16","65004.6","126688.68"
"36","B12","4","68923.305","65585.34","126581.91"
"36","B12","5","68891.36","66106.3","126552.266"
"36","B12","6","68946.6","66379.875","126518.95"
"36","B12","7","68961.84","66573.3","126290.2"
"36","B12","8","69038.43","66774.484","126287.164"
"36","B12","9","69058.55","67042.49","126510.49"
"36","B12","10","69098.24","67318.6","126520.25"
"36","B12","11","69105.414","67859.734","126457.39"
"36","B12","12","69224.8","68807.79","126335.19"
"36","B12","13","69340.12","70359.945","126325.85"
"36","B12","14","69733.43","73106.22","126467.81"
"36","B12","15","70327.39","77781.43","126468.47"
"36","B12","16","71323.45","85068.78","126576.72"
"36","B12","17","72996.31","95764.76","127168.305"
"36","B12","18","75277.25","109665.46","127314.305"
"36","B12","19","77592.08","126101.35","127481.71"
"36","B12","20","80296.02","143226.42","127573.89"
"36","B12","21","82853.29","159022.75","128115.88"
"36","B12","22","85241.35","173022.36","128411.5"
"36","B12","23","87357.89","184126.03","128692.49"
"36","B12","24","89376.89","192244.58","128721.805"
"36","B12","25","90768.78","197874.11","128871.08"
"36","B12","26","91949.5","201911.9","128938.28"
"36","B12","27","93142.766","204670.33","128941.875"
"36","B12","28","94068.234","207100.11","128950.836"
"36","B12","29","94664.5","209404.55","128930.7"
"36","B12","30","95449.49","211544.72","128825.94"
"36","B12","31","95891.08","213473.0","128813.95"
"36","B12","32","96317.92","215367.61","129120.95"
"36","B12","33","96931.88","217485.7","129153.78"
"36","B12","34","97441.516","219219.16","129031.74"
"36","B12","35","97749.54","220775.88","129069.08"
"36","B12","36","97992.63","222362.05","129158.7"
"36","B12","37","98420.11","224052.72","129181.04"
"36","B12","38","98938.26","226255.34","129229.93"
"36","B12","39","99239.09","227380.84","128916.68"
"36","B12","40","99596.38","228827.45","128792.25"
"36","B12","41","99924.41","230524.22","129127.18"
"36","B12","42","100273.625","231836.77","129265.14"
"36","B12","43","100699.61","233477.66","129150.8"
"36","B12","44","101122.7","235069.66","129172.336"
"36","B12","45","101389.51","236540.7","129251.59"
"36","B12","46","101596.52","237844.72","129133.73"
"36","B12","47","101977.445","239620.69","129115.47"
"36","B12","48","102242.03","241077.56","129164.65"
"36","B12","49","102631.6","242661.69","129072.664"
"36","B12","50","102915.61","244002.11","129162.69"
"36","B12","51","103212.92","245197.5","129207.71"
"36","B12","52","103523.734","246198.97","129132.02"
"36","B12","53","103747.58","247847.02","129191.28"
"36","B12","54","104008.43","249383.95","129145.63"
"36","B12","55","104421.49","250651.0","129195.93"
"36","B12","56","104521.68","251708.36","129220.58"
"36","B12","57","104761.836","253264.52","128931.914"
"36","B12","58","105294.78","255012.11","128811.195"
"36","B12","59","105573.56","256255.61","129097.4"
"36","B12","60","105840.37","257445.3","129147.72"
"36","B12","61","106132.49","258890.47","129117.266"
"36","B12","62","106621.73","260350.05","129084.61"
"36","B12","63","106913.336","261690.06","129087.414"
"36","B12","64","107305.16","263432.56","129271.75"
"36","B12","65","107911.875","265472.03","129169.88"
"36","B12","66","108384.01","267351.12","129071.45"
"36","B12","67","109016.445","270084.38","129351.734"
"36","B12","68","109917.414","272631.75","129481.57"
"36","B12","69","111046.836","275688.3","129338.76"
"36","B12","70","112244.414","279739.1","129239.05"
"36","B12","71","113696.71","284326.62","129283.0"
"36","B12","72","115362.87","289396.38","129421.78"
"36","B12","73","117588.74","295715.53","129508.94"
"36","B12","74","119935.586","303177.38","129713.92"
"36","B12","75","122960.37","311503.44","129888.76"
"36","B12","76","126251.62","320998.53","129985.41"
"36","B12","77","129474.27","330953.75","129998.695"
"36","B12","78","133199.92","341912.56","130156.36"
"36","B12","79","137204.05","352937.53","130241.64"
"36","B12","80","141222.2","363966.5","130529.98"
"36","B12","81","145197.67","374844.47","130498.83"
"36","B12","82","149602.23","385724.53","130708.4"
"36","B12","83","153956.78","396569.03","131075.48"
"36","B12","84","158278.55","407531.06","131058.0"
"36","B12","85","162647.22","418555.28","131297.03"
"36","B12","86","167546.92","428487.97","131468.06"
"36","B12","87","172271.06","438010.56","131345.45"
"36","B12","88","176768.88","446064.84","131366.42"
"36","B12","89","181020.47","455260.6","131171.27"
"36","B12","90","184528.6","461665.3","130977.664"
"37","B13","1","69373.3","64370.79","126133.875"
"37","B13","2","69223.23","64434.277","126035.52"
"37","B13","3","68895.74","64811.727","125788.84"
"37","B13","4","68744.76","65582.41","125673.39"
"37","B13","5","68654.63","66148.21","125579.375"
"37","B13","6","68533.52","66358.6","125498.51"
"37","B13","7","68468.69","66679.11","125377.35"
"37","B13","8","68405.516","66751.44","125397.484"
"37","B13","9","68412.88","67186.99","125622.65"
"37","B13","10","68502.336","67403.54","125782.04"
"37","B13","11","68542.875","67955.6","125823.67"
"37","B13","12","68737.69","68807.305","125575.5"
"37","B13","13","68957.53","70295.98","125542.266"
"37","B13","14","69393.34","73085.875","125801.34"
"37","B13","15","69994.125","77513.6","125968.61"
"37","B13","16","70977.17","84794.45","126148.56"
"37","B13","17","72447.01","95305.58","126252.52"
"37","B13","18","74614.23","109123.72","126350.02"
"37","B13","19","77170.3","125454.625","126638.4"
"37","B13","20","79461.47","142342.95","126838.96"
"37","B13","21","81777.04","158446.1","127160.484"
"37","B13","22","83783.59","172387.08","127522.766"
"37","B13","23","85668.33","183471.77","127808.49"
"37","B13","24","87388.11","191795.64","127745.29"
"37","B13","25","88642.64","197303.31","127624.17"
"37","B13","26","89807.83","201405.81","127689.54"
"37","B13","27","90854.586","204398.36","127714.74"
"37","B13","28","91503.74","206712.36","127966.86"
"37","B13","29","92110.53","209489.78","128035.16"
"37","B13","30","92849.336","211743.16","128083.98"
"37","B13","31","93475.63","213334.94","128164.3"
"37","B13","32","93755.93","215473.33","128123.12"
"37","B13","33","94129.52","217382.05","128178.61"
"37","B13","34","94488.06","218696.45","128187.14"
"37","B13","35","94914.36","220657.31","128107.766"
"37","B13","36","95393.91","222523.17","128187.01"
"37","B13","37","95764.336","223850.14","128096.03"
"37","B13","38","96037.94","225718.52","128104.44"
"37","B13","39","96523.99","227328.03","128109.375"
"37","B13","40","96783.82","228811.23","128195.18"
"37","B13","41","96943.06","230196.84","128128.74"
"37","B13","42","97317.05","231761.69","127988.69"
"37","B13","43","97673.87","233460.7","127899.21"
"37","B13","44","97940.555","235001.66","128110.88"
"37","B13","45","98278.71","236520.06","128063.94"
"37","B13","46","98421.086","237842.19","127966.26"
"37","B13","47","98663.99","239239.72","128129.59"
"37","B13","48","98933.82","240959.75","128024.82"
"37","B13","49","99268.52","242519.3","127867.39"
"37","B13","50","99525.18","243803.38","127900.914"
"37","B13","51","99766.79","244967.69","128038.45"
"37","B13","52","100075.85","246283.98","127995.61"
"37","B13","53","100378.78","247636.31","127904.85"
"37","B13","54","100723.91","249205.22","127877.086"
"37","B13","55","100946.336","250627.28","127798.54"
"37","B13","56","101268.0","252185.86","127946.68"
"37","B13","57","101529.77","253343.22","127983.98"
"37","B13","58","101678.79","254277.27","127996.19"
"37","B13","59","102032.086","255850.12","127881.21"
"37","B13","60","102467.44","256998.81","127754.68"
"37","B13","61","102823.336","258543.4","127796.47"
"37","B13","62","103006.555","260239.69","127739.37"
"37","B13","63","103344.73","261878.98","127884.734"
"37","B13","64","103828.02","263639.25","127910.016"
"37","B13","65","104241.91","265481.06","127944.06"
"37","B13","66","104968.945","267363.94","128007.08"
"37","B13","67","105582.586","269564.34","128073.95"
"37","B13","68","106133.14","272128.2","127997.59"
"37","B13","69","106912.625","274491.75","127995.67"
"37","B13","70","107929.59","277318.78","128085.09"
"37","B13","71","109064.664","281053.97","127981.54"
"37","B13","72","110250.56","285076.66","127982.55"
"37","B13","73","111910.15","289386.3","128135.734"
"37","B13","74","113516.9","294487.94","128334.46"
"37","B13","75","115609.86","300550.4","128441.19"
"37","B13","76","118164.89","306823.9","128612.91"
"37","B13","77","121068.04","314226.97","128524.66"
"37","B13","78","124452.5","322810.56","128563.61"
"37","B13","79","128234.695","332225.88","128793.875"
"37","B13","80","132185.62","342743.78","128882.85"
"37","B13","81","136434.92","353718.88","128910.625"
"37","B13","82","140865.27","364654.03","128949.625"
"37","B13","83","145547.14","376440.6","129381.62"
"37","B13","84","150422.81","387862.94","129430.055"
"37","B13","85","155250.39","398999.2","129790.4"
"37","B13","86","160250.72","410140.72","129970.414"
"37","B13","87","165168.17","420964.94","130011.23"
"37","B13","88","170054.19","431280.8","130123.695"
"37","B13","89","174598.03","440262.06","129860.85"
"37","B13","90","177966.62","447459.16","129616.766"
"38","B14","1","71821.83","67221.27","131682.55"
"38","B14","2","71750.25","67420.86","131497.77"
"38","B14","3","71667.45","68187.88","131350.52"
"38","B14","4","71619.91","68823.44","131369.86"
"38","B14","5","71571.125","69264.664","131511.36"
"38","B14","6","71457.375","69631.4","131578.53"
"38","B14","7","71452.11","70020.19","131783.62"
"38","B14","8","71577.36","70150.16","131727.19"
"38","B14","9","71683.266","70226.914","131481.0"
"38","B14","10","71597.22","70587.766","131415.42"
"38","B14","11","71574.164","71080.45","131453.11"
"38","B14","12","71738.195","71792.586","131458.73"
"38","B14","13","71973.586","73366.766","131525.0"
"38","B14","14","72254.81","76061.55","131520.61"
"38","B14","15","73055.195","80403.68","131589.53"
"38","B14","16","74206.44","87876.33","131775.12"
"38","B14","17","75797.89","98900.85","131920.56"
"38","B14","18","78125.375","113310.83","131957.67"
"38","B14","19","80741.49","130462.87","132292.75"
"38","B14","20","83480.09","148576.38","132708.55"
"38","B14","21","85999.09","165849.1","133021.42"
"38","B14","22","88601.125","180775.66","133238.6"
"38","B14","23","90692.48","193036.47","133352.45"
"38","B14","24","92431.305","202239.89","133444.73"
"38","B14","25","94027.32","208145.14","133632.12"
"38","B14","26","95586.6","212805.78","133723.84"
"38","B14","27","96595.36","215757.11","133800.72"
"38","B14","28","97571.94","218135.86","133828.47"
"38","B14","29","98183.234","220562.97","133785.4"
"38","B14","30","99108.63","222832.62","134046.19"
"38","B14","31","99650.555","225075.48","134041.22"
"38","B14","32","100181.5","227070.12","133894.72"
"38","B14","33","100824.65","228922.66","133875.64"
"38","B14","34","101127.6","231096.14","133904.23"
"38","B14","35","101500.875","232721.4","133814.95"
"38","B14","36","101969.805","234547.03","133930.8"
"38","B14","37","102207.086","236324.16","134081.4"
"38","B14","38","102707.07","237876.61","134032.73"
"38","B14","39","103010.63","239829.97","134092.11"
"38","B14","40","103438.516","241209.56","133867.81"
"38","B14","41","103859.086","242621.42","133764.89"
"38","B14","42","103999.586","244166.2","134032.75"
"38","B14","43","104212.87","245886.03","134003.4"
"38","B14","44","104784.36","247448.5","134104.06"
"38","B14","45","105272.43","249122.1","134229.53"
"38","B14","46","105608.22","250436.38","134134.84"
"38","B14","47","105842.18","251592.7","134152.92"
"38","B14","48","106276.586","252844.34","134142.66"
"38","B14","49","106497.28","254626.14","134064.23"
"38","B14","50","106681.82","256065.75","134223.19"
"38","B14","51","106870.836","257558.19","134146.84"
"38","B14","52","107268.94","258853.72","134131.0"
"38","B14","53","107588.234","260238.5","134075.28"
"38","B14","54","107943.52","261952.77","134019.64"
"38","B14","55","108151.39","263170.75","133910.8"
"38","B14","56","108524.7","264340.94","133810.31"
"38","B14","57","108724.875","265702.7","133939.1"
"38","B14","58","109049.5","267265.44","133897.47"
"38","B14","59","109307.71","268683.9","134012.92"
"38","B14","60","109656.79","269997.25","133930.83"
"38","B14","61","110012.2","271017.03","133849.1"
"38","B14","62","110220.18","272498.12","133819.12"
"38","B14","63","110504.77","273750.88","133948.11"
"38","B14","64","110778.39","275047.3","133986.62"
"38","B14","65","111232.664","276345.1","134095.61"
"38","B14","66","111617.68","277709.47","134051.38"
"38","B14","67","111816.78","279320.88","134032.53"
"38","B14","68","112209.53","280921.66","134057.08"
"38","B14","69","112927.12","283020.34","133961.53"
"38","B14","70","113528.88","284948.94","134014.19"
"38","B14","71","113955.805","287370.94","134008.69"
"38","B14","72","114884.97","289992.22","134096.86"
"38","B14","73","116193.734","293527.97","134104.03"
"38","B14","74","117507.13","297594.75","134153.06"
"38","B14","75","119200.805","302250.4","134233.28"
"38","B14","76","121460.57","308747.5","134269.44"
"38","B14","77","123940.07","315673.38","134478.53"
"38","B14","78","126846.51","323940.94","134565.78"
"38","B14","79","130391.93","333229.66","134671.03"
"38","B14","80","134346.92","344030.44","134709.95"
"38","B14","81","138734.77","355897.66","134817.88"
"38","B14","82","143117.84","368065.84","134878.53"
"38","B14","83","148056.28","380517.84","135181.94"
"38","B14","84","153158.69","393302.28","135558.97"
"38","B14","85","158685.44","406137.0","135568.6"
"38","B14","86","163903.8","419090.9","135736.97"
"38","B14","87","169375.98","431797.84","135917.84"
"38","B14","88","175080.48","443893.56","136170.34"
"38","B14","89","180629.6","456094.38","136346.64"
"38","B14","90","185609.44","465179.16","136314.64"
"39","B15","1","68709.37","66617.836","125894.76"
"39","B15","2","68558.23","66668.25","125611.94"
"39","B15","3","68257.875","67008.67","125248.41"
"39","B15","4","68130.75","67456.32","125106.65"
"39","B15","5","68053.62","67879.01","124959.74"
"39","B15","6","67936.16","68185.71","124813.78"
"39","B15","7","67935.664","68373.016","124769.984"
"39","B15","8","68041.516","68748.234","124848.92"
"39","B15","9","68021.74","68862.37","124915.82"
"39","B15","10","67999.3","69113.66","124836.32"
"39","B15","11","68068.805","69738.53","124785.57"
"39","B15","12","68209.6","70674.68","124849.766"
"39","B15","13","68356.164","71985.56","124957.414"
"39","B15","14","68687.03","74568.25","124675.18"
"39","B15","15","69276.48","78893.48","124677.54"
"39","B15","16","70454.49","85865.06","125032.836"
"39","B15","17","72112.45","96390.95","125189.12"
"39","B15","18","74616.74","110569.36","125406.69"
"39","B15","19","77074.95","127410.41","125752.43"
"39","B15","20","79691.61","144899.25","125965.79"
"39","B15","21","82140.13","161602.83","126237.69"
"39","B15","22","84141.086","176231.52","126418.41"
"39","B15","23","86134.93","187855.33","126836.8"
"39","B15","24","88003.336","196569.78","127102.7"
"39","B15","25","89522.38","202583.55","127088.81"
"39","B15","26","90643.16","206678.17","127298.79"
"39","B15","27","91647.24","209907.34","127241.93"
"39","B15","28","92568.766","212210.28","127130.91"
"39","B15","29","93441.97","214622.14","127242.35"
"39","B15","30","94004.6","216934.98","127161.49"
"39","B15","31","94596.2","218914.52","127190.01"
"39","B15","32","95079.516","220917.48","127298.73"
"39","B15","33","95525.56","222747.9","127368.234"
"39","B15","34","96051.59","224779.7","127408.82"
"39","B15","35","96313.53","226562.08","127354.914"
"39","B15","36","96731.35","228348.34","127287.8"
"39","B15","37","97046.375","230080.73","127527.83"
"39","B15","38","97569.914","231573.95","127457.91"
"39","B15","39","97861.0","233344.56","127418.875"
"39","B15","40","98085.61","235043.28","127451.93"
"39","B15","41","98412.63","236654.25","127448.195"
"39","B15","42","98845.48","238361.2","127546.44"
"39","B15","43","99164.7","240046.03","127598.06"
"39","B15","44","99480.67","241106.27","127499.34"
"39","B15","45","99770.47","242558.12","127485.94"
"39","B15","46","100085.4","244273.72","127534.65"
"39","B15","47","100272.375","245880.97","127602.37"
"39","B15","48","100411.97","247249.16","127631.11"
"39","B15","49","100863.99","248517.89","127640.02"
"39","B15","50","101292.055","250157.95","127533.56"
"39","B15","51","101476.664","251690.4","127569.71"
"39","B15","52","101727.945","253100.56","127478.73"
"39","B15","53","101979.5","254564.89","127532.016"
"39","B15","54","102156.766","255745.12","127535.48"
"39","B15","55","102457.08","257211.36","127605.14"
"39","B15","56","102894.21","258768.44","127537.01"
"39","B15","57","103204.52","260203.05","127614.08"
"39","B15","58","103566.445","261353.56","127511.63"
"39","B15","59","103846.836","263046.9","127522.086"
"39","B15","60","104142.16","264836.12","127620.445"
"39","B15","61","104672.766","266456.28","127584.25"
"39","B15","62","105229.15","267794.16","127420.55"
"39","B15","63","105566.76","270028.06","127386.45"
"39","B15","64","106080.33","271811.38","127619.03"
"39","B15","65","106833.19","274083.62","127632.48"
"39","B15","66","107508.75","276484.53","127606.43"
"39","B15","67","108194.87","278874.88","127737.62"
"39","B15","68","108858.586","281337.7","127605.36"
"39","B15","69","109974.58","284354.34","127525.555"
"39","B15","70","111014.11","287848.0","127799.586"
"39","B15","71","112026.08","290716.7","127775.12"
"39","B15","72","113331.26","294315.34","127641.17"
"39","B15","73","114562.555","298452.3","127577.71"
"39","B15","74","115805.14","302591.28","127915.805"
"39","B15","75","117635.7","307017.25","127896.66"
"39","B15","76","119647.43","311370.34","127853.21"
"39","B15","77","121928.54","316403.12","128000.09"
"39","B15","78","124329.54","322212.78","128073.29"
"39","B15","79","126801.74","328377.56","128273.97"
"39","B15","80","129856.484","335543.78","128339.375"
"39","B15","81","133196.33","342499.97","128455.52"
"39","B15","82","137099.02","350304.5","128661.97"
"39","B15","83","141247.62","359059.62","128830.516"
"39","B15","84","145854.78","368680.94","128881.46"
"39","B15","85","150774.81","378508.94","128993.11"
"39","B15","86","155708.28","389495.72","129156.555"
"39","B15","87","160728.5","400229.44","129175.58"
"39","B15","88","165606.0","410272.38","129048.0"
"39","B15","89","170123.78","419433.5","128659.695"
"39","B15","90","173357.06","426281.3","128407.71"
"40","B16","1","67406.836","66435.266","126266.07"
"40","B16","2","67276.72","66612.07","126082.73"
"40","B16","3","67161.72","67196.96","125724.91"
"40","B16","4","67086.17","67911.07","125618.39"
"40","B16","5","67049.81","68467.9","125634.875"
"40","B16","6","67039.35","68622.97","125585.65"
"40","B16","7","66978.91","68848.625","125502.93"
"40","B16","8","66991.21","69124.83","125452.89"
"40","B16","9","67105.914","69327.37","125445.96"
"40","B16","10","67098.37","69541.734","125421.44"
"40","B16","11","67095.516","70129.71","125407.6"
"40","B16","12","67299.24","70819.3","125284.84"
"40","B16","13","67724.484","72250.03","125293.43"
"40","B16","14","68152.25","74661.42","125478.92"
"40","B16","15","68799.375","78821.43","125576.59"
"40","B16","16","69787.055","85711.37","125683.234"
"40","B16","17","71551.43","96045.07","125977.59"
"40","B16","18","73909.57","110269.664","126157.766"
"40","B16","19","76591.1","127165.94","126472.45"
"40","B16","20","79673.164","144839.11","126771.0"
"40","B16","21","82532.36","161706.75","127106.36"
"40","B16","22","84712.766","176511.67","127193.336"
"40","B16","23","86762.516","188313.03","127363.71"
"40","B16","24","88613.555","196900.52","127460.375"
"40","B16","25","90412.05","203076.14","127466.125"
"40","B16","26","91816.04","207536.06","127572.51"
"40","B16","27","92827.164","210559.64","127666.82"
"40","B16","28","93746.84","212909.94","127617.31"
"40","B16","29","94591.32","215493.69","127589.34"
"40","B16","30","95321.74","217682.47","127705.77"
"40","B16","31","95920.586","219905.17","127841.06"
"40","B16","32","96281.9","221850.03","127984.734"
"40","B16","33","96628.664","223947.27","128026.58"
"40","B16","34","97232.36","225559.34","127911.64"
"40","B16","35","97731.12","227349.98","127770.71"
"40","B16","36","98144.3","228970.64","127660.45"
"40","B16","37","98565.38","231033.28","127819.76"
"40","B16","38","98840.79","232891.81","127975.76"
"40","B16","39","99193.22","234348.78","127944.66"
"40","B16","40","99574.0","235510.64","127858.32"
"40","B16","41","99889.83","237439.86","128013.69"
"40","B16","42","100379.164","239182.92","127915.38"
"40","B16","43","100892.35","240362.98","127816.484"
"40","B16","44","101099.94","242100.34","127816.61"
"40","B16","45","101223.805","243707.6","127874.4"
"40","B16","46","101416.5","245281.23","127826.516"
"40","B16","47","101894.73","246767.97","127973.12"
"40","B16","48","102053.58","248346.61","127935.18"
"40","B16","49","102349.06","249977.03","128048.38"
"40","B16","50","102609.98","251509.66","127996.77"
"40","B16","51","103174.22","252993.75","127949.78"
"40","B16","52","103600.17","253901.16","127997.42"
"40","B16","53","103909.44","255504.56","128006.516"
"40","B16","54","104115.62","256803.2","127889.73"
"40","B16","55","104429.625","258058.52","127856.51"
"40","B16","56","104800.31","259691.94","127806.164"
"40","B16","57","105157.54","260996.81","127853.77"
"40","B16","58","105461.914","262464.7","127793.58"
"40","B16","59","105591.3","263743.97","127963.28"
"40","B16","60","105901.53","265132.88","128031.914"
"40","B16","61","106232.55","266502.22","128002.36"
"40","B16","62","106604.484","267993.56","128059.32"
"40","B16","63","107016.83","269513.94","127991.77"
"40","B16","64","107386.83","270939.9","128004.98"
"40","B16","65","107912.8","272724.9","127977.61"
"40","B16","66","108502.516","275317.25","127886.61"
"40","B16","67","109026.69","277246.62","127901.625"
"40","B16","68","109620.35","279485.38","128052.586"
"40","B16","69","110350.49","281669.94","128068.734"
"40","B16","70","111481.61","283867.97","128280.305"
"40","B16","71","112385.164","286462.8","128247.76"
"40","B16","72","113557.625","289846.56","128165.48"
"40","B16","73","114439.16","293341.28","128181.78"
"40","B16","74","115738.13","297199.12","128262.74"
"40","B16","75","117342.914","301179.56","128193.09"
"40","B16","76","118917.72","305319.34","128311.445"
"40","B16","77","120641.445","309915.06","128278.26"
"40","B16","78","122412.28","315040.1","128407.99"
"40","B16","79","124449.08","320449.0","128476.9"
"40","B16","80","126775.88","325647.5","128493.33"
"40","B16","81","129243.375","331091.66","128675.54"
"40","B16","82","131697.14","337416.38","128594.82"
"40","B16","83","134583.62","343603.94","128694.59"
"40","B16","84","137177.03","349784.25","128978.555"
"40","B16","85","140123.66","356126.3","128905.71"
"40","B16","86","143090.55","363101.6","128916.875"
"40","B16","87","146137.31","369846.34","128975.28"
"40","B16","88","149236.9","376061.94","129061.66"
"40","B16","89","152397.56","382899.5","128972.484"
"40","B16","90","155377.08","389053.44","129106.97"
"41","B17","1","69791.836","54616.805","135598.45"
"41","B17","2","69564.6","54642.254","135128.12"
"41","B17","3","69150.47","54814.297","134549.06"
"41","B17","4","69070.04","55034.277","134411.84"
"41","B17","5","69136.04","55314.22","134372.55"
"41","B17","6","69116.64","55553.0","134326.33"
"41","B17","7","69080.7","55778.74","134295.86"
"41","B17","8","69065.68","55921.996","134356.77"
"41","B17","9","69032.95","56090.836","134473.92"
"41","B17","10","68985.73","56102.863","134467.84"
"41","B17","11","68986.04","56328.613","134421.86"
"41","B17","12","69033.94","56315.168","134378.61"
"41","B17","13","69038.48","56380.93","134184.56"
"41","B17","14","69101.32","56493.22","134162.19"
"41","B17","15","69254.0","57252.902","134289.92"
"41","B17","16","69480.5","58190.33","134358.5"
"41","B17","17","69700.71","59865.082","134361.78"
"41","B17","18","70224.91","62911.47","134376.19"
"41","B17","19","71613.87","67554.24","134392.7"
"41","B17","20","73613.92","74325.55","134563.86"
"41","B17","21","76738.79","83294.055","134607.94"
"41","B17","22","81399.04","93535.37","134845.08"
"41","B17","23","87942.586","104069.66","135095.75"
"41","B17","24","96744.85","113790.15","135173.19"
"41","B17","25","107015.53","122270.48","135140.28"
"41","B17","26","117482.04","129186.48","135208.95"
"41","B17","27","126170.4","134755.47","135170.44"
"41","B17","28","131817.94","138638.36","135125.69"
"41","B17","29","135212.5","140970.12","135330.3"
"41","B17","30","137162.86","143089.1","135516.06"
"41","B17","31","138621.25","144936.08","135532.05"
"41","B17","32","139645.55","146706.88","135423.66"
"41","B17","33","140534.25","148030.58","135329.67"
"41","B17","34","141350.88","149217.78","135359.64"
"41","B17","35","141958.12","150844.12","135296.6"
"41","B17","36","142479.27","152373.42","135376.17"
"41","B17","37","143133.95","153685.75","135630.81"
"41","B17","38","143673.39","155063.97","135600.39"
"41","B17","39","144205.34","156612.94","135567.62"
"41","B17","40","144576.97","157681.0","135470.83"
"41","B17","41","144941.88","158842.66","135424.02"
"41","B17","42","145327.44","160548.67","135374.7"
"41","B17","43","145910.7","161800.56","135302.39"
"41","B17","44","146040.62","163148.86","135239.47"
"41","B17","45","146392.95","164345.02","135158.78"
"41","B17","46","146719.97","165672.44","135060.16"
"41","B17","47","147215.75","167101.17","135001.72"
"41","B17","48","147536.3","168282.12","134996.8"
"41","B17","49","147794.94","169532.22","135300.8"
"41","B17","50","148005.6","170757.88","135453.62"
"41","B17","51","148327.94","171828.58","135444.16"
"41","B17","52","148754.9","172772.33","135402.55"
"41","B17","53","149104.6","173846.67","135215.89"
"41","B17","54","149652.38","175071.73","135168.81"
"41","B17","55","149985.95","176218.17","135434.9"
"41","B17","56","150302.16","177411.3","135364.23"
"41","B17","57","150558.11","178597.08","135110.16"
"41","B17","58","150832.3","179877.02","134959.5"
"41","B17","59","151167.3","181119.78","134838.17"
"41","B17","60","151918.0","182179.84","134781.19"
"41","B17","61","152859.17","183466.08","134911.8"
"41","B17","62","153778.12","185166.67","135026.02"
"41","B17","63","154963.64","187089.45","134982.08"
"41","B17","64","156809.69","189577.31","134987.2"
"41","B17","65","159454.25","191787.55","135010.75"
"41","B17","66","163037.83","194752.73","135144.38"
"41","B17","67","167395.52","198101.53","135113.17"
"41","B17","68","172878.17","201457.14","135122.72"
"41","B17","69","179521.8","205482.4","135132.25"
"41","B17","70","186674.89","209540.89","135317.78"
"41","B17","71","194225.39","213587.19","135292.05"
"41","B17","72","202315.7","217681.88","135288.77"
"41","B17","73","210747.48","222274.31","135180.6"
"41","B17","74","219096.45","227067.19","134979.9"
"41","B17","75","227198.64","231528.89","134923.34"
"41","B17","76","236795.8","235750.61","135111.22"
"41","B17","77","245751.23","240224.5","135117.8"
"41","B17","78","254696.98","244550.06","135237.83"
"41","B17","79","263541.25","249292.6","135294.77"
"41","B17","80","272146.8","253415.02","135102.23"
"41","B17","81","281668.7","258244.38","134998.6"
"41","B17","82","290577.84","263140.12","135034.84"
"41","B17","83","299085.62","267366.12","134921.88"
"41","B17","84","307825.03","272035.75","134857.53"
"41","B17","85","316438.4","276698.44","135002.83"
"41","B17","86","325610.8","281111.2","135117.17"
"41","B17","87","333643.3","285635.38","135032.27"
"41","B17","88","341522.34","290004.72","134878.56"
"41","B17","89","348904.94","294666.62","134824.69"
"41","B17","90","355551.62","298790.28","134984.02"
"42","B18","1","64635.293","54043.598","135209.1"
"42","B18","2","64504.27","54084.19","134666.0"
"42","B18","3","64310.598","54294.375","134409.69"
"42","B18","4","64143.01","54537.1","134482.78"
"42","B18","5","63985.87","54722.58","134631.8"
"42","B18","6","64001.586","55107.31","134707.34"
"42","B18","7","64199.15","55321.133","134677.9"
"42","B18","8","64216.832","55416.08","134660.12"
"42","B18","9","64200.52","55370.746","134613.98"
"42","B18","10","64298.16","55511.953","134593.11"
"42","B18","11","64284.227","55784.652","134654.64"
"42","B18","12","64249.734","56089.535","134627.14"
"42","B18","13","64347.816","56307.33","134590.22"
"42","B18","14","64539.93","56556.24","134573.95"
"42","B18","15","64696.36","57009.973","134523.28"
"42","B18","16","64908.78","57712.055","134529.16"
"42","B18","17","65146.05","59352.0","134667.55"
"42","B18","18","65740.57","61934.625","134606.23"
"42","B18","19","66708.61","66405.305","134567.14"
"42","B18","20","68038.945","72885.4","134711.95"
"42","B18","21","70350.08","81454.92","135059.73"
"42","B18","22","73658.32","91737.59","135133.6"
"42","B18","23","78056.195","102353.48","135342.97"
"42","B18","24","83755.73","112686.93","135519.97"
"42","B18","25","90937.53","122148.836","135673.55"
"42","B18","26","99583.48","130514.445","135672.11"
"42","B18","27","108430.34","137249.19","135852.42"
"42","B18","28","115934.82","142596.34","135873.31"
"42","B18","29","120705.55","146345.75","135950.03"
"42","B18","30","123421.0","149170.16","136112.47"
"42","B18","31","125140.56","151080.58","136148.23"
"42","B18","32","126626.45","152613.58","136108.52"
"42","B18","33","127639.08","154373.9","136057.14"
"42","B18","34","128497.44","155834.28","135949.33"
"42","B18","35","129126.414","157164.83","135966.38"
"42","B18","36","129881.03","158552.75","136109.28"
"42","B18","37","130358.695","160356.95","136062.48"
"42","B18","38","130841.38","161619.62","136055.3"
"42","B18","39","131366.53","163046.25","136175.23"
"42","B18","40","131707.89","164122.92","136144.39"
"42","B18","41","132207.02","165457.2","136195.14"
"42","B18","42","132576.69","166859.92","136100.53"
"42","B18","43","133052.94","168169.7","136090.02"
"42","B18","44","133524.34","169675.23","136286.55"
"42","B18","45","133810.64","170877.31","136258.62"
"42","B18","46","134276.86","172087.95","136240.11"
"42","B18","47","134629.39","173378.58","136306.9"
"42","B18","48","134982.75","174374.05","136262.84"
"42","B18","49","135406.69","175594.52","136282.58"
"42","B18","50","135802.69","176813.88","136204.27"
"42","B18","51","136191.39","178206.62","136192.83"
"42","B18","52","136577.8","179259.25","135971.0"
"42","B18","53","136794.95","180474.34","135827.14"
"42","B18","54","137254.27","181764.34","135891.38"
"42","B18","55","137645.0","182610.77","136118.27"
"42","B18","56","138031.64","183569.94","136175.33"
"42","B18","57","138313.39","184997.84","136077.34"
"42","B18","58","138479.3","186186.58","136059.75"
"42","B18","59","138792.36","187420.61","136174.7"
"42","B18","60","139329.84","188352.64","136082.56"
"42","B18","61","139845.66","189261.9","135994.72"
"42","B18","62","140562.69","191039.05","136023.42"
"42","B18","63","141392.75","192639.27","135938.95"
"42","B18","64","142749.39","194378.84","135903.81"
"42","B18","65","144546.06","196705.94","135873.67"
"42","B18","66","146731.61","199538.08","135951.16"
"42","B18","67","149903.67","202591.2","135907.0"
"42","B18","68","153936.62","206401.75","136016.88"
"42","B18","69","159008.38","210170.61","136129.1"
"42","B18","70","164962.36","214365.64","136161.16"
"42","B18","71","171055.6","218674.47","136038.12"
"42","B18","72","177709.88","223373.19","135846.89"
"42","B18","73","184760.62","228366.14","135780.22"
"42","B18","74","192027.84","233529.47","135993.61"
"42","B18","75","199499.66","238404.56","135992.31"
"42","B18","76","207143.45","243639.25","136115.72"
"42","B18","77","214880.86","248865.44","136150.08"
"42","B18","78","222837.94","254020.81","136274.72"
"42","B18","79","230864.52","258786.83","136475.4"
"42","B18","80","238667.77","263934.38","136387.83"
"42","B18","81","246794.45","268940.84","136322.69"
"42","B18","82","255237.28","274492.03","136477.02"
"42","B18","83","263867.1","279982.6","136477.73"
"42","B18","84","271700.06","285610.8","136562.95"
"42","B18","85","279765.5","291044.34","136578.56"
"42","B18","86","288103.97","296364.78","136511.62"
"42","B18","87","295837.12","302205.7","136493.95"
"42","B18","88","304192.94","307518.06","136602.12"
"42","B18","89","311945.25","312862.22","136635.75"
"42","B18","90","318649.53","317566.6","136519.55"
"43","B19","1","66052.98","53947.8","134415.69"
"43","B19","2","65922.734","53979.062","134317.14"
"43","B19","3","65712.77","54402.98","134067.89"
"43","B19","4","65666.16","54858.67","133966.23"
"43","B19","5","65687.6","55138.156","133875.52"
"43","B19","6","65604.98","55270.68","133846.03"
"43","B19","7","65586.1","55529.4","133895.25"
"43","B19","8","65614.8","55691.016","134095.2"
"43","B19","9","65656.05","55842.19","134067.92"
"43","B19","10","65778.25","55844.094","134027.97"
"43","B19","11","65823.06","55945.703","134079.02"
"43","B19","12","66007.27","56163.992","134115.92"
"43","B19","13","66050.3","56225.965","134101.83"
"43","B19","14","66116.836","56578.992","134196.56"
"43","B19","15","66158.95","57032.277","134365.98"
"43","B19","16","66232.76","57760.3","134489.2"
"43","B19","17","66714.73","59350.89","134455.19"
"43","B19","18","67167.63","62071.617","134379.28"
"43","B19","19","67940.664","66492.48","134063.36"
"43","B19","20","69262.625","73022.66","134077.77"
"43","B19","21","71199.13","81678.06","134595.9"
"43","B19","22","73764.6","91897.98","134854.92"
"43","B19","23","76808.54","102503.74","134882.11"
"43","B19","24","80358.766","112612.31","135174.56"
"43","B19","25","84554.8","122483.44","135334.69"
"43","B19","26","89508.19","131566.25","135335.53"
"43","B19","27","95474.28","139622.27","135622.81"
"43","B19","28","101776.9","146810.9","135793.48"
"43","B19","29","107391.76","152014.72","135876.25"
"43","B19","30","111647.96","155810.5","135829.52"
"43","B19","31","114174.23","158454.6","135990.62"
"43","B19","32","115584.375","160698.9","136060.94"
"43","B19","33","116356.9","162588.2","136146.45"
"43","B19","34","117193.07","164467.02","136035.45"
"43","B19","35","118166.086","165876.27","135909.61"
"43","B19","36","118868.16","167258.88","135988.36"
"43","B19","37","119329.91","168967.55","136067.25"
"43","B19","38","119861.67","170003.27","135984.83"
"43","B19","39","120291.89","171360.48","135997.86"
"43","B19","40","120605.54","173020.14","135874.03"
"43","B19","41","120919.27","174264.53","135814.78"
"43","B19","42","121450.34","175693.48","136010.42"
"43","B19","43","121962.8","177171.31","136015.52"
"43","B19","44","122373.43","178330.25","136014.19"
"43","B19","45","122623.3","179589.6","136039.17"
"43","B19","46","123031.71","180838.84","136240.08"
"43","B19","47","123427.484","181665.62","136202.67"
"43","B19","48","123631.07","182770.36","136083.72"
"43","B19","49","124073.29","184142.0","135949.33"
"43","B19","50","124465.71","185535.53","135909.7"
"43","B19","51","124711.39","186749.72","135820.81"
"43","B19","52","124871.25","187764.0","135898.83"
"43","B19","53","125177.586","189007.73","135982.53"
"43","B19","54","125347.375","190243.27","136061.53"
"43","B19","55","125784.234","191437.25","136057.27"
"43","B19","56","126134.195","192502.97","135925.5"
"43","B19","57","126364.69","193561.5","135817.03"
"43","B19","58","126668.3","194701.92","135729.5"
"43","B19","59","126919.03","195779.5","135879.78"
"43","B19","60","127385.086","197087.06","136005.45"
"43","B19","61","127852.15","198411.23","136052.7"
"43","B19","62","128100.734","199586.94","136119.48"
"43","B19","63","128533.664","200951.88","136203.05"
"43","B19","64","129236.75","202315.86","136113.02"
"43","B19","65","130282.82","204089.3","136055.31"
"43","B19","66","131711.33","206320.48","136079.33"
"43","B19","67","133337.64","208714.48","135997.12"
"43","B19","68","135618.84","211626.55","136056.4"
"43","B19","69","138778.62","215147.92","136133.5"
"43","B19","70","142815.16","219212.95","136108.25"
"43","B19","71","147423.4","223746.05","136102.84"
"43","B19","72","152468.81","228649.22","136110.44"
"43","B19","73","157677.25","233698.3","136068.12"
"43","B19","74","163005.95","239037.88","135968.52"
"43","B19","75","168716.75","244381.0","136099.33"
"43","B19","76","174917.56","249512.75","136357.08"
"43","B19","77","181162.95","254481.42","136414.9"
"43","B19","78","187518.31","260189.2","136319.81"
"43","B19","79","194197.61","265639.34","136179.39"
"43","B19","80","200954.34","270881.53","136222.88"
"43","B19","81","207981.97","275963.34","136432.36"
"43","B19","82","214848.53","281128.78","136432.39"
"43","B19","83","222020.34","286449.12","136522.77"
"43","B19","84","229284.48","291856.38","136498.67"
"43","B19","85","237280.7","296892.34","136452.62"
"43","B19","86","245097.47","302108.97","136763.42"
"43","B19","87","252483.53","307157.4","136701.75"
"43","B19","88","260524.25","312751.12","136526.05"
"43","B19","89","268707.12","317916.2","136468.73"
"43","B19","90","275095.1","322249.62","136498.64"
"44","B20","1","67917.43","54473.16","133805.61"
"44","B20","2","67851.31","54494.43","133441.98"
"44","B20","3","67472.484","54764.04","133069.17"
"44","B20","4","67427.36","55030.97","133059.05"
"44","B20","5","67630.71","55413.473","133219.33"
"44","B20","6","67719.266","55635.004","133200.08"
"44","B20","7","67700.06","55888.566","133209.28"
"44","B20","8","67732.9","55879.066","133410.81"
"44","B20","9","67739.71","56019.527","133430.14"
"44","B20","10","67887.9","56276.234","133451.52"
"44","B20","11","67937.33","56304.188","133559.14"
"44","B20","12","67993.266","56370.496","133393.44"
"44","B20","13","67990.26","56682.047","133312.05"
"44","B20","14","68149.4","57075.35","133357.81"
"44","B20","15","68204.85","57505.06","133406.58"
"44","B20","16","68252.42","58471.16","133399.55"
"44","B20","17","68616.05","59905.03","133505.03"
"44","B20","18","69094.81","62604.273","133557.69"
"44","B20","19","70098.375","66967.516","133754.92"
"44","B20","20","71361.5","73388.47","134005.11"
"44","B20","21","73192.63","82140.36","134228.48"
"44","B20","22","75243.61","92391.15","134301.97"
"44","B20","23","77682.78","102920.11","134311.2"
"44","B20","24","80383.266","113289.03","134497.03"
"44","B20","25","83100.695","123052.37","134656.19"
"44","B20","26","86044.46","132177.55","134855.53"
"44","B20","27","89207.6","140898.84","135034.8"
"44","B20","28","92753.836","149167.02","135406.64"
"44","B20","29","96469.14","156113.48","135375.08"
"44","B20","30","100192.9","161489.0","135313.2"
"44","B20","31","102768.83","165302.69","135257.97"
"44","B20","32","104611.94","168307.06","135505.72"
"44","B20","33","105713.016","170675.42","135614.67"
"44","B20","34","106705.48","172067.48","135769.05"
"44","B20","35","107538.79","174066.81","135840.69"
"44","B20","36","108188.03","175614.34","135753.0"
"44","B20","37","108800.97","177176.44","135640.4"
"44","B20","38","109139.53","178711.77","135787.38"
"44","B20","39","109436.016","180212.98","135893.61"
"44","B20","40","109557.03","181607.42","135835.52"
"44","B20","41","110088.26","183152.02","135836.33"
"44","B20","42","110651.2","184350.89","135952.02"
"44","B20","43","110826.29","185700.08","135905.44"
"44","B20","44","111191.14","187061.11","135777.97"
"44","B20","45","111530.63","188286.73","135641.72"
"44","B20","46","111787.16","189689.45","135697.48"
"44","B20","47","111942.58","191071.92","135759.53"
"44","B20","48","112089.48","191946.84","135745.64"
"44","B20","49","112514.92","193122.45","135725.81"
"44","B20","50","112854.63","194573.62","135689.77"
"44","B20","51","113126.15","195639.47","135580.92"
"44","B20","52","113308.47","196715.73","135706.62"
"44","B20","53","113469.84","197944.2","135958.95"
"44","B20","54","113708.96","199215.67","135964.31"
"44","B20","55","113911.29","200568.2","135834.23"
"44","B20","56","114050.24","201530.02","135747.12"
"44","B20","57","114261.484","202829.62","135649.9"
"44","B20","58","114571.03","203978.33","135707.38"
"44","B20","59","114734.12","205119.14","135685.16"
"44","B20","60","115002.836","206161.11","135730.11"
"44","B20","61","115214.22","207009.95","135636.2"
"44","B20","62","115330.734","208207.05","135642.5"
"44","B20","63","115693.66","209334.5","135596.56"
"44","B20","64","116254.516","210777.77","135820.77"
"44","B20","65","116684.4","212090.8","135781.92"
"44","B20","66","116956.164","213533.16","135680.19"
"44","B20","67","117763.66","215213.36","135603.89"
"44","B20","68","118657.49","217236.92","135705.2"
"44","B20","69","120051.234","219537.84","135806.23"
"44","B20","70","121500.164","223032.23","135867.86"
"44","B20","71","123772.0","226804.69","136032.78"
"44","B20","72","126435.98","230874.7","136131.92"
"44","B20","73","129386.3","235946.5","136126.88"
"44","B20","74","132992.12","241126.6","136120.17"
"44","B20","75","136698.53","246468.47","136136.28"
"44","B20","76","140817.97","251865.94","136072.7"
"44","B20","77","144710.58","257462.28","136081.95"
"44","B20","78","149107.94","262960.53","136027.61"
"44","B20","79","153647.39","268119.5","136188.98"
"44","B20","80","158403.7","273647.4","136199.61"
"44","B20","81","163002.89","279108.78","136535.47"
"44","B20","82","168176.05","284453.03","136452.11"
"44","B20","83","173454.42","289654.47","136363.31"
"44","B20","84","178695.5","294950.72","136602.23"
"44","B20","85","184165.83","300152.22","136665.56"
"44","B20","86","189950.33","305339.4","136538.6"
"44","B20","87","196087.47","310229.94","136388.0"
"44","B20","88","202558.61","315135.38","136391.14"
"44","B20","89","208762.92","319701.22","136652.95"
"44","B20","90","214410.14","324266.22","136767.86"
"45","B21","1","63909.395","62796.363","132357.61"
"45","B21","2","63888.88","62838.12","132266.25"
"45","B21","3","63813.1","63422.97","132148.58"
"45","B21","4","63808.285","64153.32","132192.34"
"45","B21","5","63878.98","64702.957","132443.69"
"45","B21","6","63929.734","65037.195","132463.02"
"45","B21","7","63890.688","65409.11","132449.14"
"45","B21","8","63864.824","65668.945","132456.1"
"45","B21","9","63879.92","65607.23","132619.77"
"45","B21","10","63911.1","65700.62","132564.19"
"45","B21","11","64101.695","65841.305","132503.3"
"45","B21","12","64178.094","65903.51","132527.53"
"45","B21","13","64178.74","66185.24","132538.86"
"45","B21","14","64152.504","66466.914","132739.95"
"45","B21","15","64279.81","66811.69","132866.78"
"45","B21","16","64505.883","67705.06","132989.34"
"45","B21","17","64624.87","69163.484","133083.92"
"45","B21","18","65252.57","71899.07","133025.34"
"45","B21","19","65931.19","76109.91","132972.8"
"45","B21","20","66859.67","82572.79","133098.12"
"45","B21","21","68594.27","91035.445","133077.42"
"45","B21","22","70622.42","100976.836","133035.4"
"45","B21","23","72949.375","111506.195","133248.66"
"45","B21","24","75173.48","122135.43","133575.28"
"45","B21","25","77126.36","132018.9","133956.52"
"45","B21","26","79222.34","141502.0","133976.14"
"45","B21","27","81069.516","150886.48","133995.84"
"45","B21","28","82775.8","159244.61","134243.45"
"45","B21","29","84426.91","167374.83","134428.28"
"45","B21","30","86279.39","173806.2","134464.69"
"45","B21","31","88103.54","179079.73","134621.16"
"45","B21","32","89383.805","182977.47","134695.02"
"45","B21","33","90332.91","185870.83","134668.19"
"45","B21","34","91020.914","187907.61","134655.06"
"45","B21","35","91610.96","189737.9","134692.08"
"45","B21","36","92058.13","191801.08","134626.67"
"45","B21","37","92406.414","193411.12","134660.52"
"45","B21","38","92663.35","195105.48","134752.42"
"45","B21","39","93012.88","196518.95","134679.45"
"45","B21","40","93271.05","197937.06","134739.98"
"45","B21","41","93464.97","199535.56","134668.81"
"45","B21","42","93721.92","200821.33","134752.27"
"45","B21","43","93945.05","201974.47","134786.62"
"45","B21","44","94145.1","203266.14","134894.39"
"45","B21","45","94304.586","204188.44","134801.17"
"45","B21","46","94500.414","205576.67","134806.4"
"45","B21","47","94628.91","206920.12","134829.4"
"45","B21","48","94719.11","207974.42","134740.08"
"45","B21","49","94939.23","209198.72","134735.92"
"45","B21","50","95198.016","210585.39","134644.95"
"45","B21","51","95519.3","211656.66","134491.0"
"45","B21","52","95533.06","212619.56","134472.73"
"45","B21","53","95785.266","214010.12","134668.98"
"45","B21","54","95921.266","215360.56","134796.73"
"45","B21","55","96009.93","216608.02","134725.72"
"45","B21","56","96027.61","217943.67","134706.8"
"45","B21","57","96005.04","218918.62","134724.9"
"45","B21","58","96294.84","219710.89","134577.83"
"45","B21","59","96484.34","220913.89","134410.38"
"45","B21","60","96528.03","221819.48","134414.69"
"45","B21","61","96629.82","223338.02","134655.9"
"45","B21","62","96749.62","224288.31","134638.98"
"45","B21","63","96861.32","225200.39","134768.03"
"45","B21","64","97115.47","226001.27","134693.3"
"45","B21","65","97159.63","227289.06","134570.44"
"45","B21","66","97451.664","228464.14","134625.25"
"45","B21","67","97415.914","229694.56","134553.53"
"45","B21","68","97660.83","231111.7","134608.52"
"45","B21","69","98089.24","232373.1","134523.88"
"45","B21","70","98380.97","234159.4","134531.69"
"45","B21","71","98906.12","236324.67","134560.39"
"45","B21","72","99264.52","238966.39","134531.44"
"45","B21","73","99946.36","242521.89","134438.81"
"45","B21","74","100938.336","246812.33","134525.56"
"45","B21","75","102401.695","251671.55","134620.6"
"45","B21","76","104048.4","257491.17","134796.28"
"45","B21","77","105926.414","263576.38","134887.23"
"45","B21","78","108049.914","269639.25","134977.73"
"45","B21","79","110358.91","276074.88","135041.25"
"45","B21","80","112564.734","282818.22","134947.47"
"45","B21","81","115035.77","289685.6","135009.61"
"45","B21","82","117597.29","295989.44","134982.72"
"45","B21","83","120280.26","302457.7","134983.44"
"45","B21","84","123086.01","309043.44","135284.72"
"45","B21","85","126054.35","315713.0","135428.7"
"45","B21","86","129153.016","322381.1","135297.14"
"45","B21","87","132337.56","328574.34","135177.17"
"45","B21","88","136166.66","335828.62","135341.77"
"45","B21","89","140251.31","342357.47","135406.0"
"45","B21","90","143659.23","347628.78","135818.38"
"46","B22","1","66249.82","61974.883","135887.47"
"46","B22","2","66082.41","62029.29","135829.55"
"46","B22","3","65904.336","62451.977","135549.42"
"46","B22","4","65720.14","62881.746","135197.88"
"46","B22","5","65678.484","63234.312","135083.02"
"46","B22","6","65726.91","63573.7","135073.52"
"46","B22","7","65868.81","63863.3","135084.42"
"46","B22","8","65849.68","64009.133","135133.02"
"46","B22","9","65824.01","64163.918","135360.03"
"46","B22","10","65882.72","64288.375","135455.12"
"46","B22","11","65866.94","64443.695","135399.5"
"46","B22","12","65743.26","64451.77","135299.02"
"46","B22","13","65728.38","64571.094","135285.05"
"46","B22","14","65878.016","64853.742","135434.66"
"46","B22","15","66107.76","65433.44","135458.48"
"46","B22","16","66310.86","66197.734","135487.14"
"46","B22","17","66463.414","67522.336","135546.94"
"46","B22","18","66865.06","70305.984","135523.75"
"46","B22","19","67554.56","74610.31","135541.33"
"46","B22","20","68847.625","81169.31","135736.84"
"46","B22","21","70968.99","89718.3","136069.92"
"46","B22","22","73253.96","99814.94","136373.02"
"46","B22","23","75803.12","110419.695","136352.84"
"46","B22","24","78551.016","121137.18","136316.31"
"46","B22","25","81200.75","131546.67","136656.92"
"46","B22","26","83506.22","141533.61","137077.83"
"46","B22","27","85799.75","151158.44","137280.48"
"46","B22","28","87960.016","159796.23","137416.25"
"46","B22","29","89931.41","167385.19","137519.53"
"46","B22","30","92038.09","174439.81","137608.06"
"46","B22","31","93908.7","179532.06","137652.48"
"46","B22","32","95744.26","183374.19","137825.4"
"46","B22","33","96862.39","186384.23","137764.2"
"46","B22","34","97652.93","188616.45","137724.11"
"46","B22","35","98072.19","190685.73","137958.78"
"46","B22","36","98447.625","192689.16","138200.19"
"46","B22","37","98830.12","194159.8","138198.6"
"46","B22","38","99486.945","195759.92","138054.02"
"46","B22","39","99903.33","197422.23","138047.25"
"46","B22","40","99969.234","198593.69","138066.5"
"46","B22","41","100280.81","200123.2","137991.44"
"46","B22","42","100563.53","201632.38","138191.9"
"46","B22","43","100702.875","203167.52","138265.23"
"46","B22","44","101238.41","204713.17","138195.62"
"46","B22","45","101360.96","205856.3","138387.81"
"46","B22","46","101515.69","207248.98","138292.25"
"46","B22","47","101810.9","208630.92","138179.42"
"46","B22","48","102046.97","210177.94","138393.77"
"46","B22","49","102044.1","211144.52","138387.83"
"46","B22","50","102430.7","211991.78","138224.16"
"46","B22","51","102619.72","213370.88","138085.16"
"46","B22","52","102801.95","214798.55","138150.66"
"46","B22","53","103012.29","216227.97","138053.14"
"46","B22","54","103215.08","217297.31","138086.98"
"46","B22","55","103354.58","218738.22","138123.83"
"46","B22","56","103311.58","219975.81","138058.72"
"46","B22","57","103606.04","220847.98","138278.39"
"46","B22","58","103652.695","222343.11","138398.98"
"46","B22","59","103659.36","223621.36","138642.17"
"46","B22","60","103917.75","224495.61","138445.69"
"46","B22","61","104103.8","225374.88","138143.36"
"46","B22","62","104330.125","226645.05","137991.56"
"46","B22","63","104536.58","228066.78","138171.58"
"46","B22","64","104713.45","229211.83","138355.73"
"46","B22","65","104710.45","230540.94","138289.55"
"46","B22","66","104962.52","231990.56","138202.0"
"46","B22","67","105295.734","233472.44","138468.19"
"46","B22","68","105691.56","234827.62","138497.86"
"46","B22","69","105984.51","236920.05","138394.55"
"46","B22","70","106418.44","238881.84","138300.19"
"46","B22","71","107213.836","241876.81","138298.19"
"46","B22","72","108085.31","245416.61","138237.72"
"46","B22","73","109430.555","249727.06","138225.84"
"46","B22","74","111281.98","254690.6","138158.83"
"46","B22","75","113226.04","259953.92","138414.17"
"46","B22","76","115543.41","265961.7","138529.6"
"46","B22","77","117955.76","272295.22","138520.39"
"46","B22","78","120519.21","278672.25","138643.9"
"46","B22","79","123234.72","285483.56","138714.66"
"46","B22","80","126247.945","291773.84","138999.48"
"46","B22","81","129238.484","298769.03","139192.78"
"46","B22","82","132362.89","305358.16","139162.19"
"46","B22","83","135739.14","311866.66","139134.75"
"46","B22","84","138994.9","318353.66","139277.62"
"46","B22","85","142456.48","324758.4","139699.17"
"46","B22","86","146509.72","331510.47","139621.77"
"46","B22","87","150729.16","337908.78","139477.98"
"46","B22","88","155197.5","344313.7","139503.7"
"46","B22","89","159947.69","350725.2","139774.81"
"46","B22","90","163726.06","356274.4","139789.12"
"47","B23","1","67092.82","62600.117","124625.945"
"47","B23","2","66987.51","62628.23","124476.945"
"47","B23","3","66685.62","63052.875","124345.375"
"47","B23","4","66650.16","63700.016","124275.67"
"47","B23","5","66811.92","64254.047","124287.1"
"47","B23","6","66933.06","64428.27","124449.83"
"47","B23","7","66781.35","64748.105","124618.16"
"47","B23","8","66742.555","64783.645","124511.83"
"47","B23","9","66850.4","64930.777","124301.555"
"47","B23","10","66911.77","65214.707","124266.766"
"47","B23","11","67138.34","65201.426","124351.4"
"47","B23","12","67007.055","65411.35","124479.46"
"47","B23","13","66930.96","65740.26","124463.36"
"47","B23","14","67040.84","65956.2","124403.58"
"47","B23","15","67264.56","66433.1","124374.76"
"47","B23","16","67340.586","67226.43","124399.97"
"47","B23","17","67695.64","68399.75","124421.42"
"47","B23","18","68025.516","70567.66","124569.39"
"47","B23","19","68840.74","74471.04","124606.42"
"47","B23","20","69931.85","80266.234","124766.89"
"47","B23","21","71523.766","87986.9","124798.94"
"47","B23","22","73652.36","97056.94","124797.73"
"47","B23","23","75871.84","106527.71","125028.01"
"47","B23","24","77924.1","116081.28","125153.62"
"47","B23","25","79885.62","125684.375","125243.94"
"47","B23","26","81586.08","134656.5","125567.62"
"47","B23","27","82991.44","143190.11","125628.336"
"47","B23","28","84141.805","150930.8","125695.87"
"47","B23","29","84997.54","158292.19","125790.82"
"47","B23","30","85761.69","164569.78","125888.99"
"47","B23","31","86348.86","169525.84","125901.79"
"47","B23","32","87062.805","173506.2","126199.22"
"47","B23","33","87560.22","176473.72","126096.74"
"47","B23","34","87925.76","178711.62","125991.13"
"47","B23","35","87998.18","180664.23","126127.734"
"47","B23","36","88191.164","182599.75","126133.33"
"47","B23","37","88585.81","183950.42","126248.58"
"47","B23","38","88540.195","185580.36","126299.62"
"47","B23","39","88494.68","187053.86","126141.445"
"47","B23","40","88813.12","188514.75","126023.64"
"47","B23","41","88838.664","189888.62","126129.89"
"47","B23","42","88934.45","190892.25","126235.69"
"47","B23","43","89082.766","192529.27","126261.625"
"47","B23","44","89091.78","193977.61","126189.32"
"47","B23","45","89261.72","195244.03","126296.516"
"47","B23","46","89414.46","196382.45","126292.41"
"47","B23","47","89338.67","197644.12","126211.02"
"47","B23","48","89226.15","198690.83","126307.43"
"47","B23","49","89642.35","199997.53","126235.4"
"47","B23","50","89546.36","201322.7","126166.97"
"47","B23","51","89396.85","202399.5","126078.18"
"47","B23","52","89445.47","203327.53","126133.38"
"47","B23","53","89514.484","204463.67","126072.21"
"47","B23","54","89501.92","205669.3","126125.516"
"47","B23","55","89694.984","206738.81","126058.76"
"47","B23","56","89668.83","208096.25","125970.87"
"47","B23","57","89704.305","209260.31","126124.46"
"47","B23","58","89751.984","210178.17","126271.82"
"47","B23","59","89703.4","211168.55","126203.74"
"47","B23","60","89879.086","212158.81","126080.3"
"47","B23","61","89992.11","213449.98","126081.34"
"47","B23","62","89837.81","214396.05","126054.69"
"47","B23","63","89698.94","215471.53","125955.14"
"47","B23","64","89889.02","216281.39","125974.91"
"47","B23","65","89973.05","217429.23","126023.59"
"47","B23","66","89854.53","218522.48","126150.02"
"47","B23","67","89857.56","219430.77","126085.27"
"47","B23","68","89966.49","220667.52","125997.27"
"47","B23","69","90176.164","221897.9","126089.8"
"47","B23","70","90273.57","223176.03","125937.375"
"47","B23","71","90229.766","224321.55","125828.88"
"47","B23","72","90174.05","225922.89","125978.57"
"47","B23","73","90158.24","227954.81","126103.71"
"47","B23","74","90270.04","230357.7","126029.76"
"47","B23","75","90322.664","233650.28","125892.08"
"47","B23","76","90446.055","237432.64","125798.67"
"47","B23","77","90654.43","241913.97","125936.8"
"47","B23","78","91164.51","247130.86","126112.84"
"47","B23","79","91532.77","253563.72","126205.52"
"47","B23","80","92063.06","259743.11","126216.34"
"47","B23","81","92427.7","266206.22","126349.0"
"47","B23","82","93011.305","272704.4","126353.44"
"47","B23","83","93676.8","279221.16","126454.49"
"47","B23","84","94322.875","285674.4","126485.164"
"47","B23","85","95153.96","292547.3","126622.516"
"47","B23","86","96129.31","299429.62","126707.836"
"47","B23","87","97273.93","305846.84","126696.14"
"47","B23","88","98465.016","312637.2","126866.414"
"47","B23","89","99223.805","319442.47","126830.3"
"47","B23","90","100128.88","324962.06","126972.27"
"48","B24","1","74820.9","65416.895","128255.23"
"48","B24","2","74606.766","65451.547","127981.79"
"48","B24","3","74333.234","65949.01","127765.48"
"48","B24","4","74018.91","66641.35","127583.99"
"48","B24","5","73964.234","67297.836","127569.25"
"48","B24","6","74097.45","67572.7","127692.24"
"48","B24","7","74105.336","67665.25","127723.44"
"48","B24","8","74093.49","68036.93","127712.875"
"48","B24","9","73910.984","68066.07","127780.47"
"48","B24","10","73869.33","68297.36","127801.414"
"48","B24","11","73931.98","68404.055","127819.625"
"48","B24","12","74044.18","68386.164","127639.4"
"48","B24","13","74020.85","68505.54","127588.69"
"48","B24","14","73942.36","69014.01","127631.11"
"48","B24","15","73938.86","69138.336","127653.37"
"48","B24","16","74066.734","69749.05","127766.62"
"48","B24","17","74165.664","71448.664","127735.43"
"48","B24","18","74440.89","73853.64","127705.62"
"48","B24","19","75226.39","77643.37","127776.91"
"48","B24","20","76528.8","83756.27","127891.016"
"48","B24","21","78082.71","91986.54","128115.9"
"48","B24","22","80082.6","101596.95","128302.61"
"48","B24","23","82388.45","111629.69","128351.55"
"48","B24","24","84382.72","121918.64","128639.484"
"48","B24","25","86388.84","131848.64","128677.84"
"48","B24","26","87973.95","141314.64","128801.99"
"48","B24","27","89164.38","150285.02","128857.375"
"48","B24","28","90247.89","159045.62","129099.445"
"48","B24","29","90924.45","166612.97","129410.27"
"48","B24","30","91194.89","173759.6","129464.86"
"48","B24","31","91791.06","179192.67","129420.414"
"48","B24","32","91834.62","183373.11","129447.32"
"48","B24","33","92141.08","186354.6","129507.56"
"48","B24","34","92566.24","189135.02","129497.836"
"48","B24","35","92543.5","191405.89","129641.14"
"48","B24","36","92260.836","193429.47","129555.89"
"48","B24","37","92533.77","194952.47","129484.34"
"48","B24","38","92705.65","196598.72","129554.81"
"48","B24","39","92705.84","198202.4","129709.6"
"48","B24","40","92553.33","199817.3","129636.75"
"48","B24","41","92603.484","201221.42","129584.94"
"48","B24","42","92585.59","202823.2","129607.61"
"48","B24","43","92464.695","204099.11","129417.47"
"48","B24","44","92653.19","205481.19","129330.305"
"48","B24","45","92458.81","207105.22","129602.664"
"48","B24","46","92587.62","208252.92","129736.76"
"48","B24","47","92669.58","209373.42","129662.28"
"48","B24","48","92757.766","210853.36","129718.15"
"48","B24","49","92659.625","212275.78","129702.52"
"48","B24","50","92472.65","213534.03","129715.64"
"48","B24","51","92332.24","214866.58","129811.3"
"48","B24","52","92364.76","216011.62","129774.55"
"48","B24","53","92484.055","217377.8","129686.57"
"48","B24","54","92381.2","218328.11","129542.74"
"48","B24","55","92295.25","219672.84","129433.234"
"48","B24","56","92464.16","221132.34","129544.16"
"48","B24","57","92568.67","222426.23","129649.0"
"48","B24","58","92608.984","223227.25","129687.414"
"48","B24","59","92466.06","224457.42","129602.0"
"48","B24","60","92162.42","226082.84","129614.42"
"48","B24","61","92143.96","226936.94","129426.29"
"48","B24","62","92220.76","228005.1","129292.26"
"48","B24","63","92417.875","228972.27","129386.49"
"48","B24","64","92126.13","230119.88","129533.734"
"48","B24","65","92016.1","231329.1","129532.47"
"48","B24","66","92002.36","232561.28","129598.086"
"48","B24","67","92133.484","233469.31","129631.94"
"48","B24","68","92105.68","234297.9","129575.94"
"48","B24","69","91909.27","235535.77","129533.88"
"48","B24","70","91801.03","236836.38","129606.1"
"48","B24","71","91696.57","238154.86","129620.96"
"48","B24","72","91967.32","239052.92","129543.96"
"48","B24","73","92072.695","240121.53","129644.2"
"48","B24","74","91889.27","241341.36","129609.555"
"48","B24","75","91966.9","242822.73","129487.29"
"48","B24","76","91999.29","244242.98","129372.09"
"48","B24","77","92121.28","245635.64","129273.586"
"48","B24","78","92318.5","247416.78","129373.52"
"48","B24","79","92307.99","249311.8","129514.57"
"48","B24","80","92763.52","251819.67","129690.35"
"48","B24","81","93244.586","255471.02","129654.28"
"48","B24","82","93512.98","259737.19","129677.98"
"48","B24","83","94023.836","264574.12","129753.57"
"48","B24","84","94498.82","270444.97","129824.15"
"48","B24","85","95356.555","277105.9","129826.375"
"48","B24","86","96253.18","284798.2","129947.5"
"48","B24","87","97079.07","293283.34","129960.22"
"48","B24","88","98135.59","302350.47","130309.28"
"48","B24","89","99166.375","311483.03","130343.3"
"48","B24","90","100848.8","319075.78","130415.34"
"49","C1","1","67975.73","59334.92","139772.9"
"49","C1","2","67700.836","59289.516","139479.16"
"49","C1","3","67416.4","59331.21","138755.75"
"49","C1","4","67304.09","59650.902","138504.69"
"49","C1","5","67154.73","59920.86","138408.9"
"49","C1","6","66978.305","59968.12","138272.1"
"49","C1","7","67003.9","60100.062","138047.12"
"49","C1","8","67377.79","60383.652","138041.77"
"49","C1","9","67939.586","60799.03","138226.6"
"49","C1","10","68589.234","61209.99","138305.33"
"49","C1","11","70480.016","61995.32","138550.1"
"49","C1","12","73885.01","63316.72","138474.7"
"49","C1","13","79211.2","65581.15","138372.39"
"49","C1","14","87327.25","69529.33","138281.47"
"49","C1","15","98295.35","75311.88","138327.9"
"49","C1","16","110863.84","83933.15","138755.45"
"49","C1","17","125040.266","94680.414","138957.0"
"49","C1","18","140673.95","106129.31","139040.86"
"49","C1","19","157191.14","116900.28","139046.02"
"49","C1","20","173209.03","125700.586","139124.3"
"49","C1","21","186977.6","132254.3","139332.81"
"49","C1","22","197834.31","137030.58","139420.64"
"49","C1","23","205230.67","140708.88","139369.81"
"49","C1","24","210773.34","143245.28","139228.47"
"49","C1","25","215201.1","145318.48","139187.22"
"49","C1","26","217990.78","146752.73","139468.3"
"49","C1","27","220372.06","148482.38","139576.58"
"49","C1","28","222694.22","150235.83","139683.83"
"49","C1","29","224008.6","152034.66","139624.27"
"49","C1","30","225033.92","153689.47","139564.9"
"49","C1","31","226094.89","154849.05","139552.08"
"49","C1","32","227199.66","156197.8","139499.08"
"49","C1","33","227889.42","157914.98","139655.05"
"49","C1","34","228946.2","159164.67","139745.33"
"49","C1","35","229817.94","160537.5","139787.06"
"49","C1","36","230555.78","161863.75","139685.3"
"49","C1","37","231188.45","162886.27","139573.11"
"49","C1","38","231648.75","164302.7","139648.19"
"49","C1","39","232331.4","165173.16","139799.08"
"49","C1","40","232532.53","166544.02","139735.2"
"49","C1","41","233012.1","167569.44","139708.08"
"49","C1","42","233747.16","168591.16","139597.33"
"49","C1","43","234344.66","169839.6","139563.25"
"49","C1","44","234841.33","170707.61","139716.84"
"49","C1","45","235161.9","171636.9","139690.64"
"49","C1","46","235334.97","172503.92","139606.81"
"49","C1","47","235769.83","173618.14","139699.38"
"49","C1","48","236430.03","174787.78","139726.97"
"49","C1","49","236959.4","175660.11","139679.12"
"49","C1","50","237664.89","176452.05","139783.86"
"49","C1","51","238149.45","177359.86","139931.16"
"49","C1","52","238528.64","178760.61","139613.84"
"49","C1","53","238457.4","180138.42","139490.78"
"49","C1","54","239028.33","181088.62","139693.88"
"49","C1","55","239621.86","181733.86","139676.61"
"49","C1","56","240051.9","182436.22","139735.47"
"49","C1","57","240560.9","183534.66","139660.2"
"49","C1","58","241248.47","184543.92","139671.3"
"49","C1","59","241782.3","185478.36","139756.45"
"49","C1","60","242171.38","186530.8","139797.12"
"49","C1","61","243147.89","187503.58","139691.3"
"49","C1","62","243974.9","188890.16","139585.1"
"49","C1","63","245163.92","190310.78","139652.4"
"49","C1","64","247095.48","192065.62","139672.05"
"49","C1","65","249638.62","193845.67","139574.33"
"49","C1","66","252678.2","195970.39","139612.92"
"49","C1","67","256639.42","198878.03","139850.33"
"49","C1","68","262000.36","202079.97","139902.19"
"49","C1","69","267911.53","206105.89","139788.78"
"49","C1","70","274836.5","210605.52","139641.94"
"49","C1","71","282320.4","214978.05","139580.92"
"49","C1","72","290167.22","219788.69","139797.98"
"49","C1","73","298066.75","224689.0","139770.16"
"49","C1","74","306570.12","229574.92","139783.33"
"49","C1","75","315125.12","234791.56","139701.77"
"49","C1","76","323577.3","240061.31","139742.8"
"49","C1","77","330859.84","245671.52","139831.9"
"49","C1","78","338860.6","251556.77","139831.64"
"49","C1","79","347154.25","257393.83","139958.23"
"49","C1","80","354255.6","263779.47","139945.67"
"49","C1","81","362260.1","270075.72","140156.0"
"49","C1","82","370514.9","276954.84","140231.44"
"49","C1","83","378000.34","283749.75","140364.61"
"49","C1","84","386490.7","291216.53","140312.12"
"49","C1","85","395354.88","299237.56","140313.12"
"49","C1","86","404877.78","306977.88","140475.3"
"49","C1","87","414377.34","315335.84","140678.48"
"49","C1","88","423656.53","323734.4","140666.27"
"49","C1","89","433125.06","332352.9","140687.84"
"49","C1","90","442535.06","340494.0","140893.58"
"50","C2","1","69256.37","56128.008","134955.03"
"50","C2","2","68936.445","56117.438","134602.5"
"50","C2","3","68489.72","56137.418","134101.06"
"50","C2","4","68435.8","56287.418","134021.19"
"50","C2","5","68525.43","56540.37","134064.4"
"50","C2","6","68516.83","56929.883","134115.14"
"50","C2","7","68556.05","57271.527","134156.95"
"50","C2","8","68933.164","57307.78","134332.16"
"50","C2","9","69613.664","57556.363","134466.27"
"50","C2","10","70646.34","57975.5","134485.39"
"50","C2","11","72357.74","58807.902","134516.16"
"50","C2","12","75440.625","60175.848","134504.05"
"50","C2","13","80610.625","62464.934","134617.78"
"50","C2","14","87933.016","66411.016","134647.0"
"50","C2","15","97550.68","72263.02","134661.4"
"50","C2","16","108341.586","80689.77","134621.02"
"50","C2","17","119816.22","90840.01","134652.98"
"50","C2","18","131828.55","101783.5","134642.78"
"50","C2","19","145174.11","112288.78","134764.38"
"50","C2","20","159571.14","121127.234","134769.62"
"50","C2","21","174161.78","128079.125","134885.9"
"50","C2","22","186408.33","133233.16","134828.39"
"50","C2","23","195754.28","137054.22","134799.31"
"50","C2","24","202492.22","139852.73","135009.56"
"50","C2","25","206912.67","142284.89","134986.7"
"50","C2","26","209840.11","144320.05","134948.89"
"50","C2","27","212037.2","146157.5","134935.95"
"50","C2","28","214168.69","147711.52","135042.39"
"50","C2","29","215673.14","149176.47","134991.8"
"50","C2","30","216855.7","150937.86","134989.5"
"50","C2","31","217682.3","152539.77","135069.69"
"50","C2","32","218493.62","153886.6","134988.36"
"50","C2","33","219453.5","155203.12","134856.8"
"50","C2","34","220416.28","156105.75","134791.73"
"50","C2","35","220860.28","157463.52","134877.6"
"50","C2","36","221373.6","158613.95","134854.33"
"50","C2","37","221893.17","159741.83","134932.53"
"50","C2","38","222379.9","160855.89","135033.28"
"50","C2","39","223018.25","161991.45","135225.34"
"50","C2","40","223343.7","163043.16","135191.5"
"50","C2","41","224085.84","164278.83","135099.38"
"50","C2","42","224541.22","165493.52","135031.27"
"50","C2","43","224921.28","166377.9","135049.75"
"50","C2","44","225238.62","167637.81","135010.92"
"50","C2","45","225719.28","168654.75","135090.45"
"50","C2","46","226362.48","169555.06","135046.67"
"50","C2","47","226805.03","170701.67","135050.19"
"50","C2","48","227482.03","171710.12","134976.16"
"50","C2","49","227719.75","172896.42","134925.77"
"50","C2","50","228061.73","173729.23","134901.55"
"50","C2","51","228520.47","174714.48","135074.45"
"50","C2","52","228691.86","175618.58","134986.81"
"50","C2","53","229185.89","176385.19","134923.88"
"50","C2","54","229640.69","177330.48","135067.61"
"50","C2","55","230375.5","178273.27","135030.88"
"50","C2","56","230514.48","179248.61","135017.98"
"50","C2","57","230705.61","180248.17","134995.88"
"50","C2","58","231489.66","181340.77","134942.83"
"50","C2","59","231960.78","182615.94","135039.4"
"50","C2","60","232577.97","183597.16","135082.64"
"50","C2","61","233354.23","184533.75","135080.06"
"50","C2","62","234040.25","185647.19","135058.39"
"50","C2","63","235258.55","187037.9","134983.52"
"50","C2","64","236665.62","188616.67","134973.53"
"50","C2","65","239023.72","190469.17","134885.14"
"50","C2","66","241908.72","193005.69","134847.3"
"50","C2","67","245508.31","196086.7","135031.55"
"50","C2","68","250102.1","199452.75","135000.44"
"50","C2","69","255819.2","203629.52","134948.88"
"50","C2","70","262249.84","208066.62","134857.61"
"50","C2","71","269269.75","213425.3","134777.38"
"50","C2","72","276163.4","218695.67","134742.02"
"50","C2","73","284068.28","224011.14","134916.14"
"50","C2","74","291770.8","229567.78","134998.89"
"50","C2","75","299337.8","235220.44","134975.92"
"50","C2","76","307176.4","241000.2","134902.45"
"50","C2","77","314677.97","246766.89","134926.22"
"50","C2","78","322474.7","253018.27","134993.48"
"50","C2","79","330407.53","259509.12","135077.02"
"50","C2","80","338077.4","266306.1","135040.31"
"50","C2","81","345948.06","273296.12","135103.2"
"50","C2","82","354524.03","280268.4","135091.38"
"50","C2","83","362755.4","287390.78","135118.69"
"50","C2","84","370744.78","295297.7","135057.5"
"50","C2","85","380331.03","303604.7","135005.9"
"50","C2","86","389343.62","311804.06","135178.02"
"50","C2","87","399034.25","319881.56","135266.4"
"50","C2","88","409212.12","328412.3","135188.94"
"50","C2","89","419832.84","336537.34","135160.23"
"50","C2","90","429345.28","343217.4","135182.3"
"51","C3","1","65102.156","60077.96","137593.05"
"51","C3","2","64954.63","60086.28","137231.38"
"51","C3","3","64521.8","60207.06","136601.08"
"51","C3","4","64311.08","60328.875","136392.67"
"51","C3","5","64226.695","60461.305","136201.14"
"51","C3","6","64216.56","60654.75","136131.17"
"51","C3","7","64249.246","60852.277","136103.98"
"51","C3","8","64373.508","61056.973","136083.17"
"51","C3","9","64860.105","61407.715","136066.45"
"51","C3","10","65728.84","61953.76","136073.66"
"51","C3","11","67529.34","62658.566","136121.17"
"51","C3","12","70485.805","63967.9","136156.23"
"51","C3","13","75175.61","66229.32","136335.08"
"51","C3","14","82119.28","70675.62","136433.33"
"51","C3","15","90958.234","77484.09","136426.9"
"51","C3","16","100329.55","86467.66","136546.47"
"51","C3","17","109452.06","97287.664","136676.94"
"51","C3","18","118300.44","108828.0","136702.95"
"51","C3","19","127584.22","120288.34","136958.53"
"51","C3","20","137783.05","130113.78","137116.31"
"51","C3","21","149221.28","138549.45","137109.89"
"51","C3","22","161200.25","145382.11","137290.28"
"51","C3","23","171917.7","151037.52","137342.3"
"51","C3","24","180141.06","155826.06","137266.4"
"51","C3","25","185695.25","159141.67","137259.53"
"51","C3","26","189143.4","162024.27","137214.1"
"51","C3","27","191681.22","164389.28","137379.62"
"51","C3","28","193658.48","166231.27","137606.12"
"51","C3","29","195073.44","168295.88","137589.31"
"51","C3","30","195972.53","170344.7","137515.77"
"51","C3","31","196801.08","171791.73","137635.03"
"51","C3","32","197704.81","173177.31","137646.42"
"51","C3","33","198466.86","174671.72","137645.17"
"51","C3","34","199323.31","176183.75","137716.31"
"51","C3","35","200048.66","177428.1","137663.53"
"51","C3","36","200596.89","178560.34","137677.3"
"51","C3","37","201193.77","179711.95","137634.78"
"51","C3","38","201528.62","181105.0","137788.11"
"51","C3","39","202071.75","182485.5","137793.39"
"51","C3","40","202544.14","183467.25","137704.84"
"51","C3","41","202891.45","184605.02","137653.61"
"51","C3","42","203037.77","186089.19","137870.11"
"51","C3","43","203491.2","187307.31","137807.48"
"51","C3","44","204022.81","188342.3","137674.58"
"51","C3","45","204587.61","189407.02","137579.34"
"51","C3","46","205291.92","190705.83","137551.25"
"51","C3","47","205565.16","191669.98","137622.69"
"51","C3","48","205833.11","192696.62","137707.66"
"51","C3","49","206062.14","194121.7","137743.83"
"51","C3","50","206453.06","195381.38","137747.36"
"51","C3","51","206799.48","196164.0","137749.17"
"51","C3","52","206923.9","197255.75","137764.72"
"51","C3","53","207526.75","198297.92","137807.16"
"51","C3","54","207879.33","199091.02","137930.72"
"51","C3","55","208191.58","200121.52","137893.84"
"51","C3","56","208365.03","201280.92","137862.92"
"51","C3","57","208496.88","202181.45","137792.47"
"51","C3","58","208931.36","203223.06","137671.64"
"51","C3","59","209296.98","204272.73","137595.95"
"51","C3","60","209996.6","205464.27","137745.75"
"51","C3","61","210008.86","206509.81","137741.66"
"51","C3","62","211259.98","207670.94","137809.97"
"51","C3","63","212612.0","209275.86","137919.52"
"51","C3","64","213355.2","211315.52","137879.48"
"51","C3","65","215077.89","213576.98","137822.45"
"51","C3","66","217687.94","216341.2","137803.53"
"51","C3","67","220476.72","219662.94","137696.5"
"51","C3","68","224319.66","223484.66","137720.48"
"51","C3","69","229267.23","227951.39","137963.02"
"51","C3","70","234252.4","233490.61","137946.97"
"51","C3","71","240542.58","239486.45","138017.56"
"51","C3","72","246949.19","245799.34","138003.03"
"51","C3","73","252498.98","252571.11","138189.2"
"51","C3","74","259450.67","259304.39","138271.9"
"51","C3","75","266599.16","265739.4","138378.62"
"51","C3","76","273217.72","273500.12","138393.58"
"51","C3","77","279965.7","281029.62","138360.61"
"51","C3","78","287055.7","288786.28","138426.61"
"51","C3","79","293631.03","296879.97","138536.58"
"51","C3","80","301701.9","304954.16","138530.62"
"51","C3","81","310007.62","313875.9","138655.38"
"51","C3","82","318075.3","322877.94","138735.98"
"51","C3","83","326605.62","331732.25","138725.39"
"51","C3","84","335943.3","341382.28","138739.45"
"51","C3","85","346065.2","351014.38","138709.56"
"51","C3","86","356482.38","360502.72","138812.53"
"51","C3","87","366492.25","370322.16","138921.44"
"51","C3","88","377160.6","378944.16","139163.28"
"51","C3","89","387206.8","388999.88","139274.44"
"51","C3","90","395548.6","397032.25","139384.95"
"52","C4","1","62406.473","59085.152","134114.33"
"52","C4","2","62259.918","59039.703","133801.8"
"52","C4","3","62102.156","59068.598","133425.78"
"52","C4","4","61916.125","59370.25","133138.03"
"52","C4","5","61738.207","59786.55","132982.1"
"52","C4","6","61715.2","59951.426","132962.94"
"52","C4","7","61804.977","60023.637","132992.98"
"52","C4","8","62027.66","60137.195","133014.03"
"52","C4","9","62573.957","60581.246","133117.16"
"52","C4","10","63520.043","61120.83","133122.03"
"52","C4","11","65067.24","61931.168","133079.44"
"52","C4","12","67978.48","63201.184","133083.97"
"52","C4","13","72620.59","65628.43","133219.67"
"52","C4","14","79535.53","69692.016","133249.38"
"52","C4","15","88330.61","75718.44","133422.89"
"52","C4","16","97391.9","84337.5","133621.22"
"52","C4","17","105780.36","95163.0","133644.55"
"52","C4","18","113478.625","106838.63","133879.53"
"52","C4","19","121099.32","118112.3","134202.06"
"52","C4","20","128896.4","128093.36","134282.12"
"52","C4","21","137374.95","137078.12","134255.86"
"52","C4","22","146519.97","144916.11","134454.94"
"52","C4","23","155661.95","151497.25","134563.08"
"52","C4","24","163816.47","157580.17","134654.27"
"52","C4","25","170195.22","162782.22","134624.89"
"52","C4","26","174582.31","166650.58","134817.28"
"52","C4","27","177269.55","169634.39","134931.53"
"52","C4","28","179179.48","172107.11","134944.84"
"52","C4","29","180550.83","174143.06","134934.48"
"52","C4","30","181685.52","175889.56","134851.1"
"52","C4","31","182715.34","177686.2","134741.7"
"52","C4","32","183508.27","179330.9","134830.62"
"52","C4","33","184101.62","180734.67","135062.89"
"52","C4","34","184969.03","181956.08","135198.38"
"52","C4","35","185739.0","183553.08","135308.38"
"52","C4","36","186128.8","185130.27","135193.56"
"52","C4","37","186509.75","186267.36","135029.05"
"52","C4","38","186862.9","187658.94","134977.11"
"52","C4","39","187432.94","189110.28","135110.56"
"52","C4","40","187967.73","190089.83","135119.12"
"52","C4","41","188337.53","191238.47","135078.36"
"52","C4","42","188525.92","192526.52","135378.27"
"52","C4","43","189103.8","193623.62","135487.7"
"52","C4","44","189444.5","194611.58","135432.64"
"52","C4","45","190112.83","195811.78","135361.34"
"52","C4","46","190541.38","197216.66","135442.11"
"52","C4","47","190760.6","198512.75","135461.64"
"52","C4","48","191085.33","199357.77","135378.44"
"52","C4","49","191355.72","200567.52","135238.33"
"52","C4","50","191872.5","201638.4","135179.64"
"52","C4","51","191988.2","202508.8","135328.5"
"52","C4","52","192434.34","203430.31","135540.34"
"52","C4","53","192896.94","204542.44","135464.67"
"52","C4","54","193321.34","205719.0","135353.97"
"52","C4","55","193445.02","206948.44","135314.2"
"52","C4","56","193817.69","207901.72","135329.98"
"52","C4","57","194347.06","208868.98","135268.05"
"52","C4","58","194770.69","210137.8","135400.98"
"52","C4","59","195163.14","211708.27","135255.42"
"52","C4","60","195736.73","213167.56","135153.77"
"52","C4","61","196356.58","214533.44","135393.39"
"52","C4","62","197176.06","216254.12","135508.89"
"52","C4","63","198555.11","218374.36","135413.77"
"52","C4","64","200087.44","220979.7","135338.94"
"52","C4","65","202121.33","223504.2","135590.75"
"52","C4","66","204638.0","226951.64","135592.64"
"52","C4","67","208278.69","231529.95","135559.36"
"52","C4","68","212456.61","236793.28","135768.03"
"52","C4","69","217372.16","242402.58","135754.89"
"52","C4","70","223549.4","249095.75","135728.58"
"52","C4","71","230215.05","256915.67","135756.45"
"52","C4","72","238149.58","264992.53","136022.02"
"52","C4","73","247066.84","273355.28","136074.42"
"52","C4","74","256158.25","282497.4","136123.61"
"52","C4","75","265174.4","291620.75","136386.19"
"52","C4","76","274677.38","301142.4","136401.36"
"52","C4","77","284236.38","310814.22","136288.94"
"52","C4","78","293849.44","320085.62","136419.55"
"52","C4","79","304006.2","329417.8","136498.55"
"52","C4","80","313494.56","339227.6","136598.92"
"52","C4","81","322323.03","348747.56","136873.42"
"52","C4","82","331622.47","357688.56","136772.1"
"52","C4","83","340338.3","365989.47","136548.58"
"52","C4","84","347612.6","373302.1","135914.77"
"52","C4","85","354287.6","380173.7","135327.62"
"52","C4","86","361575.9","387119.94","135024.98"
"52","C4","87","369399.44","393940.9","134865.44"
"52","C4","88","376920.2","400367.2","134772.38"
"52","C4","89","383883.16","408435.5","134504.95"
"52","C4","90","389993.53","414403.06","134343.69"
"53","C5","1","70360.43","60878.15","137823.39"
"53","C5","2","70083.516","60891.64","137648.42"
"53","C5","3","69769.62","61094.54","137245.39"
"53","C5","4","69410.36","61408.727","136976.0"
"53","C5","5","69270.29","61786.88","136836.75"
"53","C5","6","69273.914","61862.18","136714.48"
"53","C5","7","69423.016","62152.645","136663.55"
"53","C5","8","69737.016","62357.664","136742.12"
"53","C5","9","70102.96","62536.63","136751.27"
"53","C5","10","70999.05","62985.734","136687.05"
"53","C5","11","72547.516","63727.625","136586.67"
"53","C5","12","75596.086","65054.875","136374.48"
"53","C5","13","80534.99","67329.64","136284.06"
"53","C5","14","87811.37","71428.44","136292.66"
"53","C5","15","96828.98","77746.65","136393.78"
"53","C5","16","106310.234","86656.06","136463.52"
"53","C5","17","115215.99","97774.09","136552.33"
"53","C5","18","122946.01","109841.914","137008.67"
"53","C5","19","130074.27","121275.75","137224.14"
"53","C5","20","136740.44","131672.03","137300.31"
"53","C5","21","143024.3","140807.39","137360.1"
"53","C5","22","149291.66","149069.08","137585.16"
"53","C5","23","155454.6","157260.78","137812.72"
"53","C5","24","161387.38","165381.64","137830.0"
"53","C5","25","167025.08","173167.77","138017.84"
"53","C5","26","171272.36","179344.52","138035.12"
"53","C5","27","174108.3","184153.62","138202.03"
"53","C5","28","176154.33","187508.31","138236.6"
"53","C5","29","177687.5","190088.16","138198.84"
"53","C5","30","178884.92","191921.58","138433.1"
"53","C5","31","179930.72","193856.5","138373.69"
"53","C5","32","180664.4","195795.94","138276.02"
"53","C5","33","181218.89","197321.66","138194.77"
"53","C5","34","181543.33","198933.19","138313.58"
"53","C5","35","182358.38","200224.94","138239.47"
"53","C5","36","182723.53","201716.72","138246.56"
"53","C5","37","183139.56","203292.23","138361.44"
"53","C5","38","183432.53","204546.83","138287.44"
"53","C5","39","183871.44","205883.47","138302.23"
"53","C5","40","184533.73","207022.84","138363.33"
"53","C5","41","184743.25","208304.2","138447.56"
"53","C5","42","184911.98","209632.6","138375.78"
"53","C5","43","185385.45","210527.11","138424.06"
"53","C5","44","185739.33","212121.06","138361.75"
"53","C5","45","186065.05","213371.6","138288.48"
"53","C5","46","186564.06","214447.94","138471.9"
"53","C5","47","186629.92","215395.06","138411.38"
"53","C5","48","186827.05","216328.48","138254.92"
"53","C5","49","187187.1","217493.42","138206.94"
"53","C5","50","187387.02","218990.48","138520.02"
"53","C5","51","187514.67","220035.53","138455.56"
"53","C5","52","187932.02","220998.02","138314.33"
"53","C5","53","188251.92","222041.25","138324.3"
"53","C5","54","188462.94","223186.0","138372.36"
"53","C5","55","188874.02","224254.95","138521.28"
"53","C5","56","189205.02","225167.23","138484.05"
"53","C5","57","189306.64","226241.03","138433.86"
"53","C5","58","189359.64","227301.05","138362.77"
"53","C5","59","189624.89","228157.34","138396.11"
"53","C5","60","189866.36","229143.77","138410.45"
"53","C5","61","190141.88","230319.2","138296.86"
"53","C5","62","190306.11","231366.6","138261.31"
"53","C5","63","190835.73","232313.06","138250.98"
"53","C5","64","191334.75","233241.0","138167.25"
"53","C5","65","191710.7","234650.89","138103.72"
"53","C5","66","192080.39","235990.58","138162.53"
"53","C5","67","192714.84","237713.12","138186.6"
"53","C5","68","193772.4","239592.52","138208.78"
"53","C5","69","195171.28","241446.08","138105.31"
"53","C5","70","196915.94","244245.23","138049.53"
"53","C5","71","199308.33","247714.27","138306.8"
"53","C5","72","202106.06","252052.67","138293.8"
"53","C5","73","205488.67","257296.19","138248.89"
"53","C5","74","209502.94","263574.9","138253.19"
"53","C5","75","214294.97","270911.38","138364.38"
"53","C5","76","219493.22","278716.5","138333.62"
"53","C5","77","224990.17","287241.56","138416.38"
"53","C5","78","231166.28","296211.6","138649.67"
"53","C5","79","237996.06","305856.16","138665.47"
"53","C5","80","245461.08","315944.44","138643.55"
"53","C5","81","252995.62","326557.53","138817.73"
"53","C5","82","260801.03","336700.34","139003.72"
"53","C5","83","269362.62","346997.75","139262.78"
"53","C5","84","277947.0","357346.72","139258.95"
"53","C5","85","286999.75","367590.28","139491.4"
"53","C5","86","295704.06","378105.34","139497.0"
"53","C5","87","304454.44","388588.44","139603.7"
"53","C5","88","313053.72","398474.38","139763.77"
"53","C5","89","321089.1","408046.7","139726.84"
"53","C5","90","328148.28","416076.1","139853.3"
"54","C6","1","69185.09","64363.1","138273.83"
"54","C6","2","68950.64","64414.15","137999.03"
"54","C6","3","68635.414","65034.41","137809.62"
"54","C6","4","68558.664","65479.81","137813.7"
"54","C6","5","68524.305","65773.68","137740.0"
"54","C6","6","68523.266","66141.75","137510.1"
"54","C6","7","68623.945","66344.11","137287.66"
"54","C6","8","68983.336","66469.39","137253.5"
"54","C6","9","69514.27","66735.016","137344.42"
"54","C6","10","70380.71","67257.2","137314.3"
"54","C6","11","72115.266","67865.77","137309.8"
"54","C6","12","75018.78","69176.016","137391.25"
"54","C6","13","79991.586","71755.8","137230.67"
"54","C6","14","87231.74","75921.16","137194.42"
"54","C6","15","96336.97","82515.07","137294.31"
"54","C6","16","105956.54","92091.99","137517.47"
"54","C6","17","114854.52","103617.42","137726.72"
"54","C6","18","122870.88","116162.1","137852.45"
"54","C6","19","129491.23","128516.78","137925.66"
"54","C6","20","135937.84","139729.4","138125.22"
"54","C6","21","142300.97","149424.14","138319.73"
"54","C6","22","148499.78","158357.8","138482.47"
"54","C6","23","154406.08","167240.62","138593.92"
"54","C6","24","160053.14","176115.39","138630.5"
"54","C6","25","165007.88","184080.39","138621.28"
"54","C6","26","169061.69","191058.28","138826.22"
"54","C6","27","171885.22","196476.47","138910.33"
"54","C6","28","173814.7","200254.47","138833.77"
"54","C6","29","175169.06","202735.33","138922.84"
"54","C6","30","176337.36","205074.66","139113.16"
"54","C6","31","177142.25","207166.81","139052.45"
"54","C6","32","178270.31","208827.69","139014.64"
"54","C6","33","178982.75","210471.66","138961.89"
"54","C6","34","179435.34","212217.78","139150.81"
"54","C6","35","179946.45","213769.69","139318.47"
"54","C6","36","180299.53","215233.6","139411.19"
"54","C6","37","180677.23","216575.19","139209.23"
"54","C6","38","181141.31","217816.16","139096.19"
"54","C6","39","181635.25","219265.2","139268.44"
"54","C6","40","181959.8","220700.58","139284.61"
"54","C6","41","182428.36","222188.52","139274.25"
"54","C6","42","182771.12","223609.36","139262.44"
"54","C6","43","183329.62","224674.47","139346.92"
"54","C6","44","183523.6","225907.86","139184.52"
"54","C6","45","183873.52","226941.66","139065.81"
"54","C6","46","184092.56","228089.69","139190.11"
"54","C6","47","184450.81","229518.08","139207.34"
"54","C6","48","184673.78","230649.1","139132.81"
"54","C6","49","185061.06","231609.2","139242.36"
"54","C6","50","185287.64","232907.47","139210.83"
"54","C6","51","185506.25","233980.84","139224.56"
"54","C6","52","185780.44","235217.55","139142.3"
"54","C6","53","186040.25","236562.58","139187.64"
"54","C6","54","186327.31","237501.19","139168.27"
"54","C6","55","186675.66","238601.48","139058.89"
"54","C6","56","186841.2","239890.17","139035.39"
"54","C6","57","186944.9","241017.05","138976.64"
"54","C6","58","187287.95","241782.88","139115.48"
"54","C6","59","187731.97","242993.11","139107.9"
"54","C6","60","188061.11","244095.08","139095.34"
"54","C6","61","187972.89","245306.95","139030.69"
"54","C6","62","188350.94","246425.25","138964.61"
"54","C6","63","188858.23","247785.62","139128.48"
"54","C6","64","189582.34","249094.55","139101.06"
"54","C6","65","190137.75","250617.58","139184.97"
"54","C6","66","190984.81","252505.5","139081.5"
"54","C6","67","191990.19","254269.78","138866.94"
"54","C6","68","192804.69","256680.73","138811.55"
"54","C6","69","194459.73","259356.06","139127.78"
"54","C6","70","196755.0","262625.0","139183.84"
"54","C6","71","199282.2","266701.9","139355.14"
"54","C6","72","202211.48","271661.4","139339.39"
"54","C6","73","205547.1","277361.4","139275.22"
"54","C6","74","208917.81","283931.75","139451.2"
"54","C6","75","212366.5","291124.12","139409.44"
"54","C6","76","216388.83","298796.28","139328.75"
"54","C6","77","220748.23","306492.2","139553.33"
"54","C6","78","224795.42","314881.38","139719.08"
"54","C6","79","229341.05","323598.78","139770.4"
"54","C6","80","234439.11","332297.25","139726.78"
"54","C6","81","239802.48","341451.75","139912.47"
"54","C6","82","245635.03","350955.06","139979.72"
"54","C6","83","252300.88","360300.8","140024.83"
"54","C6","84","259560.81","370091.88","140213.0"
"54","C6","85","267208.56","380339.7","140322.69"
"54","C6","86","276034.6","390018.28","140351.47"
"54","C6","87","284627.12","400356.44","140282.94"
"54","C6","88","293279.22","410336.75","140366.78"
"54","C6","89","302693.72","420431.03","140405.92"
"54","C6","90","310122.1","428396.28","140519.5"
"55","C7","1","67295.766","64881.555","136885.36"
"55","C7","2","67066.33","64901.562","136775.95"
"55","C7","3","66618.75","65190.93","136244.17"
"55","C7","4","66434.2","65540.7","135789.11"
"55","C7","5","66281.23","65817.63","135693.81"
"55","C7","6","66273.3","66136.2","135775.08"
"55","C7","7","66423.93","66191.31","135822.94"
"55","C7","8","66690.11","66427.46","135751.95"
"55","C7","9","67231.87","66902.68","135589.44"
"55","C7","10","68174.7","67163.69","135586.62"
"55","C7","11","69823.1","67906.414","135727.8"
"55","C7","12","72822.48","69374.13","135754.52"
"55","C7","13","77652.23","72048.02","135857.52"
"55","C7","14","84831.02","76011.63","135964.92"
"55","C7","15","93814.47","82323.914","136108.38"
"55","C7","16","103267.8","91549.82","136092.45"
"55","C7","17","111831.33","103083.99","136127.0"
"55","C7","18","119422.41","115447.055","136307.12"
"55","C7","19","126095.19","127639.555","136432.94"
"55","C7","20","132160.94","138661.64","136583.22"
"55","C7","21","137785.98","148496.88","136587.7"
"55","C7","22","142783.2","157488.81","136807.02"
"55","C7","23","147180.5","166505.33","137029.16"
"55","C7","24","150823.97","175789.44","137057.84"
"55","C7","25","153851.42","184956.48","137087.05"
"55","C7","26","156450.52","193451.53","137110.36"
"55","C7","27","158469.77","199798.23","137111.39"
"55","C7","28","160070.81","204480.36","137071.03"
"55","C7","29","161126.97","207435.23","137074.83"
"55","C7","30","162207.56","210153.53","137427.39"
"55","C7","31","162863.98","212081.3","137530.61"
"55","C7","32","163259.52","213896.62","137522.2"
"55","C7","33","163947.06","215677.08","137441.34"
"55","C7","34","164317.12","217454.5","137381.89"
"55","C7","35","164915.47","219012.08","137457.62"
"55","C7","36","165340.69","220547.34","137468.97"
"55","C7","37","165517.64","222051.0","137560.72"
"55","C7","38","165989.02","223574.19","137679.28"
"55","C7","39","166326.11","224481.62","137545.39"
"55","C7","40","166295.42","225972.27","137427.56"
"55","C7","41","166508.56","227488.42","137516.72"
"55","C7","42","166871.39","229020.08","137489.38"
"55","C7","43","167187.45","230162.17","137431.58"
"55","C7","44","167397.92","231338.62","137628.84"
"55","C7","45","167394.33","232387.6","137625.58"
"55","C7","46","167829.48","233832.0","137779.83"
"55","C7","47","168232.64","235018.61","137676.06"
"55","C7","48","168166.39","236307.27","137578.47"
"55","C7","49","168667.31","237432.78","137725.12"
"55","C7","50","169222.0","238657.69","137606.75"
"55","C7","51","169129.72","239828.1","137511.72"
"55","C7","52","169188.11","241165.84","137679.97"
"55","C7","53","168989.23","242491.78","137669.69"
"55","C7","54","169325.33","243415.62","137826.6"
"55","C7","55","169566.45","244392.23","137716.5"
"55","C7","56","169785.81","245547.78","137628.44"
"55","C7","57","169891.3","246789.22","137826.9"
"55","C7","58","169801.4","247701.62","137727.0"
"55","C7","59","170045.16","248934.42","137562.44"
"55","C7","60","170380.19","250052.08","137511.27"
"55","C7","61","170534.25","251082.62","137592.22"
"55","C7","62","170754.53","252221.45","137568.6"
"55","C7","63","170984.9","253126.0","137540.11"
"55","C7","64","171206.33","254076.42","137604.05"
"55","C7","65","171392.95","254929.5","137619.69"
"55","C7","66","171646.83","255772.56","137575.08"
"55","C7","67","171720.25","256933.81","137675.44"
"55","C7","68","171818.2","258154.47","137578.52"
"55","C7","69","172018.03","259598.47","137454.25"
"55","C7","70","172241.52","260622.7","137354.84"
"55","C7","71","172683.84","261944.28","137417.8"
"55","C7","72","173222.38","263427.75","137378.67"
"55","C7","73","173559.36","265196.6","137536.95"
"55","C7","74","174097.98","267236.94","137613.22"
"55","C7","75","174919.25","269501.4","137590.4"
"55","C7","76","175925.27","272754.0","137514.08"
"55","C7","77","177324.86","276561.4","137545.34"
"55","C7","78","178996.02","281551.12","137618.6"
"55","C7","79","180941.62","287841.34","137743.3"
"55","C7","80","183714.95","294856.53","137754.9"
"55","C7","81","186869.67","302767.06","137644.7"
"55","C7","82","190422.8","311711.06","137660.92"
"55","C7","83","194561.89","321465.12","137936.11"
"55","C7","84","198971.9","331902.66","138088.19"
"55","C7","85","203527.94","342280.8","138233.25"
"55","C7","86","208948.72","353389.97","138198.36"
"55","C7","87","215109.77","364417.75","138401.78"
"55","C7","88","221677.28","375440.12","138499.19"
"55","C7","89","228053.88","385922.72","138644.3"
"55","C7","90","233792.52","395027.75","138540.3"
"56","C8","1","66951.875","64615.24","137201.16"
"56","C8","2","66633.93","64653.48","136957.53"
"56","C8","3","66488.08","65071.633","136648.16"
"56","C8","4","66529.81","65239.266","136439.42"
"56","C8","5","66532.445","65593.05","136223.84"
"56","C8","6","66571.44","66139.375","136203.39"
"56","C8","7","66659.695","66572.23","136348.05"
"56","C8","8","66897.66","66587.36","136262.28"
"56","C8","9","67484.47","66749.56","136226.55"
"56","C8","10","68315.91","67021.83","136270.47"
"56","C8","11","70132.34","67931.74","136137.62"
"56","C8","12","73031.35","69329.05","136197.05"
"56","C8","13","78003.01","71467.35","136589.23"
"56","C8","14","85358.31","75248.12","136604.19"
"56","C8","15","94400.95","81642.75","136439.14"
"56","C8","16","104107.03","90404.51","136468.23"
"56","C8","17","113107.01","101653.33","136882.0"
"56","C8","18","120757.45","114027.23","136960.53"
"56","C8","19","127513.766","126273.75","136991.42"
"56","C8","20","133853.61","137492.23","137106.61"
"56","C8","21","139192.19","147352.47","137313.34"
"56","C8","22","143954.78","156404.34","137544.52"
"56","C8","23","147998.42","165557.8","137780.23"
"56","C8","24","151239.64","174989.2","137940.25"
"56","C8","25","153809.88","184538.77","137968.11"
"56","C8","26","155700.23","193165.94","138343.89"
"56","C8","27","157039.42","200349.2","138371.28"
"56","C8","28","158051.22","205525.89","138254.11"
"56","C8","29","159065.92","209112.89","138227.84"
"56","C8","30","159867.0","211596.94","138438.97"
"56","C8","31","160415.67","213510.42","138457.62"
"56","C8","32","161152.6","215594.58","138439.52"
"56","C8","33","161566.88","217592.55","138469.36"
"56","C8","34","162077.94","219099.38","138514.03"
"56","C8","35","162377.03","220554.62","138468.7"
"56","C8","36","162520.58","222332.78","138452.9"
"56","C8","37","162922.53","223472.02","138391.33"
"56","C8","38","163316.61","224919.2","138549.4"
"56","C8","39","163548.9","226095.16","138419.08"
"56","C8","40","163690.39","227438.6","138324.31"
"56","C8","41","164071.53","228946.72","138534.55"
"56","C8","42","164248.77","230408.11","138443.11"
"56","C8","43","164417.7","231815.47","138344.47"
"56","C8","44","164454.11","233372.66","138514.23"
"56","C8","45","164475.4","234552.88","138488.77"
"56","C8","46","164886.75","235524.11","138620.62"
"56","C8","47","165010.86","236725.23","138603.4"
"56","C8","48","165096.38","238174.33","138650.03"
"56","C8","49","165363.06","239344.16","138527.34"
"56","C8","50","165669.28","240510.11","138428.58"
"56","C8","51","165547.92","241434.06","138464.95"
"56","C8","52","165611.72","242816.11","138686.98"
"56","C8","53","166131.58","243806.9","138694.27"
"56","C8","54","166319.69","244939.23","138587.86"
"56","C8","55","166386.97","246013.8","138483.72"
"56","C8","56","166618.45","247292.75","138399.05"
"56","C8","57","167033.86","248909.6","138567.97"
"56","C8","58","167472.31","250455.16","138515.98"
"56","C8","59","167986.75","251741.5","138462.7"
"56","C8","60","168766.22","253634.27","138756.92"
"56","C8","61","169826.4","256035.86","138754.19"
"56","C8","62","171330.62","258742.73","138795.47"
"56","C8","63","173508.9","262028.1","138758.36"
"56","C8","64","176259.36","265833.16","138668.62"
"56","C8","65","179671.16","270206.1","138540.84"
"56","C8","66","183933.45","275284.6","138523.45"
"56","C8","67","189258.83","281142.62","138997.4"
"56","C8","68","195232.94","287459.72","139053.98"
"56","C8","69","201544.84","293874.62","139052.67"
"56","C8","70","208309.06","300519.75","138997.83"
"56","C8","71","215347.95","307247.66","139164.94"
"56","C8","72","222458.66","313685.22","139335.55"
"56","C8","73","229614.0","320245.44","139415.08"
"56","C8","74","236100.7","326980.78","139509.92"
"56","C8","75","242618.28","333237.72","139614.2"
"56","C8","76","249177.4","339022.44","139205.98"
"56","C8","77","255872.48","344727.22","139046.28"
"56","C8","78","262695.97","350450.03","139326.22"
"56","C8","79","268773.1","356126.0","139300.03"
"56","C8","80","274140.66","361057.06","139352.81"
"56","C8","81","279797.1","365389.78","139098.92"
"56","C8","82","284832.72","368944.22","138765.02"
"56","C8","83","289499.25","371721.12","138434.95"
"56","C8","84","294510.47","374198.34","137985.72"
"56","C8","85","299804.12","376691.75","137720.47"
"56","C8","86","304614.53","379592.9","137434.95"
"56","C8","87","309364.2","382600.56","136971.7"
"56","C8","88","314052.62","385216.75","136762.11"
"56","C8","89","319094.34","388117.56","136672.58"
"56","C8","90","323503.6","390020.7","136646.14"
"57","C9","1","67576.5","64113.41","122264.77"
"57","C9","2","67378.67","64135.78","122022.83"
"57","C9","3","66955.18","64432.246","121832.5"
"57","C9","4","66708.23","64979.145","121711.28"
"57","C9","5","66635.56","65467.844","121482.305"
"57","C9","6","66605.46","65819.93","121422.92"
"57","C9","7","66509.24","65834.62","121464.46"
"57","C9","8","66487.68","65829.23","121447.57"
"57","C9","9","66528.805","66260.234","121422.125"
"57","C9","10","66616.38","66475.44","121410.38"
"57","C9","11","66624.13","66669.32","121446.69"
"57","C9","12","66729.73","66897.34","121445.9"
"57","C9","13","67002.16","67611.87","121411.35"
"57","C9","14","67419.22","68572.01","121361.7"
"57","C9","15","68503.71","70325.85","121349.4"
"57","C9","16","70381.78","73538.35","121352.42"
"57","C9","17","73478.695","79251.47","121386.164"
"57","C9","18","78563.734","88364.14","121534.484"
"57","C9","19","86249.914","101763.05","121620.26"
"57","C9","20","95954.2","117591.45","121828.66"
"57","C9","21","106235.766","133360.62","122016.56"
"57","C9","22","115776.57","146617.25","122084.72"
"57","C9","23","123450.01","156847.73","122302.695"
"57","C9","24","129498.75","163568.89","122518.86"
"57","C9","25","134212.66","167952.34","122568.28"
"57","C9","26","137679.0","171348.67","122611.266"
"57","C9","27","140108.78","174096.31","122771.27"
"57","C9","28","142058.86","176419.75","122595.4"
"57","C9","29","143644.16","178622.36","122504.54"
"57","C9","30","144945.02","180263.88","122655.94"
"57","C9","31","146116.72","182220.67","122629.58"
"57","C9","32","147166.78","183867.28","122668.664"
"57","C9","33","147893.31","185582.03","122663.23"
"57","C9","34","148912.83","187062.27","122798.52"
"57","C9","35","149757.64","188576.66","122811.125"
"57","C9","36","150558.77","190386.64","122760.83"
"57","C9","37","151212.72","192000.9","122617.17"
"57","C9","38","151917.56","193341.08","122522.055"
"57","C9","39","152714.2","194747.86","122596.6"
"57","C9","40","153413.17","196136.36","122643.65"
"57","C9","41","154277.53","197545.97","122710.72"
"57","C9","42","154901.52","198993.34","122664.44"
"57","C9","43","155656.27","200531.6","122748.03"
"57","C9","44","156076.64","202081.4","122759.11"
"57","C9","45","156908.05","203215.3","122682.28"
"57","C9","46","157690.31","204546.3","122638.734"
"57","C9","47","158351.0","206029.5","122840.8"
"57","C9","48","158933.89","207529.72","122766.45"
"57","C9","49","159551.1","208843.23","122685.836"
"57","C9","50","160148.17","210039.55","122786.85"
"57","C9","51","160841.34","211190.86","122610.55"
"57","C9","52","161491.47","212095.66","122479.15"
"57","C9","53","162209.3","213205.89","122477.95"
"57","C9","54","162808.42","214855.88","122444.72"
"57","C9","55","163459.58","216252.05","122425.14"
"57","C9","56","164241.5","217699.45","122677.234"
"57","C9","57","165026.3","218991.53","122695.41"
"57","C9","58","166024.52","220382.38","122597.03"
"57","C9","59","166970.02","221687.77","122584.16"
"57","C9","60","168111.44","223343.38","122615.55"
"57","C9","61","169555.48","225391.1","122698.91"
"57","C9","62","171374.34","227958.12","122699.35"
"57","C9","63","173920.17","230964.69","122758.336"
"57","C9","64","177426.16","234949.2","122597.84"
"57","C9","65","181547.83","239637.52","122515.336"
"57","C9","66","186119.28","245606.4","122690.555"
"57","C9","67","191079.9","251921.1","122803.47"
"57","C9","68","196510.25","259326.33","122941.164"
"57","C9","69","202311.75","266985.47","122791.24"
"57","C9","70","208532.39","274853.1","122715.516"
"57","C9","71","214330.05","282647.84","122977.055"
"57","C9","72","220925.44","290715.66","123184.766"
"57","C9","73","226984.38","299161.7","123236.734"
"57","C9","74","233128.44","306803.4","123203.08"
"57","C9","75","239007.42","314323.1","123164.52"
"57","C9","76","245476.08","321898.78","123225.85"
"57","C9","77","252092.23","329475.72","123488.92"
"57","C9","78","258286.33","337052.12","123480.55"
"57","C9","79","264675.06","344394.9","123360.016"
"57","C9","80","270864.7","350943.7","123263.625"
"57","C9","81","277261.25","357753.2","123283.445"
"57","C9","82","284185.62","364824.3","123244.164"
"57","C9","83","291033.84","371823.47","123452.32"
"57","C9","84","298429.5","379206.0","123502.36"
"57","C9","85","305991.0","386849.4","123432.49"
"57","C9","86","314271.38","393811.6","123591.18"
"57","C9","87","322499.06","401369.06","123667.5"
"57","C9","88","331485.8","408971.72","123640.11"
"57","C9","89","341105.28","417116.56","123571.1"
"57","C9","90","349173.66","423370.38","123772.45"
"58","C10","1","65355.855","62964.195","125202.695"
"58","C10","2","65171.785","63003.098","125068.914"
"58","C10","3","64858.71","63584.992","124651.305"
"58","C10","4","64480.797","64345.62","124488.32"
"58","C10","5","64419.688","64679.887","124381.88"
"58","C10","6","64502.387","65119.723","124322.945"
"58","C10","7","64438.883","65379.945","124333.2"
"58","C10","8","64418.04","65439.055","124369.5"
"58","C10","9","64456.51","65751.45","124328.42"
"58","C10","10","64525.14","66017.09","124280.62"
"58","C10","11","64775.46","66196.58","124269.76"
"58","C10","12","64870.51","66452.125","124255.58"
"58","C10","13","65114.09","66881.41","124201.03"
"58","C10","14","65551.375","67775.67","124104.84"
"58","C10","15","66297.26","69652.195","124097.07"
"58","C10","16","67771.65","72865.68","124172.65"
"58","C10","17","70435.21","78997.086","124218.88"
"58","C10","18","74654.836","88538.55","124236.164"
"58","C10","19","80553.18","102004.96","124412.31"
"58","C10","20","88068.664","118294.664","124648.63"
"58","C10","21","96216.36","134655.12","124976.92"
"58","C10","22","104077.83","148673.77","125238.93"
"58","C10","23","110838.78","159305.45","125265.16"
"58","C10","24","115981.516","166595.97","125381.164"
"58","C10","25","119933.086","171315.84","125387.04"
"58","C10","26","123180.55","174690.38","125486.37"
"58","C10","27","125445.41","177648.25","125592.29"
"58","C10","28","127218.055","180051.92","125551.88"
"58","C10","29","128749.414","182019.11","125602.516"
"58","C10","30","129935.97","183783.02","125510.81"
"58","C10","31","131045.85","185618.42","125425.13"
"58","C10","32","132059.42","187408.14","125451.43"
"58","C10","33","132688.39","189142.88","125640.086"
"58","C10","34","133514.81","190911.22","125761.63"
"58","C10","35","134259.22","192653.1","125691.836"
"58","C10","36","134923.38","193828.56","125492.16"
"58","C10","37","135583.64","195534.05","125391.69"
"58","C10","38","136294.58","197413.98","125522.55"
"58","C10","39","137037.0","198539.36","125588.81"
"58","C10","40","137644.03","200112.11","125531.41"
"58","C10","41","138348.16","201742.73","125613.79"
"58","C10","42","138881.31","202964.3","125629.086"
"58","C10","43","139488.77","204221.4","125690.664"
"58","C10","44","140058.9","205749.45","125645.83"
"58","C10","45","140676.64","207428.02","125741.836"
"58","C10","46","141364.95","208613.6","125686.13"
"58","C10","47","142099.6","209926.75","125609.0"
"58","C10","48","142605.72","211257.28","125496.71"
"58","C10","49","143118.06","212409.11","125494.58"
"58","C10","50","143653.4","213745.34","125632.77"
"58","C10","51","144300.55","214824.42","125550.05"
"58","C10","52","144555.62","216010.84","125457.945"
"58","C10","53","145375.12","217354.03","125533.55"
"58","C10","54","146156.08","218537.28","125614.79"
"58","C10","55","146473.5","220010.62","125672.75"
"58","C10","56","147001.9","221356.83","125592.266"
"58","C10","57","147683.88","222666.42","125560.58"
"58","C10","58","148405.77","223726.39","125500.44"
"58","C10","59","148983.58","224974.7","125616.76"
"58","C10","60","149869.73","226484.6","125636.15"
"58","C10","61","150678.33","228032.77","125559.78"
"58","C10","62","151584.81","229630.92","125614.15"
"58","C10","63","152702.73","231706.34","125567.266"
"58","C10","64","154324.42","234137.84","125450.31"
"58","C10","65","156249.02","236984.39","125410.9"
"58","C10","66","158527.27","240572.22","125473.98"
"58","C10","67","161478.97","245192.06","125566.45"
"58","C10","68","165001.58","250576.58","125728.67"
"58","C10","69","169272.08","256994.22","125857.484"
"58","C10","70","174220.22","264051.5","125865.75"
"58","C10","71","178973.22","271904.66","125825.96"
"58","C10","72","183742.94","280413.16","125748.914"
"58","C10","73","188935.69","288634.94","125738.234"
"58","C10","74","194241.1","296766.7","126107.55"
"58","C10","75","199384.22","305072.8","126146.984"
"58","C10","76","204465.83","313150.2","126374.41"
"58","C10","77","209791.81","321133.34","126585.56"
"58","C10","78","214766.12","329102.5","126578.14"
"58","C10","79","219726.38","336774.53","126478.03"
"58","C10","80","225009.27","344102.97","126588.4"
"58","C10","81","231054.56","351401.44","126643.89"
"58","C10","82","237486.77","358804.3","126634.445"
"58","C10","83","243028.5","366127.3","126755.38"
"58","C10","84","249892.03","374472.7","126745.414"
"58","C10","85","257066.94","382413.47","126800.11"
"58","C10","86","265008.84","390327.97","126778.44"
"58","C10","87","272660.34","398911.16","126856.47"
"58","C10","88","281223.72","407144.5","127079.92"
"58","C10","89","290223.3","414835.6","127089.34"
"58","C10","90","297948.22","422278.53","127052.79"
"59","C11","1","67540.43","63313.293","125111.59"
"59","C11","2","67473.086","63517.086","124973.91"
"59","C11","3","67194.89","64079.13","124854.51"
"59","C11","4","67018.555","64684.742","124797.22"
"59","C11","5","66865.05","65075.207","124540.805"
"59","C11","6","66710.27","65264.668","124471.51"
"59","C11","7","66678.445","65624.31","124541.31"
"59","C11","8","66687.875","65908.83","124499.49"
"59","C11","9","66716.8","66026.94","124432.195"
"59","C11","10","66860.016","66081.72","124402.85"
"59","C11","11","66926.016","66344.82","124410.01"
"59","C11","12","66934.48","66873.05","124384.445"
"59","C11","13","67135.76","67219.66","124341.66"
"59","C11","14","67656.45","68087.82","124373.86"
"59","C11","15","68465.77","70107.38","124542.4"
"59","C11","16","69852.05","73582.22","124577.08"
"59","C11","17","72262.29","79390.7","124674.04"
"59","C11","18","76058.37","89157.42","124766.945"
"59","C11","19","81327.24","102939.65","125067.16"
"59","C11","20","87803.28","119909.8","125363.26"
"59","C11","21","94715.17","137352.0","125691.6"
"59","C11","22","101279.984","152347.36","126076.04"
"59","C11","23","106954.12","163856.2","126338.13"
"59","C11","24","111945.57","172088.05","126483.6"
"59","C11","25","115853.664","177703.53","126497.836"
"59","C11","26","118813.14","181563.14","126377.02"
"59","C11","27","120938.14","184348.66","126358.33"
"59","C11","28","122819.26","186608.16","126521.03"
"59","C11","29","124224.7","188677.42","126677.42"
"59","C11","30","125160.37","190890.02","126614.97"
"59","C11","31","126235.29","192317.69","126684.83"
"59","C11","32","127131.35","194217.61","126711.03"
"59","C11","33","127947.695","196095.92","126600.28"
"59","C11","34","128399.13","197703.48","126602.51"
"59","C11","35","129116.445","199547.69","126598.22"
"59","C11","36","129921.17","200970.52","126528.234"
"59","C11","37","130585.56","202750.66","126662.945"
"59","C11","38","131009.984","204286.03","126581.64"
"59","C11","39","131518.7","205658.4","126520.8"
"59","C11","40","132097.34","207178.3","126472.69"
"59","C11","41","132965.89","208574.83","126509.21"
"59","C11","42","133273.92","209890.06","126489.484"
"59","C11","43","133702.28","211638.16","126567.73"
"59","C11","44","134241.55","213133.31","126570.88"
"59","C11","45","134756.61","214261.12","126755.67"
"59","C11","46","135370.83","215715.38","126794.77"
"59","C11","47","135971.42","216959.67","126833.336"
"59","C11","48","136655.38","218405.33","126656.07"
"59","C11","49","137216.17","219955.6","126527.47"
"59","C11","50","137587.89","221398.64","126624.47"
"59","C11","51","138226.77","222763.53","126605.93"
"59","C11","52","138675.81","224182.14","126670.4"
"59","C11","53","139073.1","225358.83","126605.555"
"59","C11","54","139557.75","226587.86","126680.36"
"59","C11","55","140165.66","227960.11","126598.86"
"59","C11","56","140523.31","229231.72","126558.19"
"59","C11","57","141174.78","230595.33","126723.23"
"59","C11","58","141715.94","231813.6","126801.4"
"59","C11","59","142199.86","232968.83","126706.11"
"59","C11","60","142671.88","234404.77","126596.48"
"59","C11","61","143267.38","235828.56","126586.07"
"59","C11","62","143698.19","237134.69","126573.68"
"59","C11","63","144458.88","238313.95","126721.49"
"59","C11","64","145165.61","240066.33","126674.92"
"59","C11","65","145790.8","241679.95","126744.086"
"59","C11","66","146729.69","243587.89","126689.33"
"59","C11","67","147798.11","245898.14","126816.73"
"59","C11","68","148989.62","248399.53","126840.7"
"59","C11","69","150694.75","252310.23","126852.64"
"59","C11","70","152806.52","256875.44","126840.164"
"59","C11","71","155458.31","262123.84","126739.914"
"59","C11","72","158636.56","268451.0","126873.125"
"59","C11","73","162189.28","276205.25","127155.59"
"59","C11","74","166117.39","284300.53","127324.92"
"59","C11","75","170247.06","293006.06","127659.55"
"59","C11","76","174507.17","302368.3","127729.65"
"59","C11","77","178978.92","311436.25","127745.46"
"59","C11","78","183952.39","321013.88","127689.68"
"59","C11","79","189342.89","331037.4","127988.305"
"59","C11","80","194850.92","340677.84","128156.195"
"59","C11","81","201057.27","350652.62","128386.984"
"59","C11","82","207459.11","361089.66","128395.36"
"59","C11","83","214109.89","371356.44","128596.6"
"59","C11","84","221949.88","381645.56","128767.76"
"59","C11","85","230083.12","391439.22","128922.805"
"59","C11","86","237692.78","402176.1","129090.16"
"59","C11","87","246186.81","412949.72","129236.055"
"59","C11","88","255115.81","422399.9","129340.85"
"59","C11","89","262980.06","432303.7","129588.24"
"59","C11","90","271265.2","440603.75","129730.73"
"60","C12","1","65190.293","62715.44","122557.12"
"60","C12","2","64911.035","62939.297","122391.48"
"60","C12","3","64729.39","63361.324","122310.414"
"60","C12","4","64667.703","64202.06","122426.33"
"60","C12","5","64624.71","64721.695","122178.61"
"60","C12","6","64582.855","65087.01","122017.34"
"60","C12","7","64565.383","65181.215","121926.49"
"60","C12","8","64559.613","65420.508","121953.85"
"60","C12","9","64607.805","65560.62","122169.34"
"60","C12","10","64805.484","65717.266","122179.16"
"60","C12","11","64821.445","65735.33","122095.586"
"60","C12","12","64924.625","66098.48","121998.37"
"60","C12","13","65346.504","66799.49","121958.6"
"60","C12","14","65746.95","67754.74","121972.67"
"60","C12","15","66225.44","69517.375","121992.12"
"60","C12","16","67468.29","72824.516","121905.12"
"60","C12","17","69861.305","78508.86","121941.55"
"60","C12","18","73543.45","87852.98","122217.414"
"60","C12","19","78544.77","101511.31","122393.195"
"60","C12","20","84410.46","118152.45","122587.516"
"60","C12","21","90660.87","135269.97","122928.87"
"60","C12","22","96604.89","150416.83","123120.055"
"60","C12","23","101737.18","162170.6","123338.22"
"60","C12","24","106326.4","170312.55","123427.695"
"60","C12","25","109856.71","176155.88","123634.1"
"60","C12","26","112449.73","179949.83","123480.484"
"60","C12","27","114329.63","182610.14","123360.93"
"60","C12","28","116198.64","185525.8","123483.52"
"60","C12","29","117305.68","187356.73","123602.92"
"60","C12","30","118527.7","189178.48","123533.33"
"60","C12","31","119377.39","190979.73","123518.4"
"60","C12","32","120079.66","192900.55","123447.266"
"60","C12","33","120667.05","194451.22","123500.97"
"60","C12","34","121254.625","196265.8","123466.16"
"60","C12","35","122063.555","197946.66","123497.64"
"60","C12","36","122508.61","199521.34","123541.82"
"60","C12","37","122986.555","201092.7","123647.945"
"60","C12","38","123527.375","202582.72","123628.95"
"60","C12","39","123974.88","204144.83","123528.57"
"60","C12","40","124391.69","205525.39","123507.32"
"60","C12","41","125252.055","206888.42","123439.62"
"60","C12","42","125791.38","208500.55","123332.4"
"60","C12","43","126098.375","209761.17","123344.24"
"60","C12","44","126612.64","211354.19","123447.96"
"60","C12","45","127059.125","212606.25","123594.26"
"60","C12","46","127456.43","214267.42","123549.836"
"60","C12","47","128025.47","215612.83","123394.68"
"60","C12","48","128471.33","216780.16","123265.11"
"60","C12","49","128816.48","218236.11","123250.81"
"60","C12","50","129234.984","219527.45","123322.0"
"60","C12","51","129643.25","220565.4","123365.88"
"60","C12","52","130071.55","222088.56","123340.27"
"60","C12","53","130599.06","223232.86","123273.13"
"60","C12","54","131132.44","224673.55","123283.766"
"60","C12","55","131438.1","226003.64","123218.28"
"60","C12","56","132022.17","227180.95","123255.14"
"60","C12","57","132611.7","228804.81","123248.79"
"60","C12","58","133235.25","229829.06","123315.87"
"60","C12","59","133725.81","231226.69","123355.01"
"60","C12","60","134109.03","232648.42","123532.72"
"60","C12","61","134664.03","233692.45","123538.41"
"60","C12","62","135189.14","235159.83","123414.02"
"60","C12","63","135939.19","236747.12","123299.32"
"60","C12","64","136368.16","238283.56","123190.24"
"60","C12","65","137079.78","240180.97","123192.28"
"60","C12","66","138236.89","242197.77","123256.4"
"60","C12","67","139274.77","244079.17","123311.555"
"60","C12","68","140569.0","246728.44","123378.27"
"60","C12","69","142476.86","249933.27","123348.305"
"60","C12","70","143985.88","253435.5","123331.37"
"60","C12","71","146089.77","257387.84","123263.78"
"60","C12","72","148774.34","262253.3","123355.42"
"60","C12","73","151702.53","267485.97","123452.91"
"60","C12","74","154843.16","274389.03","123583.09"
"60","C12","75","159156.52","282522.28","123799.516"
"60","C12","76","163598.66","291349.9","123853.79"
"60","C12","77","168180.94","300335.03","123974.98"
"60","C12","78","173334.92","310267.1","124256.19"
"60","C12","79","178514.61","320139.66","124322.06"
"60","C12","80","183594.16","330465.78","124393.98"
"60","C12","81","189435.72","341008.47","124470.6"
"60","C12","82","195041.81","350931.78","124468.914"
"60","C12","83","200693.0","360719.2","124471.88"
"60","C12","84","206533.66","370463.78","124907.48"
"60","C12","85","212126.1","379489.62","125004.945"
"60","C12","86","218088.83","388592.0","125048.25"
"60","C12","87","223901.19","397760.1","125211.016"
"60","C12","88","229958.98","406153.53","125160.914"
"60","C12","89","236006.89","413439.56","124977.14"
"60","C12","90","240416.0","419882.62","124852.92"
"61","C13","1","65277.254","62205.285","122755.45"
"61","C13","2","65177.414","62490.566","122570.32"
"61","C13","3","64865.035","63057.46","122402.984"
"61","C13","4","64780.5","63558.324","122279.92"
"61","C13","5","64831.656","63994.344","122238.71"
"61","C13","6","64810.06","64360.297","122306.53"
"61","C13","7","64767.426","64657.07","122260.35"
"61","C13","8","64617.79","64870.93","122211.44"
"61","C13","9","64614.92","64988.5","122210.43"
"61","C13","10","64764.508","65144.125","122171.42"
"61","C13","11","64859.797","65269.645","122125.98"
"61","C13","12","65100.254","65493.504","122096.04"
"61","C13","13","65271.516","66170.36","122098.97"
"61","C13","14","65556.68","67108.85","122067.734"
"61","C13","15","66290.57","68745.21","122007.914"
"61","C13","16","67753.15","72049.336","122029.82"
"61","C13","17","69928.47","77675.16","122173.586"
"61","C13","18","73610.06","87201.67","122198.77"
"61","C13","19","78827.29","100614.375","122366.484"
"61","C13","20","84858.2","117015.12","122769.164"
"61","C13","21","91176.13","134242.7","123018.055"
"61","C13","22","96967.17","149672.67","123198.35"
"61","C13","23","102293.97","161453.77","123731.195"
"61","C13","24","106737.28","169997.44","123847.695"
"61","C13","25","110288.53","175820.55","123859.7"
"61","C13","26","113122.68","179794.56","123957.98"
"61","C13","27","115247.234","182742.58","124129.51"
"61","C13","28","116791.5","185238.05","124012.375"
"61","C13","29","118251.27","187298.86","123880.82"
"61","C13","30","119109.82","189084.6","123967.914"
"61","C13","31","120122.8","191136.0","124170.77"
"61","C13","32","120908.25","192918.22","124241.05"
"61","C13","33","121631.02","194519.2","124311.125"
"61","C13","34","122242.38","196330.8","124141.67"
"61","C13","35","122833.37","197741.34","123978.18"
"61","C13","36","123256.45","199670.3","123907.11"
"61","C13","37","123856.0","201573.34","123839.16"
"61","C13","38","124369.695","203114.53","124019.62"
"61","C13","39","124890.08","204380.28","124114.11"
"61","C13","40","125440.35","205801.75","124065.15"
"61","C13","41","126219.14","207307.69","123994.22"
"61","C13","42","126701.46","208553.97","124187.97"
"61","C13","43","127139.35","209997.75","124220.02"
"61","C13","44","127732.12","211492.1","124109.56"
"61","C13","45","128126.984","212943.08","124097.68"
"61","C13","46","128550.89","214267.7","124071.88"
"61","C13","47","129189.16","215643.73","124269.27"
"61","C13","48","129481.664","216820.81","124402.09"
"61","C13","49","130054.766","218186.9","124413.34"
"61","C13","50","130519.45","219735.44","124266.21"
"61","C13","51","130769.086","221027.83","124119.14"
"61","C13","52","131060.984","222409.97","124117.19"
"61","C13","53","131770.1","223763.34","124158.65"
"61","C13","54","132173.8","224811.8","124212.99"
"61","C13","55","132494.8","226064.58","124181.29"
"61","C13","56","132980.36","227669.8","124067.59"
"61","C13","57","133564.84","228772.19","124077.49"
"61","C13","58","133992.58","230182.08","124117.164"
"61","C13","59","134396.56","231452.28","124249.55"
"61","C13","60","134540.5","232354.06","124101.836"
"61","C13","61","135234.8","233692.81","123973.25"
"61","C13","62","135789.9","235148.19","124032.17"
"61","C13","63","136130.89","236124.95","123978.47"
"61","C13","64","136633.44","237398.12","124085.04"
"61","C13","65","137385.97","238895.2","124070.73"
"61","C13","66","137993.2","240255.2","123953.71"
"61","C13","67","138663.38","241842.88","124004.33"
"61","C13","68","139411.16","243828.4","124243.85"
"61","C13","69","140282.19","245509.9","124303.96"
"61","C13","70","141493.84","247613.44","124226.87"
"61","C13","71","142678.77","250019.03","123936.76"
"61","C13","72","144114.42","252383.62","123867.28"
"61","C13","73","146058.86","255664.47","124238.39"
"61","C13","74","148351.72","259519.84","124224.164"
"61","C13","75","150896.72","264236.97","124183.28"
"61","C13","76","154001.08","269886.2","124080.57"
"61","C13","77","157831.5","276181.94","124165.31"
"61","C13","78","161916.45","283966.66","124437.59"
"61","C13","79","166589.69","292575.06","124630.12"
"61","C13","80","171610.05","301636.7","124948.7"
"61","C13","81","176899.81","312021.4","125070.04"
"61","C13","82","182591.1","322483.25","125186.39"
"61","C13","83","188538.95","332932.72","125262.89"
"61","C13","84","194608.86","343333.88","125381.34"
"61","C13","85","200610.03","353466.56","125463.89"
"61","C13","86","206931.12","364095.12","125799.44"
"61","C13","87","213478.55","374373.16","125959.29"
"61","C13","88","219703.81","383862.53","125917.164"
"61","C13","89","226106.05","393397.34","125992.12"
"61","C13","90","231812.7","401662.22","126054.336"
"62","C14","1","64861.004","62245.5","123347.87"
"62","C14","2","64614.004","62426.566","123194.59"
"62","C14","3","64411.37","63069.887","123026.97"
"62","C14","4","64304.727","63573.652","122852.25"
"62","C14","5","64119.137","63959.58","122604.29"
"62","C14","6","63940.684","64388.047","122509.47"
"62","C14","7","63918.24","64795.8","122501.04"
"62","C14","8","63993.32","64906.67","122608.195"
"62","C14","9","64055.273","65125.527","122601.25"
"62","C14","10","64071.72","65179.965","122526.41"
"62","C14","11","64109.17","65405.227","122489.016"
"62","C14","12","64205.473","65758.18","122508.02"
"62","C14","13","64530.7","66229.75","122472.4"
"62","C14","14","65007.293","67096.76","122403.625"
"62","C14","15","65831.766","68948.69","122355.8"
"62","C14","16","67174.8","72164.914","122374.81"
"62","C14","17","69414.76","77820.47","122488.266"
"62","C14","18","73017.125","87264.29","122560.36"
"62","C14","19","78127.28","100658.81","122863.18"
"62","C14","20","84191.37","117464.12","123100.984"
"62","C14","21","90548.06","134717.45","123577.23"
"62","C14","22","96447.87","149771.5","123791.09"
"62","C14","23","102000.445","161831.33","123803.766"
"62","C14","24","106400.84","170623.25","124096.88"
"62","C14","25","109984.02","176363.25","124146.664"
"62","C14","26","112669.45","180141.7","124042.914"
"62","C14","27","114927.055","183402.73","124108.484"
"62","C14","28","116496.414","185759.16","124361.87"
"62","C14","29","117667.875","187808.61","124365.586"
"62","C14","30","118781.65","189661.55","124537.125"
"62","C14","31","119630.78","191662.05","124501.77"
"62","C14","32","120250.97","193365.9","124383.5"
"62","C14","33","120959.06","194939.03","124395.61"
"62","C14","34","121577.05","196777.45","124345.08"
"62","C14","35","122279.24","198496.45","124447.54"
"62","C14","36","122793.58","200226.33","124550.414"
"62","C14","37","123314.914","201510.03","124448.39"
"62","C14","38","123882.02","203637.44","124341.45"
"62","C14","39","124426.14","205245.02","124444.74"
"62","C14","40","125145.375","206285.56","124440.555"
"62","C14","41","125465.516","207796.94","124417.28"
"62","C14","42","125815.164","209334.7","124383.695"
"62","C14","43","126389.37","210677.05","124370.41"
"62","C14","44","127049.45","212175.86","124288.44"
"62","C14","45","127687.55","213273.98","124387.61"
"62","C14","46","127959.7","214823.22","124443.39"
"62","C14","47","128524.836","216409.11","124351.01"
"62","C14","48","128802.18","217516.28","124382.13"
"62","C14","49","129296.92","218972.38","124437.49"
"62","C14","50","129803.52","220578.23","124412.6"
"62","C14","51","130382.88","221670.22","124293.586"
"62","C14","52","130758.625","222862.17","124242.625"
"62","C14","53","130974.89","224394.95","124170.07"
"62","C14","54","131637.77","225589.58","124187.17"
"62","C14","55","131899.97","226646.42","124147.234"
"62","C14","56","132377.78","228119.5","124312.22"
"62","C14","57","132725.95","229387.5","124279.95"
"62","C14","58","133335.06","230588.12","124350.87"
"62","C14","59","133801.67","231857.92","124312.43"
"62","C14","60","134105.17","232805.22","124288.414"
"62","C14","61","134480.72","234035.16","124189.07"
"62","C14","62","134757.1","235482.17","124197.83"
"62","C14","63","134991.14","236758.34","124262.49"
"62","C14","64","135591.2","237938.8","124435.93"
"62","C14","65","136174.78","238999.03","124282.71"
"62","C14","66","136757.9","240140.16","124171.39"
"62","C14","67","137191.61","241430.53","124307.18"
"62","C14","68","137607.61","242774.55","124248.07"
"62","C14","69","138117.73","244307.77","124146.96"
"62","C14","70","138822.39","245446.73","124206.95"
"62","C14","71","139577.72","247011.83","124133.32"
"62","C14","72","140515.55","249019.38","124141.88"
"62","C14","73","141740.27","251456.61","124109.04"
"62","C14","74","143149.89","254136.27","123994.96"
"62","C14","75","145533.94","257718.89","123934.43"
"62","C14","76","148343.14","262467.62","123937.3"
"62","C14","77","151799.94","268518.94","124398.9"
"62","C14","78","155886.97","275548.84","124689.1"
"62","C14","79","160551.36","283194.66","124629.42"
"62","C14","80","165642.27","292076.22","124689.24"
"62","C14","81","170968.42","301572.38","124810.12"
"62","C14","82","176390.17","311124.25","124747.18"
"62","C14","83","181822.61","320894.97","124844.31"
"62","C14","84","187306.39","330832.62","124928.41"
"62","C14","85","193590.72","340997.8","125153.61"
"62","C14","86","200210.95","351332.22","125216.75"
"62","C14","87","207195.83","361231.44","125297.13"
"62","C14","88","214301.17","371454.47","125424.63"
"62","C14","89","221709.98","380590.7","125489.55"
"62","C14","90","228388.56","388843.06","125669.836"
"63","C15","1","66470.83","64162.234","125964.74"
"63","C15","2","66427.516","64466.785","125725.195"
"63","C15","3","66268.35","65130.395","125540.89"
"63","C15","4","66153.67","65764.56","125457.39"
"63","C15","5","65982.16","66398.22","125414.125"
"63","C15","6","65958.89","66747.56","125470.03"
"63","C15","7","66036.78","67167.8","125482.89"
"63","C15","8","66055.17","67239.57","125425.41"
"63","C15","9","66089.13","67320.89","125356.52"
"63","C15","10","66318.164","67504.7","125276.75"
"63","C15","11","66389.27","67862.86","125142.18"
"63","C15","12","66425.46","68083.27","125132.9"
"63","C15","13","66606.93","68621.445","125223.51"
"63","C15","14","67175.17","69597.57","125232.99"
"63","C15","15","67877.4","71388.44","125319.24"
"63","C15","16","69188.3","74778.06","125533.02"
"63","C15","17","71597.305","80354.734","125716.15"
"63","C15","18","75315.78","89947.055","125812.92"
"63","C15","19","80841.945","103619.94","126041.67"
"63","C15","20","87089.18","120439.73","126180.88"
"63","C15","21","93642.164","138086.23","126286.56"
"63","C15","22","99894.78","154059.48","126461.516"
"63","C15","23","105390.26","166307.17","126652.5"
"63","C15","24","109814.14","175371.55","126670.25"
"63","C15","25","113816.67","181548.27","126915.055"
"63","C15","26","116871.586","185911.22","126945.27"
"63","C15","27","119101.87","188868.28","127211.914"
"63","C15","28","121038.11","191162.56","127345.98"
"63","C15","29","122381.75","193291.9","127335.516"
"63","C15","30","123079.03","195445.97","127298.74"
"63","C15","31","123774.75","197134.28","127207.8"
"63","C15","32","124750.2","199171.64","127374.88"
"63","C15","33","125637.51","201008.81","127690.49"
"63","C15","34","126432.15","202829.86","127646.08"
"63","C15","35","127005.48","204602.9","127459.21"
"63","C15","36","127567.4","206317.55","127305.02"
"63","C15","37","128020.12","208042.98","127271.38"
"63","C15","38","128556.91","209652.9","127261.95"
"63","C15","39","129112.35","211320.27","127446.34"
"63","C15","40","129587.95","212745.03","127372.24"
"63","C15","41","130134.09","214140.06","127264.305"
"63","C15","42","130545.18","215807.33","127240.8"
"63","C15","43","131072.88","217102.45","127408.66"
"63","C15","44","131597.16","218536.89","127332.31"
"63","C15","45","132274.66","220168.23","127280.78"
"63","C15","46","132656.44","221485.95","127243.516"
"63","C15","47","133213.69","222461.67","127245.68"
"63","C15","48","133723.97","223757.92","127426.08"
"63","C15","49","134444.69","225382.69","127378.375"
"63","C15","50","134682.72","226847.8","127409.7"
"63","C15","51","135048.14","228498.33","127326.734"
"63","C15","52","135392.06","229701.81","127355.664"
"63","C15","53","135913.75","231240.45","127308.09"
"63","C15","54","136513.16","232338.97","127250.82"
"63","C15","55","136925.58","233787.33","127166.56"
"63","C15","56","137065.45","234708.52","127276.88"
"63","C15","57","137529.27","236116.58","127243.06"
"63","C15","58","138149.12","237539.28","127222.805"
"63","C15","59","138512.2","238776.25","127371.5"
"63","C15","60","138921.45","239914.36","127298.83"
"63","C15","61","139319.67","241244.78","127278.13"
"63","C15","62","139641.83","242637.89","127231.3"
"63","C15","63","140329.48","243708.81","127091.14"
"63","C15","64","140626.14","244786.12","126984.26"
"63","C15","65","141106.03","246261.64","127133.22"
"63","C15","66","141698.69","247543.77","127307.6"
"63","C15","67","142033.36","248781.47","127200.01"
"63","C15","68","142413.67","250124.88","127083.0"
"63","C15","69","142895.4","250941.66","127170.43"
"63","C15","70","143347.89","252397.72","127240.95"
"63","C15","71","143733.17","253772.64","127439.84"
"63","C15","72","144142.66","254989.05","127293.516"
"63","C15","73","144701.33","256281.94","127132.91"
"63","C15","74","145350.58","258002.19","127075.82"
"63","C15","75","146143.66","260131.1","126893.15"
"63","C15","76","146798.38","262239.06","126794.25"
"63","C15","77","147727.39","265086.28","126987.24"
"63","C15","78","149095.75","268450.03","127163.21"
"63","C15","79","151054.75","272706.75","127323.89"
"63","C15","80","153182.52","278044.72","127472.53"
"63","C15","81","155853.58","284821.84","127385.586"
"63","C15","82","159243.73","293172.97","127437.61"
"63","C15","83","163396.03","302633.53","127741.32"
"63","C15","84","168176.12","313404.94","127798.69"
"63","C15","85","173241.22","325048.62","127969.9"
"63","C15","86","179182.69","336619.8","128199.266"
"63","C15","87","185760.11","348796.25","128362.79"
"63","C15","88","192414.66","360951.22","128273.79"
"63","C15","89","199578.95","373236.9","128277.29"
"63","C15","90","206170.61","382694.97","128444.266"
"64","C16","1","66471.95","65110.836","124933.73"
"64","C16","2","66345.69","65249.45","124743.31"
"64","C16","3","66232.7","66015.89","124576.58"
"64","C16","4","66175.04","66636.22","124508.836"
"64","C16","5","66065.836","66980.11","124460.29"
"64","C16","6","66021.65","67367.164","124380.17"
"64","C16","7","66038.47","67698.01","124281.56"
"64","C16","8","66034.48","68003.13","124124.92"
"64","C16","9","66060.66","68093.3","124117.62"
"64","C16","10","65937.95","68297.164","124326.086"
"64","C16","11","65971.24","68663.195","124387.8"
"64","C16","12","66302.05","68727.234","124422.68"
"64","C16","13","66612.26","69083.04","124501.984"
"64","C16","14","67015.92","70107.74","124087.9"
"64","C16","15","67919.15","71982.12","124023.63"
"64","C16","16","69319.13","75137.07","124279.38"
"64","C16","17","71752.37","80811.66","124491.84"
"64","C16","18","75650.86","90160.28","124534.02"
"64","C16","19","81094.4","103779.875","124750.72"
"64","C16","20","87923.05","120727.36","124807.87"
"64","C16","21","94955.664","138413.3","125024.29"
"64","C16","22","101390.33","154338.08","125609.77"
"64","C16","23","107247.586","166925.94","125674.516"
"64","C16","24","111991.125","175704.77","125733.99"
"64","C16","25","115997.88","182203.48","125648.74"
"64","C16","26","119152.016","186426.98","125542.53"
"64","C16","27","121550.79","189373.55","125624.71"
"64","C16","28","123468.016","191873.5","125747.48"
"64","C16","29","124972.8","194263.5","125751.805"
"64","C16","30","126167.82","196251.11","125847.81"
"64","C16","31","127110.72","198087.8","125869.2"
"64","C16","32","128004.516","199931.19","125748.09"
"64","C16","33","128590.76","201679.53","125659.67"
"64","C16","34","129362.48","203268.05","125654.44"
"64","C16","35","130108.72","204846.28","125710.99"
"64","C16","36","130863.3","206545.14","125686.055"
"64","C16","37","131235.34","208313.47","125644.43"
"64","C16","38","131658.64","209951.3","125651.66"
"64","C16","39","132250.03","211527.6","125590.69"
"64","C16","40","132628.3","213250.05","125704.17"
"64","C16","41","133094.75","214785.67","125745.6"
"64","C16","42","133751.78","216686.97","125719.73"
"64","C16","43","134343.22","217998.33","125652.414"
"64","C16","44","135040.66","219003.27","125613.26"
"64","C16","45","135461.75","220384.33","125756.15"
"64","C16","46","135933.05","221840.19","125608.05"
"64","C16","47","136266.56","223058.97","125502.08"
"64","C16","48","136935.12","224796.4","125610.42"
"64","C16","49","137461.7","226343.36","125590.45"
"64","C16","50","137667.05","227837.31","125737.195"
"64","C16","51","137908.94","229272.17","125748.21"
"64","C16","52","138447.67","230444.64","125776.15"
"64","C16","53","139025.7","231819.45","125684.98"
"64","C16","54","139684.34","232977.2","125672.336"
"64","C16","55","140122.36","234226.7","125674.91"
"64","C16","56","140414.11","235867.45","125579.12"
"64","C16","57","140832.11","237105.38","125567.36"
"64","C16","58","141360.58","238477.27","125540.79"
"64","C16","59","141928.28","239557.17","125459.98"
"64","C16","60","142198.08","240591.64","125517.17"
"64","C16","61","142845.08","242042.77","125521.87"
"64","C16","62","143432.12","243603.48","125599.44"
"64","C16","63","143798.23","244874.06","125725.09"
"64","C16","64","144255.61","246059.02","125654.45"
"64","C16","65","145081.58","247592.75","125643.305"
"64","C16","66","145750.97","248976.03","125626.56"
"64","C16","67","146497.22","250537.53","125508.28"
"64","C16","68","147220.3","252425.17","125408.586"
"64","C16","69","148140.16","254324.77","125317.336"
"64","C16","70","149429.9","256205.27","125320.78"
"64","C16","71","150636.25","258540.06","125699.93"
"64","C16","72","151793.19","260546.66","125612.29"
"64","C16","73","153575.14","262769.44","125459.01"
"64","C16","74","155523.2","265442.72","125377.75"
"64","C16","75","157765.05","268416.2","125305.445"
"64","C16","76","159728.28","271158.7","125429.984"
"64","C16","77","162216.25","274693.88","125556.914"
"64","C16","78","164998.55","278257.7","125632.64"
"64","C16","79","168063.05","282021.16","125694.37"
"64","C16","80","171365.94","286039.06","125709.48"
"64","C16","81","174680.1","290177.53","125661.16"
"64","C16","82","178321.25","294261.78","125619.414"
"64","C16","83","182382.2","298737.9","125520.164"
"64","C16","84","186367.81","303836.72","125493.26"
"64","C16","85","190925.2","309120.1","125512.86"
"64","C16","86","195509.89","314951.25","125954.56"
"64","C16","87","199789.67","321180.06","126061.02"
"64","C16","88","204547.94","327620.03","125939.07"
"64","C16","89","209337.6","334527.5","125845.45"
"64","C16","90","213461.61","341360.44","125722.32"
"65","C17","1","63851.848","53041.562","128357.92"
"65","C17","2","63701.504","53109.637","128013.43"
"65","C17","3","63281.742","53367.473","127650.64"
"65","C17","4","63146.297","53624.77","127541.234"
"65","C17","5","63063.617","53842.074","127488.445"
"65","C17","6","63059.12","54068.652","127391.914"
"65","C17","7","63120.508","54494.36","127361.7"
"65","C17","8","63152.754","54555.027","127428.49"
"65","C17","9","63290.88","54515.008","127231.375"
"65","C17","10","63283.426","54661.17","127138.4"
"65","C17","11","63251.62","54658.637","127078.8"
"65","C17","12","63288.785","54614.574","127129.86"
"65","C17","13","63314.582","54872.336","127387.305"
"65","C17","14","63556.418","55036.844","127413.56"
"65","C17","15","63791.86","55280.816","127448.53"
"65","C17","16","63892.434","55596.355","127506.93"
"65","C17","17","64235.77","55893.367","127530.24"
"65","C17","18","65057.42","56439.62","127638.78"
"65","C17","19","66261.94","57785.68","127571.53"
"65","C17","20","68492.45","60177.746","127531.51"
"65","C17","21","72266.77","63840.723","127653.164"
"65","C17","22","78202.25","69624.57","127712.516"
"65","C17","23","86639.33","77837.39","127993.52"
"65","C17","24","97395.72","87795.195","128051.92"
"65","C17","25","109423.62","98331.12","127988.67"
"65","C17","26","121759.79","107930.66","128027.32"
"65","C17","27","132200.03","115461.875","128010.63"
"65","C17","28","140020.25","120417.23","128013.85"
"65","C17","29","145450.64","123662.74","128312.38"
"65","C17","30","148656.12","126130.29","128304.03"
"65","C17","31","151035.31","127939.47","128322.55"
"65","C17","32","152806.28","129629.74","128507.52"
"65","C17","33","154114.94","131219.7","128635.6"
"65","C17","34","155236.28","132667.69","128572.93"
"65","C17","35","156304.9","134082.28","128598.37"
"65","C17","36","157122.92","135492.83","128599.79"
"65","C17","37","157611.0","136821.47","128494.31"
"65","C17","38","158406.56","138120.39","128412.36"
"65","C17","39","159023.7","139324.55","128382.71"
"65","C17","40","159464.11","140648.5","128626.73"
"65","C17","41","160193.31","141872.14","128579.4"
"65","C17","42","160742.53","143035.98","128466.28"
"65","C17","43","160970.56","144226.27","128377.484"
"65","C17","44","161314.42","145353.0","128420.87"
"65","C17","45","161807.02","146620.38","128395.47"
"65","C17","46","162426.77","147877.55","128560.39"
"65","C17","47","162946.08","149213.9","128570.64"
"65","C17","48","163534.62","150280.72","128465.35"
"65","C17","49","164021.97","151326.4","128406.69"
"65","C17","50","164236.62","152278.62","128329.94"
"65","C17","51","164598.77","153367.45","128363.25"
"65","C17","52","164956.77","154188.48","128329.234"
"65","C17","53","165218.73","155245.53","128456.586"
"65","C17","54","165815.12","156130.0","128445.75"
"65","C17","55","166346.1","157463.38","128362.01"
"65","C17","56","166555.14","158883.52","128315.62"
"65","C17","57","167024.66","159756.47","128414.664"
"65","C17","58","167454.4","160746.98","128551.59"
"65","C17","59","167827.52","162056.94","128617.69"
"65","C17","60","168588.33","162952.0","128538.83"
"65","C17","61","169233.72","164084.06","128519.02"
"65","C17","62","169816.39","165413.9","128441.49"
"65","C17","63","171038.12","167204.02","128446.87"
"65","C17","64","172638.7","169066.19","128495.99"
"65","C17","65","175114.89","171125.55","128189.33"
"65","C17","66","177902.25","173792.94","128106.48"
"65","C17","67","181437.83","177030.2","128392.03"
"65","C17","68","186405.08","180484.12","128405.586"
"65","C17","69","192150.33","184226.03","128316.49"
"65","C17","70","198616.45","188290.0","128329.586"
"65","C17","71","205620.12","192565.64","128308.38"
"65","C17","72","212978.84","196857.05","128486.805"
"65","C17","73","221048.03","201056.38","128427.31"
"65","C17","74","229049.2","205329.2","128341.766"
"65","C17","75","236756.08","210163.1","128383.57"
"65","C17","76","245443.36","214642.56","128515.0"
"65","C17","77","253248.83","219159.73","128550.22"
"65","C17","78","262185.47","223808.84","128755.45"
"65","C17","79","270897.53","228056.34","128874.15"
"65","C17","80","279645.84","232404.9","128667.76"
"65","C17","81","288536.38","236866.0","128496.35"
"65","C17","82","297294.34","241868.39","128429.24"
"65","C17","83","305841.0","246499.92","128586.85"
"65","C17","84","314442.12","250782.81","128804.805"
"65","C17","85","322848.6","255074.38","128695.0"
"65","C17","86","331195.88","259653.06","128563.62"
"65","C17","87","339848.75","264051.2","128539.21"
"65","C17","88","348002.9","268545.06","128460.586"
"65","C17","89","355062.38","272902.7","128441.04"
"65","C17","90","362066.25","276407.03","128358.69"
"66","C18","1","68080.06","55739.73","135220.9"
"66","C18","2","68003.16","55875.93","134908.89"
"66","C18","3","67902.49","56211.027","134692.95"
"66","C18","4","67861.5","56548.094","134596.98"
"66","C18","5","67856.39","56912.414","134584.81"
"66","C18","6","67736.55","57071.457","134719.03"
"66","C18","7","67681.63","57152.06","134676.64"
"66","C18","8","67715.48","57268.34","134580.83"
"66","C18","9","67877.1","57527.387","134425.86"
"66","C18","10","67865.94","57678.23","134403.33"
"66","C18","11","67787.516","57766.54","134460.77"
"66","C18","12","67773.92","57698.5","134478.0"
"66","C18","13","67876.02","57774.695","134594.52"
"66","C18","14","67965.24","57826.59","134741.92"
"66","C18","15","68124.37","58104.742","134807.17"
"66","C18","16","68305.29","58184.08","134831.25"
"66","C18","17","68786.06","58511.258","134740.75"
"66","C18","18","69329.875","59365.363","134667.92"
"66","C18","19","70368.35","60359.28","134622.83"
"66","C18","20","72350.19","62401.316","134615.39"
"66","C18","21","75707.64","66332.16","134736.81"
"66","C18","22","80789.82","72342.65","134715.72"
"66","C18","23","87727.62","80712.21","134676.08"
"66","C18","24","96227.25","91248.18","134782.86"
"66","C18","25","106511.17","102924.09","135196.05"
"66","C18","26","117794.266","114217.055","135381.75"
"66","C18","27","128896.25","123403.29","135509.8"
"66","C18","28","138491.67","130269.9","135781.62"
"66","C18","29","145355.83","135027.8","135804.8"
"66","C18","30","149641.6","138028.27","135741.69"
"66","C18","31","152342.5","140220.94","135455.27"
"66","C18","32","154485.84","142164.83","135333.17"
"66","C18","33","156172.36","143949.8","135442.34"
"66","C18","34","157437.58","145427.2","135627.7"
"66","C18","35","158494.34","146879.08","135858.55"
"66","C18","36","159242.19","148278.27","135894.52"
"66","C18","37","159870.83","149810.34","135799.73"
"66","C18","38","160529.02","151078.1","135760.42"
"66","C18","39","161178.25","152282.86","135669.0"
"66","C18","40","161821.67","153822.38","135691.62"
"66","C18","41","162552.31","155208.44","135854.52"
"66","C18","42","162740.6","156320.11","135904.66"
"66","C18","43","163090.7","157347.64","135992.39"
"66","C18","44","163885.12","158778.69","136000.6"
"66","C18","45","164434.72","160100.5","135931.69"
"66","C18","46","164973.05","161297.55","135843.72"
"66","C18","47","165512.62","162312.98","135875.42"
"66","C18","48","165883.2","163386.69","135725.78"
"66","C18","49","166206.25","164951.42","135638.58"
"66","C18","50","166638.86","166015.45","135762.1"
"66","C18","51","166839.56","167009.6","135727.7"
"66","C18","52","167143.53","168040.42","135760.86"
"66","C18","53","167571.06","169234.98","135711.86"
"66","C18","54","168152.88","170457.69","135804.88"
"66","C18","55","168378.0","171433.22","135878.52"
"66","C18","56","168674.97","172710.88","135918.53"
"66","C18","57","169087.38","173959.8","135851.05"
"66","C18","58","169426.31","174857.9","135753.19"
"66","C18","59","169797.9","176025.06","135780.67"
"66","C18","60","170488.45","177347.17","135760.56"
"66","C18","61","171075.97","178310.7","135630.31"
"66","C18","62","171591.45","179658.92","135527.66"
"66","C18","63","172345.86","181300.47","135570.97"
"66","C18","64","173384.38","182628.03","135618.11"
"66","C18","65","175069.1","184682.81","135585.56"
"66","C18","66","177062.44","186830.97","135744.75"
"66","C18","67","179752.33","189949.44","135817.42"
"66","C18","68","183274.61","193395.19","135841.78"
"66","C18","69","187848.4","197029.58","135818.94"
"66","C18","70","193129.5","201353.1","135866.34"
"66","C18","71","199275.11","205968.8","135812.53"
"66","C18","72","205739.06","210794.2","135700.62"
"66","C18","73","212776.77","215602.84","135620.17"
"66","C18","74","219826.67","220754.4","135710.39"
"66","C18","75","227049.69","225658.56","135800.16"
"66","C18","76","234195.92","231020.86","135768.19"
"66","C18","77","242695.88","235863.48","135790.61"
"66","C18","78","250823.17","240821.98","135935.55"
"66","C18","79","258910.86","245917.38","135989.42"
"66","C18","80","267298.84","250886.66","135925.17"
"66","C18","81","275692.16","255942.95","135939.95"
"66","C18","82","283936.53","260680.11","135960.3"
"66","C18","83","292464.06","265660.3","136003.48"
"66","C18","84","301153.06","270584.28","135762.28"
"66","C18","85","309752.12","275560.97","135672.95"
"66","C18","86","318278.25","280269.22","135915.72"
"66","C18","87","326805.53","285032.97","136011.08"
"66","C18","88","335639.56","289862.7","136028.1"
"66","C18","89","344533.47","294392.6","136010.34"
"66","C18","90","351513.75","298397.34","135945.55"
"67","C19","1","70843.16","56145.492","137331.9"
"67","C19","2","70545.914","56225.4","137098.98"
"67","C19","3","70270.89","56326.023","136760.61"
"67","C19","4","69950.69","56761.68","136512.73"
"67","C19","5","69897.195","57103.8","136313.03"
"67","C19","6","69983.02","57306.16","136317.94"
"67","C19","7","69949.58","57423.445","136545.8"
"67","C19","8","69960.53","57610.258","136735.4"
"67","C19","9","70144.625","57974.098","136708.16"
"67","C19","10","70256.195","57949.51","136671.94"
"67","C19","11","70252.11","57858.816","136685.05"
"67","C19","12","70285.03","58016.32","136488.78"
"67","C19","13","70327.57","58113.23","136491.58"
"67","C19","14","70323.91","58185.535","136810.48"
"67","C19","15","70450.57","58283.145","136847.77"
"67","C19","16","70558.75","58457.71","136861.64"
"67","C19","17","71096.805","59192.227","136732.3"
"67","C19","18","71599.46","60034.86","136677.67"
"67","C19","19","72637.02","61297.29","136780.39"
"67","C19","20","74281.414","63442.863","136792.84"
"67","C19","21","76942.16","67497.03","136755.42"
"67","C19","22","80929.58","73900.375","136752.83"
"67","C19","23","86312.67","82934.55","137019.03"
"67","C19","24","92390.89","93430.55","137297.12"
"67","C19","25","98916.49","105187.72","137440.83"
"67","C19","26","105956.3","116633.42","137451.3"
"67","C19","27","113650.086","126837.54","137415.02"
"67","C19","28","121126.89","135469.77","137635.69"
"67","C19","29","128077.84","141820.64","137835.62"
"67","C19","30","133483.5","146124.0","137842.31"
"67","C19","31","137029.83","148987.6","138072.81"
"67","C19","32","139242.88","151509.42","138066.47"
"67","C19","33","140903.19","153511.14","137940.58"
"67","C19","34","142074.83","155107.97","137918.66"
"67","C19","35","142932.38","156764.86","138002.89"
"67","C19","36","143805.64","158191.38","137900.22"
"67","C19","37","144504.08","159844.75","137817.73"
"67","C19","38","145020.28","161059.75","137927.5"
"67","C19","39","145523.81","162501.6","137883.95"
"67","C19","40","146161.61","163935.78","137924.23"
"67","C19","41","146508.25","165205.2","137900.7"
"67","C19","42","146806.58","166181.64","138089.81"
"67","C19","43","147299.12","167824.47","138030.08"
"67","C19","44","147991.47","169012.4","137917.77"
"67","C19","45","148460.5","170142.52","138019.38"
"67","C19","46","148791.02","171487.58","138221.62"
"67","C19","47","149203.14","172418.88","138070.3"
"67","C19","48","149455.94","173689.77","137924.89"
"67","C19","49","149664.66","174896.9","137901.75"
"67","C19","50","150133.56","176038.9","137840.36"
"67","C19","51","150530.22","177282.17","137941.47"
"67","C19","52","150676.5","178457.0","137915.61"
"67","C19","53","151081.25","179449.42","137896.38"
"67","C19","54","151541.56","180564.23","137832.08"
"67","C19","55","151966.08","181314.25","137855.7"
"67","C19","56","152378.83","182387.95","137823.62"
"67","C19","57","152621.25","183870.2","138007.14"
"67","C19","58","152788.11","184986.64","138036.4"
"67","C19","59","153024.03","185725.8","138023.86"
"67","C19","60","153454.6","186808.02","137922.3"
"67","C19","61","153815.28","188043.22","137777.97"
"67","C19","62","154322.23","189156.72","137712.67"
"67","C19","63","154764.58","190376.77","137881.23"
"67","C19","64","155293.33","191732.81","137982.1"
"67","C19","65","156030.69","192887.81","137986.03"
"67","C19","66","157087.31","194719.75","137574.25"
"67","C19","67","158434.9","196902.39","137397.9"
"67","C19","68","160279.4","199578.98","137477.67"
"67","C19","69","162774.97","202849.75","137690.4"
"67","C19","70","165982.0","206393.69","137827.9"
"67","C19","71","169766.83","210816.4","137871.1"
"67","C19","72","174092.31","215756.9","138019.5"
"67","C19","73","178945.3","220709.5","137897.22"
"67","C19","74","184176.1","226012.88","137799.06"
"67","C19","75","189394.17","231259.03","137930.14"
"67","C19","76","194933.2","236790.4","137959.62"
"67","C19","77","200967.73","242152.4","137989.38"
"67","C19","78","206965.88","247474.2","137971.11"
"67","C19","79","213182.39","253102.36","138016.23"
"67","C19","80","219594.95","258684.06","138196.48"
"67","C19","81","226244.42","264078.03","138137.86"
"67","C19","82","232769.44","269170.66","138031.75"
"67","C19","83","239404.97","274350.4","137972.66"
"67","C19","84","246877.72","279930.34","137966.97"
"67","C19","85","253696.5","284863.66","137877.89"
"67","C19","86","261273.19","289969.8","137862.39"
"67","C19","87","269163.22","295074.2","137795.34"
"67","C19","88","276642.6","300265.28","137899.39"
"67","C19","89","283919.34","304633.03","138055.22"
"67","C19","90","290870.9","309017.4","138255.19"
"68","C20","1","64753.094","53253.414","132687.73"
"68","C20","2","64467.555","53260.305","132381.72"
"68","C20","3","64292.535","53450.977","132117.42"
"68","C20","4","64233.953","53968.04","131922.78"
"68","C20","5","64242.51","54400.566","131898.86"
"68","C20","6","64332.36","54614.516","131981.16"
"68","C20","7","64324.062","54754.617","132028.98"
"68","C20","8","64292.918","54752.285","132171.36"
"68","C20","9","64338.02","54855.86","131973.67"
"68","C20","10","64600.43","55026.367","131932.75"
"68","C20","11","64630.508","55096.215","132082.11"
"68","C20","12","64619.664","55159.562","132164.73"
"68","C20","13","64566.55","55246.957","132039.22"
"68","C20","14","64588.645","55194.77","131958.48"
"68","C20","15","64830.668","55365.54","131930.39"
"68","C20","16","64947.402","55638.67","131980.62"
"68","C20","17","65178.215","56015.566","132207.52"
"68","C20","18","65695.11","56888.633","132322.3"
"68","C20","19","66661.83","57967.742","132204.56"
"68","C20","20","68370.58","59935.555","132202.58"
"68","C20","21","71016.19","63331.688","132449.73"
"68","C20","22","74853.52","69191.45","132366.66"
"68","C20","23","79954.555","77321.37","132339.5"
"68","C20","24","85403.445","87804.28","132609.92"
"68","C20","25","91025.49","99046.15","132918.31"
"68","C20","26","96451.35","110402.14","133358.94"
"68","C20","27","101705.68","120924.664","133507.0"
"68","C20","28","106935.87","129920.54","133629.03"
"68","C20","29","112082.12","137330.2","133886.7"
"68","C20","30","116702.55","143044.77","133980.75"
"68","C20","31","120386.81","147202.31","133882.83"
"68","C20","32","122899.1","150312.05","133842.77"
"68","C20","33","124726.27","152374.31","133780.39"
"68","C20","34","125987.64","154085.72","133916.0"
"68","C20","35","126963.81","155681.23","133893.4"
"68","C20","36","127633.83","157195.02","134043.31"
"68","C20","37","128138.375","158679.42","134065.75"
"68","C20","38","128706.484","160052.83","134136.52"
"68","C20","39","129284.19","161692.3","133994.81"
"68","C20","40","129816.25","163110.67","133851.22"
"68","C20","41","130182.5","164500.72","133860.83"
"68","C20","42","130683.71","165367.9","133862.78"
"68","C20","43","130934.09","166451.75","133862.45"
"68","C20","44","131315.05","167998.31","133994.0"
"68","C20","45","131708.94","169037.77","133905.83"
"68","C20","46","132100.7","170142.1","133844.81"
"68","C20","47","132362.67","171276.52","133857.4"
"68","C20","48","132582.06","172570.45","133761.72"
"68","C20","49","133137.06","173808.61","133725.52"
"68","C20","50","133453.08","174718.25","133800.77"
"68","C20","51","133651.3","176109.42","133834.05"
"68","C20","52","133960.06","177202.94","133942.84"
"68","C20","53","134252.39","178102.05","133995.27"
"68","C20","54","134533.31","179308.55","133978.0"
"68","C20","55","134701.39","180277.77","133920.8"
"68","C20","56","135043.52","180954.42","133859.7"
"68","C20","57","135538.47","182105.48","133753.22"
"68","C20","58","135781.72","183733.42","133784.06"
"68","C20","59","135945.58","184397.05","133867.81"
"68","C20","60","136223.08","185096.69","134043.28"
"68","C20","61","136688.2","186171.61","133954.38"
"68","C20","62","136843.0","187268.11","133866.95"
"68","C20","63","137009.06","188402.67","134035.7"
"68","C20","64","137423.52","189496.56","133993.08"
"68","C20","65","137790.8","190920.44","134024.94"
"68","C20","66","138266.47","192249.94","133950.23"
"68","C20","67","138559.95","193537.92","134035.98"
"68","C20","68","139461.1","194879.02","134120.05"
"68","C20","69","140634.55","197178.48","134005.75"
"68","C20","70","141735.88","199894.4","133890.9"
"68","C20","71","143504.44","202658.64","133841.9"
"68","C20","72","145813.8","206459.14","134107.62"
"68","C20","73","148857.81","210644.19","134036.5"
"68","C20","74","152030.17","215323.97","133954.05"
"68","C20","75","155429.4","220518.47","134219.9"
"68","C20","76","159049.14","225907.94","134401.64"
"68","C20","77","162928.69","230904.69","134490.6"
"68","C20","78","166968.69","236293.5","134560.5"
"68","C20","79","171418.67","241664.66","134625.44"
"68","C20","80","175700.98","246884.62","134502.52"
"68","C20","81","180149.44","252036.69","134428.92"
"68","C20","82","185045.45","257593.58","134455.84"
"68","C20","83","190115.6","262563.1","134636.3"
"68","C20","84","195455.4","267469.03","134590.58"
"68","C20","85","200528.45","272272.62","134724.86"
"68","C20","86","206173.14","277084.3","134797.42"
"68","C20","87","212063.08","282059.2","134727.39"
"68","C20","88","218079.55","287012.34","134797.45"
"68","C20","89","223926.19","291663.3","134726.98"
"68","C20","90","229153.62","295766.28","134764.61"
"69","C21","1","64627.71","63273.984","131053.14"
"69","C21","2","64572.926","63259.74","130974.94"
"69","C21","3","64309.543","63363.27","130736.36"
"69","C21","4","64124.5","63997.695","130592.76"
"69","C21","5","64010.965","64768.9","130453.445"
"69","C21","6","64028.918","64673.17","130390.26"
"69","C21","7","64188.227","64645.36","130428.66"
"69","C21","8","64235.137","65117.895","130536.24"
"69","C21","9","64385.56","65162.266","130563.19"
"69","C21","10","64360.074","65214.223","130379.18"
"69","C21","11","64272.125","65390.074","130172.8"
"69","C21","12","64224.723","65653.02","130206.05"
"69","C21","13","64300.402","65658.555","130505.36"
"69","C21","14","64514.215","65746.734","130540.36"
"69","C21","15","64602.434","65808.54","130556.71"
"69","C21","16","64805.777","66088.695","130507.81"
"69","C21","17","65093.06","66562.43","130473.19"
"69","C21","18","65741.7","67281.695","130542.875"
"69","C21","19","66696.76","68459.42","130710.07"
"69","C21","20","68156.34","70494.74","130703.96"
"69","C21","21","70812.05","74312.4","130747.97"
"69","C21","22","74599.64","80101.32","130843.29"
"69","C21","23","79831.35","88230.414","131111.62"
"69","C21","24","85104.766","98707.59","131266.16"
"69","C21","25","90030.82","110292.336","131461.2"
"69","C21","26","94696.77","122130.91","131764.05"
"69","C21","27","98914.22","132947.19","131942.36"
"69","C21","28","102543.914","142285.64","132116.11"
"69","C21","29","105800.99","150429.94","132180.89"
"69","C21","30","109052.83","157336.69","132312.94"
"69","C21","31","111510.12","162763.92","132343.67"
"69","C21","32","113628.93","166546.27","132485.31"
"69","C21","33","114820.68","169545.0","132488.5"
"69","C21","34","115761.93","171864.52","132446.36"
"69","C21","35","116666.33","173904.8","132600.16"
"69","C21","36","117353.055","175578.11","132528.61"
"69","C21","37","117865.64","177317.7","132543.72"
"69","C21","38","118417.83","178625.86","132631.5"
"69","C21","39","118633.42","179599.9","132679.17"
"69","C21","40","119041.945","180867.61","132722.19"
"69","C21","41","119472.914","182682.92","132696.1"
"69","C21","42","119837.43","184175.94","132693.64"
"69","C21","43","120087.46","185426.17","132765.4"
"69","C21","44","120326.2","186543.3","132832.62"
"69","C21","45","120629.92","187414.58","132731.66"
"69","C21","46","121048.98","188925.62","132627.98"
"69","C21","47","121389.72","190127.0","132722.58"
"69","C21","48","121381.59","191207.86","132684.31"
"69","C21","49","121494.984","192749.4","132795.66"
"69","C21","50","121710.086","194058.86","132868.42"
"69","C21","51","121980.37","194788.39","132665.1"
"69","C21","52","122474.766","195830.27","132537.61"
"69","C21","53","122711.81","196898.58","132694.22"
"69","C21","54","122960.1","198161.88","132712.11"
"69","C21","55","123177.1","199342.22","132742.31"
"69","C21","56","123557.055","200625.31","132605.25"
"69","C21","57","123511.51","201488.25","132518.88"
"69","C21","58","123823.99","202378.72","132620.11"
"69","C21","59","123937.81","203469.34","132581.44"
"69","C21","60","124257.14","204674.89","132786.5"
"69","C21","61","124317.195","205639.94","132895.88"
"69","C21","62","124356.01","206962.05","132736.8"
"69","C21","63","124731.17","208193.83","132600.86"
"69","C21","64","124995.22","209145.94","132723.27"
"69","C21","65","125116.41","210143.44","132817.72"
"69","C21","66","125500.88","211272.36","132742.2"
"69","C21","67","125593.31","212445.11","132849.56"
"69","C21","68","125783.74","213863.61","132871.69"
"69","C21","69","126183.53","215567.16","132852.22"
"69","C21","70","126590.05","217192.11","132774.9"
"69","C21","71","127106.89","219271.12","132950.2"
"69","C21","72","127963.29","222441.83","133009.89"
"69","C21","73","128899.15","226003.31","133117.42"
"69","C21","74","129985.78","230299.67","132998.03"
"69","C21","75","131191.1","235424.89","132955.58"
"69","C21","76","132911.77","241207.03","133151.94"
"69","C21","77","135078.2","247059.81","133293.55"
"69","C21","78","137330.12","253603.8","133415.4"
"69","C21","79","139645.11","260436.39","133322.83"
"69","C21","80","141967.34","266851.0","133382.14"
"69","C21","81","144474.42","273173.78","133468.75"
"69","C21","82","147152.52","280154.6","133562.39"
"69","C21","83","149779.2","287069.9","133552.84"
"69","C21","84","152902.42","293637.47","133815.86"
"69","C21","85","155910.64","300398.8","133838.97"
"69","C21","86","159123.08","307314.53","133742.86"
"69","C21","87","162738.72","313810.03","133794.7"
"69","C21","88","166360.42","320384.0","134199.67"
"69","C21","89","170125.38","326916.4","134263.6"
"69","C21","90","173321.61","332050.62","134294.52"
"70","C22","1","65523.414","59443.11","130752.82"
"70","C22","2","65468.945","59478.145","130522.79"
"70","C22","3","65259.6","59731.355","130336.69"
"70","C22","4","65125.07","60244.07","130221.305"
"70","C22","5","64954.363","60545.355","130141.44"
"70","C22","6","64861.484","60850.355","130124.93"
"70","C22","7","64850.69","60998.438","130252.64"
"70","C22","8","64929.855","61019.336","130342.63"
"70","C22","9","64840.113","61359.13","130341.734"
"70","C22","10","64747.336","61411.293","130455.7"
"70","C22","11","64760.89","61599.855","130469.42"
"70","C22","12","64900.14","61561.547","130428.23"
"70","C22","13","64987.477","61652.59","130319.99"
"70","C22","14","65106.92","61802.652","130093.85"
"70","C22","15","65180.734","61973.406","129957.64"
"70","C22","16","65332.883","62156.07","129991.164"
"70","C22","17","65727.41","62530.734","130248.96"
"70","C22","18","66418.05","63031.3","130389.63"
"70","C22","19","67255.19","63965.43","130412.78"
"70","C22","20","68765.18","66162.85","130600.336"
"70","C22","21","71371.4","69500.99","130631.09"
"70","C22","22","75449.8","74834.164","130785.54"
"70","C22","23","80286.17","82779.72","130829.984"
"70","C22","24","85922.58","92665.805","131011.875"
"70","C22","25","91350.03","104244.836","131283.5"
"70","C22","26","96009.52","115966.32","131548.3"
"70","C22","27","100245.57","126592.63","131635.44"
"70","C22","28","103872.63","136159.7","131729.48"
"70","C22","29","107146.77","144628.23","131780.47"
"70","C22","30","110064.42","151269.61","131982.38"
"70","C22","31","112116.15","156245.3","132049.67"
"70","C22","32","113789.94","160410.42","132123.52"
"70","C22","33","115155.234","163625.52","132286.72"
"70","C22","34","116394.97","166136.25","132217.16"
"70","C22","35","117033.84","168183.83","132238.52"
"70","C22","36","117745.375","169570.62","132300.56"
"70","C22","37","118427.55","171113.0","132334.69"
"70","C22","38","118858.29","172764.05","132296.44"
"70","C22","39","119089.73","174084.58","132419.45"
"70","C22","40","119590.5","175391.03","132411.47"
"70","C22","41","119984.11","176969.27","132339.92"
"70","C22","42","120285.53","178249.86","132464.94"
"70","C22","43","120275.36","179193.23","132437.05"
"70","C22","44","120483.555","180716.31","132460.75"
"70","C22","45","120795.63","182065.86","132637.08"
"70","C22","46","121090.37","183242.64","132573.8"
"70","C22","47","121247.836","184228.11","132404.8"
"70","C22","48","121611.99","185394.08","132285.2"
"70","C22","49","122039.66","186828.19","132372.08"
"70","C22","50","122282.02","187689.38","132301.4"
"70","C22","51","122192.2","188994.7","132345.02"
"70","C22","52","122305.9","190244.3","132296.95"
"70","C22","53","122496.36","191295.7","132255.38"
"70","C22","54","122943.5","192354.2","132588.89"
"70","C22","55","123056.625","193482.98","132607.28"
"70","C22","56","123262.1","194698.94","132467.66"
"70","C22","57","123409.7","195711.33","132297.7"
"70","C22","58","123328.89","196847.97","132214.36"
"70","C22","59","123440.89","197727.12","132295.92"
"70","C22","60","123988.23","198767.89","132458.06"
"70","C22","61","124199.48","199878.98","132503.1"
"70","C22","62","124302.92","200935.84","132267.8"
"70","C22","63","124409.13","201729.06","132174.05"
"70","C22","64","124651.03","202864.1","132477.25"
"70","C22","65","124864.38","203977.06","132505.7"
"70","C22","66","124819.09","205038.44","132450.77"
"70","C22","67","125137.14","206334.03","132597.34"
"70","C22","68","125456.43","207437.17","132549.06"
"70","C22","69","125722.484","208596.95","132610.72"
"70","C22","70","126084.484","210359.14","132622.34"
"70","C22","71","126309.62","212353.73","132611.47"
"70","C22","72","126767.04","214646.08","132516.92"
"70","C22","73","127349.74","217758.97","132586.94"
"70","C22","74","128277.36","221439.36","132560.86"
"70","C22","75","129365.12","225986.86","132757.92"
"70","C22","76","130562.85","231077.92","132701.56"
"70","C22","77","132143.31","236856.83","132738.67"
"70","C22","78","133903.36","243183.58","132759.97"
"70","C22","79","135812.95","248854.62","132828.23"
"70","C22","80","137888.78","255000.48","132942.81"
"70","C22","81","140149.17","261598.05","133013.81"
"70","C22","82","142134.81","267913.38","132939.55"
"70","C22","83","144391.11","274095.7","133128.8"
"70","C22","84","146826.1","280079.97","133471.47"
"70","C22","85","149223.98","286242.38","133430.62"
"70","C22","86","152043.36","292576.66","133428.02"
"70","C22","87","154949.84","298765.0","133347.03"
"70","C22","88","158224.92","304077.84","133566.94"
"70","C22","89","161845.81","310142.0","133835.77"
"70","C22","90","164542.81","315655.66","133851.27"
"71","C23","1","66626.34","67165.72","131224.34"
"71","C23","2","66580.86","67211.35","130961.98"
"71","C23","3","66349.266","67602.1","130841.12"
"71","C23","4","66296.48","68201.01","130924.67"
"71","C23","5","66309.78","68619.805","130899.82"
"71","C23","6","66311.164","69008.72","130799.79"
"71","C23","7","66356.86","69109.17","130811.16"
"71","C23","8","66428.94","69299.92","130967.24"
"71","C23","9","66357.11","69585.86","131001.83"
"71","C23","10","66345.42","69571.42","130883.08"
"71","C23","11","66433.734","69638.89","130883.555"
"71","C23","12","66460.875","69783.61","131075.89"
"71","C23","13","66583.65","69982.88","131091.02"
"71","C23","14","66614.98","69990.31","131040.24"
"71","C23","15","66585.3","70162.13","131049.26"
"71","C23","16","66685.57","70349.625","131125.95"
"71","C23","17","67031.03","70658.414","131030.65"
"71","C23","18","67555.73","71533.51","131003.734"
"71","C23","19","68478.51","72733.64","131133.48"
"71","C23","20","70064.77","74619.484","131114.75"
"71","C23","21","72841.97","78254.51","131050.766"
"71","C23","22","76647.836","84165.625","130940.66"
"71","C23","23","81586.52","92886.45","130943.95"
"71","C23","24","86766.5","103330.234","131240.98"
"71","C23","25","91773.66","114691.2","131628.69"
"71","C23","26","96200.125","126298.74","131793.98"
"71","C23","27","100065.125","137698.44","132085.81"
"71","C23","28","103093.1","147156.14","132227.84"
"71","C23","29","105275.68","155312.4","132287.52"
"71","C23","30","107195.33","162479.84","132453.77"
"71","C23","31","108801.22","168204.62","132479.94"
"71","C23","32","109699.73","172482.48","132459.48"
"71","C23","33","110559.02","175873.66","132407.23"
"71","C23","34","111322.92","178224.0","132596.33"
"71","C23","35","111986.64","180181.64","132707.8"
"71","C23","36","112393.82","182403.1","132775.53"
"71","C23","37","112711.92","183816.05","132697.81"
"71","C23","38","112723.59","185058.9","132718.64"
"71","C23","39","112927.0","187037.97","132632.16"
"71","C23","40","113149.05","188339.95","132544.75"
"71","C23","41","113428.12","189404.81","132675.12"
"71","C23","42","113766.8","190983.38","132629.83"
"71","C23","43","113612.32","192695.55","132427.8"
"71","C23","44","113718.53","193864.62","132305.78"
"71","C23","45","113869.89","195202.19","132382.14"
"71","C23","46","114041.766","196278.05","132430.6"
"71","C23","47","114314.664","197539.02","132341.4"
"71","C23","48","114349.58","199304.89","132384.36"
"71","C23","49","114643.086","200248.84","132620.9"
"71","C23","50","114599.0","201295.84","132678.33"
"71","C23","51","114614.805","202731.02","132672.55"
"71","C23","52","114756.875","203820.48","132757.53"
"71","C23","53","114803.16","204786.4","132702.72"
"71","C23","54","115109.77","206024.89","132707.02"
"71","C23","55","115211.516","207533.0","132475.06"
"71","C23","56","115405.65","208277.27","132341.31"
"71","C23","57","115064.32","209549.19","132397.97"
"71","C23","58","115206.305","210587.72","132350.03"
"71","C23","59","115450.34","211754.58","132440.39"
"71","C23","60","115542.59","212684.56","132428.16"
"71","C23","61","115549.664","213830.67","132378.27"
"71","C23","62","115529.945","215158.86","132561.77"
"71","C23","63","115741.03","216157.17","132527.36"
"71","C23","64","116048.4","217041.58","132580.47"
"71","C23","65","115920.38","218237.73","132614.3"
"71","C23","66","115922.43","219236.86","132578.08"
"71","C23","67","116028.12","220442.36","132691.55"
"71","C23","68","115984.9","221550.34","132685.44"
"71","C23","69","116284.76","222939.84","132535.4"
"71","C23","70","116345.25","224102.03","132429.92"
"71","C23","71","116430.08","225326.92","132504.27"
"71","C23","72","116540.34","226828.34","132448.05"
"71","C23","73","116701.34","228687.4","132506.6"
"71","C23","74","116623.414","230961.52","132546.45"
"71","C23","75","116753.53","233543.77","132557.64"
"71","C23","76","116948.336","236998.36","132523.39"
"71","C23","77","116854.7","241473.38","132645.6"
"71","C23","78","117146.88","246740.2","132724.89"
"71","C23","79","117672.03","252627.17","132707.25"
"71","C23","80","118128.6","258852.44","132755.45"
"71","C23","81","118521.0","265793.4","132862.8"
"71","C23","82","118715.24","272996.47","132911.94"
"71","C23","83","119393.89","280436.25","133010.97"
"71","C23","84","119916.68","288005.53","133213.28"
"71","C23","85","120700.99","295051.1","133227.3"
"71","C23","86","121279.734","302222.1","133432.55"
"71","C23","87","122162.164","309228.38","133620.4"
"71","C23","88","122940.85","316566.66","133523.6"
"71","C23","89","123948.1","324255.72","133494.33"
"71","C23","90","124913.2","330543.0","133533.67"
"72","C24","1","66601.35","65268.754","126273.664"
"72","C24","2","66427.22","65336.047","126130.31"
"72","C24","3","66304.37","65628.9","125896.23"
"72","C24","4","66268.15","66269.45","125782.82"
"72","C24","5","66052.67","66586.305","125671.31"
"72","C24","6","66001.66","66933.484","125608.48"
"72","C24","7","66117.77","66962.97","125576.22"
"72","C24","8","66331.11","67090.984","125561.97"
"72","C24","9","66175.6","67124.02","125649.14"
"72","C24","10","66003.12","67124.03","125727.3"
"72","C24","11","66040.27","67519.695","125740.79"
"72","C24","12","66314.38","67546.76","125879.81"
"72","C24","13","66346.51","67447.63","125882.81"
"72","C24","14","66368.16","67658.21","125894.89"
"72","C24","15","66368.73","68024.11","125708.11"
"72","C24","16","66546.234","68113.54","125590.164"
"72","C24","17","66831.69","68407.98","125451.21"
"72","C24","18","67447.3","68952.625","125437.39"
"72","C24","19","68261.9","70157.05","125533.7"
"72","C24","20","69874.67","72166.12","125608.27"
"72","C24","21","72501.625","75496.766","125677.945"
"72","C24","22","76400.12","81089.516","125922.38"
"72","C24","23","81156.24","89501.01","126102.484"
"72","C24","24","86440.96","99212.625","126159.086"
"72","C24","25","91491.19","110423.31","126195.15"
"72","C24","26","95923.58","121693.37","126458.13"
"72","C24","27","99616.836","132601.81","126611.51"
"72","C24","28","102578.875","142002.61","126607.8"
"72","C24","29","104574.7","150068.66","126849.79"
"72","C24","30","106163.24","156927.53","127043.06"
"72","C24","31","107425.29","162398.38","127103.34"
"72","C24","32","108383.45","166695.27","127179.88"
"72","C24","33","108969.64","169947.92","127189.375"
"72","C24","34","109830.81","172503.17","127352.65"
"72","C24","35","110137.04","174665.61","127269.945"
"72","C24","36","110484.086","176691.86","127108.45"
"72","C24","37","110713.63","178333.9","127009.93"
"72","C24","38","110880.12","179601.75","127081.41"
"72","C24","39","111341.66","181329.88","127046.125"
"72","C24","40","111254.03","182987.8","127178.49"
"72","C24","41","111500.65","184277.23","127220.61"
"72","C24","42","111393.77","185462.94","127263.6"
"72","C24","43","111377.32","187160.98","127203.77"
"72","C24","44","111621.89","188479.55","127305.51"
"72","C24","45","111896.58","189576.2","127304.33"
"72","C24","46","111864.9","190659.98","127203.19"
"72","C24","47","111811.516","192126.75","127106.83"
"72","C24","48","112088.59","193244.08","127171.49"
"72","C24","49","112275.56","194568.12","127152.23"
"72","C24","50","112098.22","195465.55","127340.34"
"72","C24","51","112223.086","196771.17","127261.805"
"72","C24","52","112394.35","198002.92","127110.945"
"72","C24","53","112263.56","199533.45","126966.414"
"72","C24","54","112308.45","200206.19","126900.26"
"72","C24","55","112520.25","201130.08","126998.08"
"72","C24","56","112543.7","202293.39","127082.67"
"72","C24","57","112577.33","203653.27","126988.71"
"72","C24","58","112517.234","204646.86","126863.85"
"72","C24","59","112529.234","205273.88","126860.97"
"72","C24","60","112839.78","206603.72","126953.58"
"72","C24","61","113034.945","207678.64","126870.47"
"72","C24","62","113112.96","208431.92","126788.836"
"72","C24","63","112812.36","209646.58","126967.74"
"72","C24","64","112938.305","210835.53","127238.06"
"72","C24","65","113022.13","211877.84","127352.12"
"72","C24","66","113152.09","212937.44","127283.06"
"72","C24","67","113314.37","213915.66","127135.7"
"72","C24","68","113219.89","214925.28","127018.68"
"72","C24","69","113239.62","215457.88","126980.88"
"72","C24","70","113487.49","216492.89","126951.125"
"72","C24","71","113497.12","217762.69","126915.58"
"72","C24","72","113649.164","218888.06","126819.0"
"72","C24","73","113424.52","219542.9","126815.89"
"72","C24","74","113455.69","220585.69","126820.76"
"72","C24","75","113482.586","221685.67","126738.664"
"72","C24","76","113509.63","222487.61","126751.23"
"72","C24","77","113709.39","223309.4","126820.41"
"72","C24","78","113690.35","224419.73","127016.91"
"72","C24","79","113831.58","225483.38","127071.516"
"72","C24","80","113762.64","226625.9","126865.98"
"72","C24","81","113782.54","227885.61","126744.63"
"72","C24","82","113949.49","229004.86","126790.67"
"72","C24","83","113977.195","229923.84","126731.24"
"72","C24","84","114180.32","231402.92","126737.82"
"72","C24","85","114061.71","233309.34","126691.84"
"72","C24","86","114092.086","235920.45","126821.34"
"72","C24","87","114138.625","238459.48","126890.85"
"72","C24","88","114045.87","242197.2","126847.266"
"72","C24","89","113979.4","246409.45","126947.81"
"72","C24","90","113762.27","251209.05","127007.53"
"73","D1","1","69097.7","55993.004","134899.4"
"73","D1","2","68850.84","56019.316","134513.25"
"73","D1","3","68453.84","56363.285","133760.23"
"73","D1","4","68309.805","56645.094","133408.98"
"73","D1","5","68156.734","56706.65","133274.05"
"73","D1","6","68168.55","56801.277","133115.47"
"73","D1","7","68426.8","56974.27","133047.25"
"73","D1","8","68839.47","57080.11","133006.1"
"73","D1","9","69538.51","57163.22","132984.72"
"73","D1","10","70435.04","57313.363","133009.58"
"73","D1","11","72217.805","57484.324","133091.84"
"73","D1","12","75332.67","57853.59","132991.34"
"73","D1","13","80785.99","58768.11","133006.34"
"73","D1","14","89349.336","60329.93","133195.02"
"73","D1","15","101490.055","62830.902","133237.6"
"73","D1","16","116484.47","66563.586","133360.28"
"73","D1","17","133745.25","72348.16","133391.73"
"73","D1","18","152357.8","80290.43","133484.86"
"73","D1","19","171175.0","89254.56","133517.28"
"73","D1","20","188382.86","98011.516","133487.0"
"73","D1","21","202885.77","105357.38","133507.5"
"73","D1","22","213783.08","111327.336","133811.12"
"73","D1","23","221941.78","115521.46","133864.52"
"73","D1","24","228368.8","118407.33","133984.92"
"73","D1","25","233201.98","120632.35","133998.02"
"73","D1","26","236719.58","122449.75","133972.0"
"73","D1","27","239863.02","124062.74","133955.64"
"73","D1","28","242411.78","125676.63","133927.89"
"73","D1","29","244266.73","127395.61","134102.64"
"73","D1","30","245297.9","128674.66","134116.22"
"73","D1","31","246599.03","129816.33","134098.1"
"73","D1","32","247824.39","131229.42","134084.12"
"73","D1","33","248851.83","132494.69","134087.9"
"73","D1","34","249751.38","133643.92","134072.36"
"73","D1","35","250847.75","134464.14","134282.38"
"73","D1","36","251263.48","135695.7","134247.45"
"73","D1","37","251762.75","136856.86","134222.88"
"73","D1","38","252363.16","138017.34","134268.61"
"73","D1","39","253145.1","139089.11","134309.5"
"73","D1","40","253527.28","140043.36","134258.14"
"73","D1","41","254029.03","141066.69","134220.05"
"73","D1","42","254703.6","141988.72","134226.64"
"73","D1","43","255271.28","142898.12","134181.95"
"73","D1","44","255477.86","143743.44","134234.53"
"73","D1","45","256058.31","144795.55","134198.52"
"73","D1","46","256541.53","145515.56","134334.06"
"73","D1","47","257110.98","146196.97","134453.52"
"73","D1","48","257789.75","147447.69","134417.38"
"73","D1","49","258235.97","148218.05","134386.56"
"73","D1","50","258388.08","149170.1","134246.47"
"73","D1","51","258845.69","150220.64","134161.69"
"73","D1","52","259293.33","151129.27","134261.56"
"73","D1","53","259438.55","152057.88","134224.88"
"73","D1","54","259979.62","153025.36","134263.69"
"73","D1","55","260508.58","153988.47","134213.84"
"73","D1","56","261064.31","154495.39","134244.97"
"73","D1","57","261603.62","155200.08","134099.8"
"73","D1","58","262275.47","156009.8","133993.61"
"73","D1","59","262900.16","157144.86","134099.12"
"73","D1","60","263212.2","158351.78","134359.39"
"73","D1","61","263745.0","159375.44","134305.25"
"73","D1","62","264937.72","160458.06","134215.64"
"73","D1","63","266619.44","161794.03","134281.27"
"73","D1","64","268367.0","163439.33","134195.06"
"73","D1","65","270904.22","165426.84","134133.97"
"73","D1","66","274390.22","167914.44","134274.52"
"73","D1","67","278630.66","170985.95","134272.78"
"73","D1","68","284035.97","174968.31","134270.56"
"73","D1","69","290277.22","179266.3","134344.77"
"73","D1","70","296822.38","183764.02","134309.34"
"73","D1","71","303599.0","188728.86","134301.98"
"73","D1","72","310769.1","193772.75","134635.7"
"73","D1","73","318798.34","198711.83","134605.89"
"73","D1","74","326838.1","204288.69","134520.81"
"73","D1","75","334464.3","209499.48","134591.88"
"73","D1","76","341927.4","214744.81","134720.95"
"73","D1","77","349377.4","220282.98","134848.36"
"73","D1","78","358142.06","225712.81","134787.47"
"73","D1","79","365035.34","231507.1","134851.75"
"73","D1","80","371868.8","237412.45","134956.56"
"73","D1","81","379455.53","242918.42","135065.98"
"73","D1","82","387079.66","248451.94","135200.1"
"73","D1","83","393170.66","254415.31","135303.78"
"73","D1","84","399615.47","260570.75","135359.28"
"73","D1","85","406282.7","266681.25","135511.25"
"73","D1","86","412898.78","272520.66","135605.47"
"73","D1","87","418939.9","278111.47","135488.62"
"73","D1","88","425827.1","283517.22","135359.98"
"73","D1","89","431860.78","289363.2","135374.1"
"73","D1","90","437008.53","294567.44","135629.33"
"74","D2","1","68100.555","56997.19","137962.44"
"74","D2","2","67816.18","57020.023","137560.06"
"74","D2","3","67365.54","57306.98","136770.11"
"74","D2","4","67221.27","57494.926","136310.11"
"74","D2","5","67154.78","57565.016","135999.48"
"74","D2","6","67080.69","57775.582","135989.53"
"74","D2","7","67130.78","57818.96","136231.25"
"74","D2","8","67513.77","57948.914","136375.83"
"74","D2","9","68126.445","58043.68","136300.45"
"74","D2","10","68952.19","58551.43","136123.05"
"74","D2","11","70596.83","58974.457","136038.3"
"74","D2","12","73854.35","59159.535","136051.2"
"74","D2","13","79361.0","59998.51","136217.2"
"74","D2","14","87494.555","61439.953","136263.42"
"74","D2","15","98385.41","64006.88","136421.47"
"74","D2","16","112137.13","68018.24","136426.94"
"74","D2","17","127339.016","74282.19","136472.67"
"74","D2","18","142970.92","83028.83","136519.11"
"74","D2","19","159198.72","92903.61","136811.4"
"74","D2","20","175466.73","103040.65","136895.52"
"74","D2","21","190795.03","111792.03","137015.73"
"74","D2","22","203322.8","118556.47","137364.03"
"74","D2","23","212968.36","123441.555","137471.5"
"74","D2","24","219762.42","127187.52","137589.81"
"74","D2","25","224758.27","129901.875","137464.78"
"74","D2","26","228644.25","132032.33","137383.16"
"74","D2","27","231577.4","133799.53","137559.73"
"74","D2","28","233848.55","135631.9","137584.16"
"74","D2","29","235654.53","137333.69","137639.08"
"74","D2","30","237043.44","138633.02","137737.1"
"74","D2","31","238377.16","140070.36","137637.78"
"74","D2","32","239464.05","141492.14","137597.22"
"74","D2","33","240473.98","142558.69","137809.89"
"74","D2","34","241188.34","143925.95","137817.66"
"74","D2","35","241959.16","145085.33","137758.86"
"74","D2","36","242474.33","146396.31","137761.55"
"74","D2","37","242946.77","147355.31","137801.55"
"74","D2","38","243487.8","148385.89","137727.1"
"74","D2","39","244202.1","149601.44","137699.95"
"74","D2","40","244951.53","150358.5","137828.56"
"74","D2","41","245481.14","151412.8","137878.7"
"74","D2","42","245801.81","152831.67","137884.9"
"74","D2","43","246534.08","153876.1","137984.67"
"74","D2","44","247105.66","154892.6","138050.73"
"74","D2","45","247687.2","155593.39","138033.44"
"74","D2","46","248236.5","156807.25","137994.23"
"74","D2","47","248598.58","157684.25","137867.45"
"74","D2","48","248869.06","158640.14","137791.77"
"74","D2","49","249459.86","159709.5","137980.52"
"74","D2","50","249927.95","160935.3","137935.84"
"74","D2","51","250517.72","161671.39","137952.78"
"74","D2","52","250923.78","162531.77","137927.39"
"74","D2","53","251556.86","163560.27","137915.64"
"74","D2","54","252090.53","164554.72","138080.47"
"74","D2","55","252334.97","165445.14","138092.38"
"74","D2","56","252582.12","166388.22","138095.84"
"74","D2","57","253203.17","167423.72","138039.9"
"74","D2","58","253699.03","168315.47","138004.92"
"74","D2","59","254283.39","169359.97","138092.66"
"74","D2","60","254904.48","170222.62","138015.94"
"74","D2","61","255918.56","171580.38","137933.56"
"74","D2","62","257192.72","172809.4","137854.14"
"74","D2","63","258313.61","174445.97","138023.77"
"74","D2","64","260457.73","176177.6","138137.31"
"74","D2","65","262841.84","178652.78","138023.02"
"74","D2","66","265805.4","181972.0","137964.61"
"74","D2","67","269921.72","185717.53","138116.0"
"74","D2","68","275492.8","189806.22","138126.72"
"74","D2","69","281264.03","194698.2","138081.25"
"74","D2","70","287370.75","200351.42","138351.14"
"74","D2","71","293994.22","206054.16","138446.5"
"74","D2","72","301434.16","211634.47","138606.75"
"74","D2","73","308945.38","217708.45","138576.4"
"74","D2","74","316389.75","223447.73","138520.4"
"74","D2","75","323665.78","229447.55","138511.73"
"74","D2","76","330601.8","236178.11","138768.36"
"74","D2","77","337821.4","242549.64","138859.98"
"74","D2","78","344635.78","248833.45","138955.27"
"74","D2","79","351981.28","254727.38","138917.72"
"74","D2","80","358963.2","261126.33","139158.66"
"74","D2","81","366105.12","267227.8","139135.28"
"74","D2","82","373646.72","273553.9","139073.3"
"74","D2","83","379666.62","280039.22","139224.94"
"74","D2","84","386294.38","286439.5","139387.33"
"74","D2","85","392796.62","292898.8","139564.17"
"74","D2","86","399917.34","299170.72","139545.2"
"74","D2","87","406839.12","305538.06","139674.98"
"74","D2","88","413616.25","312166.16","139810.53"
"74","D2","89","420324.72","318771.1","139761.08"
"74","D2","90","426904.5","324204.53","139742.23"
"75","D3","1","66713.414","61456.05","136017.0"
"75","D3","2","66021.58","61412.16","135595.14"
"75","D3","3","64943.242","61400.04","134896.06"
"75","D3","4","64554.98","61442.62","134448.39"
"75","D3","5","64024.258","61483.973","134201.55"
"75","D3","6","63909.49","61742.23","133888.69"
"75","D3","7","64030.07","62057.29","133859.4"
"75","D3","8","64326.344","62123.375","133789.92"
"75","D3","9","64654.34","62396.316","133881.6"
"75","D3","10","65541.164","62680.945","133683.77"
"75","D3","11","67130.17","63140.086","133847.5"
"75","D3","12","70034.11","63493.348","133933.75"
"75","D3","13","74869.0","64281.99","133993.6"
"75","D3","14","82246.836","65670.695","133696.2"
"75","D3","15","92381.02","68293.46","133506.83"
"75","D3","16","104557.78","72452.695","133344.3"
"75","D3","17","116508.34","79038.23","133026.48"
"75","D3","18","127949.85","87960.59","132579.36"
"75","D3","19","139003.44","98883.97","132040.33"
"75","D3","20","150230.12","110244.03","131598.64"
"75","D3","21","161760.89","120859.484","131224.11"
"75","D3","22","172919.56","129728.05","130880.734"
"75","D3","23","182175.7","136764.69","130649.95"
"75","D3","24","189268.48","141731.14","130373.3"
"75","D3","25","194065.98","145396.12","130083.34"
"75","D3","26","197508.3","147939.28","130071.59"
"75","D3","27","200122.17","150078.97","130011.66"
"75","D3","28","202350.47","152001.67","129981.49"
"75","D3","29","203564.95","153869.36","129957.08"
"75","D3","30","204968.86","155442.98","129974.625"
"75","D3","31","205801.5","156897.08","129787.03"
"75","D3","32","206742.27","158425.69","129888.516"
"75","D3","33","207936.1","159828.22","129817.27"
"75","D3","34","208346.9","160970.88","129732.2"
"75","D3","35","208604.61","162320.47","129565.336"
"75","D3","36","209361.25","163302.95","129529.71"
"75","D3","37","209217.77","164848.44","129406.64"
"75","D3","38","209055.78","166229.02","129374.48"
"75","D3","39","209767.66","167198.25","129299.125"
"75","D3","40","210160.08","168402.45","129120.66"
"75","D3","41","210389.1","169469.66","129048.195"
"75","D3","42","210253.9","170621.22","129103.89"
"75","D3","43","210231.22","171804.78","128919.0"
"75","D3","44","211002.05","173001.9","128945.37"
"75","D3","45","211492.53","173878.66","128848.86"
"75","D3","46","211879.34","174914.33","128753.65"
"75","D3","47","212075.3","175794.78","128636.17"
"75","D3","48","212231.61","176868.75","128680.336"
"75","D3","49","212465.8","178020.3","128564.43"
"75","D3","50","212731.8","178742.19","128526.55"
"75","D3","51","212598.81","179676.8","128340.53"
"75","D3","52","212462.78","180804.98","128393.164"
"75","D3","53","212949.16","181862.62","128374.055"
"75","D3","54","213008.36","182802.11","128437.89"
"75","D3","55","213937.78","183421.64","128252.26"
"75","D3","56","213844.72","184512.92","128176.02"
"75","D3","57","214024.02","185629.8","128089.44"
"75","D3","58","214460.9","186584.84","127906.305"
"75","D3","59","214341.75","187651.5","127745.15"
"75","D3","60","214834.48","189086.56","127592.03"
"75","D3","61","215234.75","189842.67","127840.12"
"75","D3","62","214934.92","191235.72","127693.78"
"75","D3","63","216545.58","192445.67","127575.28"
"75","D3","64","218190.64","194147.89","127436.734"
"75","D3","65","219383.95","196199.33","127386.8"
"75","D3","66","220554.81","199304.16","127198.21"
"75","D3","67","223090.22","203114.06","127162.35"
"75","D3","68","226421.66","207196.0","126846.32"
"75","D3","69","230697.38","211837.14","126529.66"
"75","D3","70","234836.78","217442.2","126288.3"
"75","D3","71","239576.97","223386.11","126034.85"
"75","D3","72","244530.5","229929.25","125776.125"
"75","D3","73","249343.97","236614.58","125364.375"
"75","D3","74","254854.12","243696.12","125003.65"
"75","D3","75","259811.19","250895.5","124698.06"
"75","D3","76","264633.12","257963.22","124458.12"
"75","D3","77","269364.78","264916.38","124294.91"
"75","D3","78","274938.4","271608.8","123987.05"
"75","D3","79","280413.12","278693.88","123542.39"
"75","D3","80","284874.62","285708.6","123244.43"
"75","D3","81","290064.38","292476.2","122840.164"
"75","D3","82","295783.6","299116.9","122307.52"
"75","D3","83","300116.1","305887.3","122062.375"
"75","D3","84","304561.6","312793.03","121905.98"
"75","D3","85","309433.56","319057.12","121671.0"
"75","D3","86","314790.5","325102.38","121237.02"
"75","D3","87","319977.1","331608.12","121031.17"
"75","D3","88","324564.44","338169.97","120779.2"
"75","D3","89","328426.6","344491.22","120417.89"
"75","D3","90","333091.6","349538.56","120335.414"
"76","D4","1","68131.27","61079.1","140655.73"
"76","D4","2","67892.39","61097.18","140364.31"
"76","D4","3","67571.766","61407.777","139831.14"
"76","D4","4","67466.05","61908.21","139522.56"
"76","D4","5","67371.54","62146.35","139467.92"
"76","D4","6","67392.92","62377.855","139475.9"
"76","D4","7","67565.28","62553.926","139487.3"
"76","D4","8","67665.2","62635.22","139566.03"
"76","D4","9","68176.6","62857.418","139678.34"
"76","D4","10","69125.06","63146.016","139820.62"
"76","D4","11","70918.84","63498.04","139919.81"
"76","D4","12","74076.984","64038.285","139951.58"
"76","D4","13","79273.62","65021.945","140006.7"
"76","D4","14","87145.73","66452.695","140048.8"
"76","D4","15","97806.78","68923.734","140227.62"
"76","D4","16","110088.72","73446.18","140202.31"
"76","D4","17","122871.84","79946.03","140158.95"
"76","D4","18","134774.5","89323.96","140198.66"
"76","D4","19","145636.0","100930.24","140577.73"
"76","D4","20","155834.95","112954.13","140812.05"
"76","D4","21","166096.75","124722.14","141074.36"
"76","D4","22","176522.95","134853.23","141117.72"
"76","D4","23","186359.11","143369.06","141198.22"
"76","D4","24","194535.75","150256.62","141337.0"
"76","D4","25","200802.12","155291.34","141324.75"
"76","D4","26","205263.0","159142.4","141489.69"
"76","D4","27","208324.81","161865.34","141745.73"
"76","D4","28","210698.89","164582.69","141699.67"
"76","D4","29","212542.73","166806.45","141704.98"
"76","D4","30","213775.05","168590.78","141657.89"
"76","D4","31","214931.14","170131.23","141854.19"
"76","D4","32","216144.03","171676.42","142058.89"
"76","D4","33","216952.25","173059.28","142066.66"
"76","D4","34","217634.48","174528.2","141945.89"
"76","D4","35","218580.77","175953.75","141975.36"
"76","D4","36","219214.5","177041.25","142030.62"
"76","D4","37","219619.47","178533.98","141912.88"
"76","D4","38","220146.83","180038.36","141815.53"
"76","D4","39","220832.25","181009.7","141995.6"
"76","D4","40","221448.64","181992.05","141965.08"
"76","D4","41","221995.31","183322.12","141891.98"
"76","D4","42","222194.73","184524.66","142139.2"
"76","D4","43","222750.06","185546.16","142206.53"
"76","D4","44","222774.2","186781.84","142223.38"
"76","D4","45","223307.8","187793.98","142230.78"
"76","D4","46","223969.73","188840.19","142209.55"
"76","D4","47","224456.16","189980.83","142226.19"
"76","D4","48","224828.62","191370.61","142243.02"
"76","D4","49","225371.53","192374.2","142118.08"
"76","D4","50","225614.81","193178.2","142088.47"
"76","D4","51","225860.88","194495.45","142155.95"
"76","D4","52","226414.95","195396.38","142347.53"
"76","D4","53","226556.02","196293.58","142332.03"
"76","D4","54","226873.88","197226.0","142478.88"
"76","D4","55","227546.94","198250.67","142532.36"
"76","D4","56","227852.17","199229.64","142474.44"
"76","D4","57","227984.19","199903.83","142501.12"
"76","D4","58","228378.16","201110.05","142417.17"
"76","D4","59","229078.22","202420.4","142276.8"
"76","D4","60","229874.0","203208.22","142315.97"
"76","D4","61","230302.89","204535.3","142384.97"
"76","D4","62","230347.47","205643.05","142486.98"
"76","D4","63","230371.25","206823.3","142530.64"
"76","D4","64","231488.27","208462.23","142413.34"
"76","D4","65","232685.27","210072.89","142387.11"
"76","D4","66","234268.69","212079.47","142491.6"
"76","D4","67","236188.7","214411.0","142418.16"
"76","D4","68","238305.56","217182.86","142472.36"
"76","D4","69","241012.34","220905.53","142570.11"
"76","D4","70","245058.89","225441.08","142419.81"
"76","D4","71","249034.06","230973.5","142322.86"
"76","D4","72","253183.81","237146.31","142618.86"
"76","D4","73","258441.28","243932.67","142775.0"
"76","D4","74","263843.34","250758.62","142930.64"
"76","D4","75","268598.94","258007.08","142955.3"
"76","D4","76","274087.3","265388.4","142939.88"
"76","D4","77","278605.06","273098.72","143213.52"
"76","D4","78","284152.94","281052.56","143538.22"
"76","D4","79","289649.9","288965.9","143569.1"
"76","D4","80","294547.34","296759.8","143628.89"
"76","D4","81","299591.28","304070.1","143673.94"
"76","D4","82","304792.6","311127.0","143914.94"
"76","D4","83","309676.62","317852.47","143983.47"
"76","D4","84","314181.03","324909.6","144032.95"
"76","D4","85","319491.7","331596.62","144127.66"
"76","D4","86","324090.66","338530.28","144139.61"
"76","D4","87","330156.1","345302.75","143988.33"
"76","D4","88","335680.25","352228.2","144051.69"
"76","D4","89","340424.5","358728.88","144196.52"
"76","D4","90","345383.53","364341.62","144197.05"
"77","D5","1","64068.035","60965.875","137823.8"
"77","D5","2","63975.465","60975.13","137420.36"
"77","D5","3","63792.71","61126.023","137153.28"
"77","D5","4","63589.164","61376.12","137019.64"
"77","D5","5","63547.625","61736.68","136639.98"
"77","D5","6","63565.78","62127.996","136537.4"
"77","D5","7","63611.26","62406.465","136540.75"
"77","D5","8","63902.04","62386.902","136567.81"
"77","D5","9","64473.707","62511.836","136719.44"
"77","D5","10","65485.32","62842.566","136773.0"
"77","D5","11","67129.49","63222.375","136785.9"
"77","D5","12","70252.47","63677.953","136809.89"
"77","D5","13","75355.85","64485.58","136574.3"
"77","D5","14","83128.57","66020.31","136601.28"
"77","D5","15","93620.82","68504.68","136963.64"
"77","D5","16","105760.445","73063.17","136980.05"
"77","D5","17","118039.21","79638.0","136879.64"
"77","D5","18","129272.54","88767.42","136888.03"
"77","D5","19","139089.8","100090.0","137241.75"
"77","D5","20","147677.23","111960.24","137576.66"
"77","D5","21","155583.6","123629.64","137583.73"
"77","D5","22","162850.88","134537.66","137671.5"
"77","D5","23","169538.47","144105.11","137801.45"
"77","D5","24","175531.56","152219.06","137994.81"
"77","D5","25","180498.45","158930.92","138089.56"
"77","D5","26","184271.39","164518.45","138226.48"
"77","D5","27","187273.02","168449.48","138224.62"
"77","D5","28","189412.9","171315.47","138440.69"
"77","D5","29","191245.5","173462.77","138414.75"
"77","D5","30","192448.14","175459.17","138402.02"
"77","D5","31","193077.6","177371.7","138301.31"
"77","D5","32","193709.34","178824.69","138324.38"
"77","D5","33","194438.5","180299.25","138491.31"
"77","D5","34","194919.03","181830.06","138476.33"
"77","D5","35","195616.47","183029.69","138410.03"
"77","D5","36","196431.9","184409.81","138362.9"
"77","D5","37","197011.44","185871.2","138311.2"
"77","D5","38","197138.66","186907.44","138290.6"
"77","D5","39","197396.8","188302.77","138487.95"
"77","D5","40","197886.1","189667.77","138510.56"
"77","D5","41","198299.97","190781.69","138578.42"
"77","D5","42","198674.6","191819.39","138578.17"
"77","D5","43","199137.62","192809.64","138456.06"
"77","D5","44","199491.78","193930.55","138389.28"
"77","D5","45","199893.86","195204.72","138334.5"
"77","D5","46","199899.88","196310.08","138351.5"
"77","D5","47","199988.23","197262.53","138562.64"
"77","D5","48","200454.39","198239.05","138495.81"
"77","D5","49","200908.02","199402.75","138394.48"
"77","D5","50","201256.56","200523.23","138488.66"
"77","D5","51","201162.67","201780.05","138494.6"
"77","D5","52","201423.11","202709.33","138380.17"
"77","D5","53","201459.47","203785.73","138386.8"
"77","D5","54","201879.9","204869.7","138509.67"
"77","D5","55","202377.53","205374.38","138434.67"
"77","D5","56","202642.92","206348.6","138393.77"
"77","D5","57","202634.12","207582.55","138332.0"
"77","D5","58","202906.69","208536.77","138519.12"
"77","D5","59","203249.0","209560.73","138660.98"
"77","D5","60","203335.33","210779.33","138621.48"
"77","D5","61","203672.53","211579.4","138558.77"
"77","D5","62","204001.33","212730.3","138457.81"
"77","D5","63","204322.69","213346.44","138337.34"
"77","D5","64","204644.75","214303.77","138353.58"
"77","D5","65","205046.88","215194.02","138378.56"
"77","D5","66","205244.92","216383.56","138357.25"
"77","D5","67","205588.19","217634.45","138472.48"
"77","D5","68","206079.81","219195.9","138474.19"
"77","D5","69","206830.12","221067.66","138566.11"
"77","D5","70","208090.7","222766.72","138421.19"
"77","D5","71","209217.17","224890.33","138312.31"
"77","D5","72","210374.6","228023.25","138452.9"
"77","D5","73","212505.66","231973.94","138518.98"
"77","D5","74","214895.5","236677.8","138538.89"
"77","D5","75","217223.39","242141.38","138468.89"
"77","D5","76","220434.7","248464.55","138610.02"
"77","D5","77","223269.86","255682.48","138759.03"
"77","D5","78","226478.3","263482.34","138778.45"
"77","D5","79","229586.86","271723.1","138671.6"
"77","D5","80","232445.08","280019.53","138737.44"
"77","D5","81","235784.61","288097.94","138951.77"
"77","D5","82","239295.73","296227.62","139019.84"
"77","D5","83","242813.47","304209.25","139237.22"
"77","D5","84","246325.8","311997.06","139328.45"
"77","D5","85","249199.73","319507.1","139479.03"
"77","D5","86","252102.6","327052.53","139409.05"
"77","D5","87","255762.48","334556.28","139483.61"
"77","D5","88","259485.94","342373.94","139567.31"
"77","D5","89","263795.44","349605.47","139687.6"
"77","D5","90","266788.22","356036.47","139574.03"
"78","D6","1","61987.023","60903.56","134680.9"
"78","D6","2","61860.22","60932.516","134464.75"
"78","D6","3","61615.887","61292.426","134081.22"
"78","D6","4","61457.12","61572.434","133890.72"
"78","D6","5","61466.938","61749.41","133603.77"
"78","D6","6","61630.26","61802.71","133553.47"
"78","D6","7","61721.445","62214.58","133626.95"
"78","D6","8","62091.57","62576.79","133626.48"
"78","D6","9","62622.03","62786.32","133661.17"
"78","D6","10","63322.367","62871.598","133770.92"
"78","D6","11","65034.168","63094.47","133844.22"
"78","D6","12","67992.734","63776.965","133878.31"
"78","D6","13","72841.09","64541.285","133859.88"
"78","D6","14","79949.734","65833.336","133923.78"
"78","D6","15","89814.484","68568.664","133924.7"
"78","D6","16","101390.516","72992.02","133876.33"
"78","D6","17","113178.6","79305.14","133912.75"
"78","D6","18","123627.73","88240.6","134102.2"
"78","D6","19","132818.72","99529.91","134276.77"
"78","D6","20","141101.19","111477.77","134479.62"
"78","D6","21","148510.55","123209.586","134489.19"
"78","D6","22","155324.77","133903.75","134679.03"
"78","D6","23","161653.4","143697.16","135150.62"
"78","D6","24","167315.33","152189.81","135264.53"
"78","D6","25","172170.28","159104.12","135279.7"
"78","D6","26","175909.94","164612.86","135313.86"
"78","D6","27","178512.19","168538.83","135329.05"
"78","D6","28","180468.02","171378.25","135313.77"
"78","D6","29","181934.12","173743.48","135280.3"
"78","D6","30","182934.89","175912.3","135518.16"
"78","D6","31","183774.08","177488.61","135488.45"
"78","D6","32","184845.38","179133.64","135500.22"
"78","D6","33","185408.42","180725.72","135433.98"
"78","D6","34","185896.98","182192.78","135367.36"
"78","D6","35","186386.28","183526.11","135352.98"
"78","D6","36","186644.03","184899.81","135728.2"
"78","D6","37","187132.88","186332.19","135777.3"
"78","D6","38","187773.16","187495.77","135614.17"
"78","D6","39","188278.06","188757.19","135412.92"
"78","D6","40","188580.7","190022.9","135306.86"
"78","D6","41","188750.56","191098.48","135462.31"
"78","D6","42","188977.47","192002.28","135593.77"
"78","D6","43","189412.0","193153.16","135627.6"
"78","D6","44","189697.69","194657.34","135609.23"
"78","D6","45","190247.48","195566.45","135727.3"
"78","D6","46","190341.95","196581.4","135632.64"
"78","D6","47","190619.9","197743.44","135502.05"
"78","D6","48","190774.86","198953.39","135527.58"
"78","D6","49","191057.5","199888.84","135557.1"
"78","D6","50","191433.98","200996.53","135638.38"
"78","D6","51","191730.78","202059.64","135802.9"
"78","D6","52","192112.88","203144.47","135645.61"
"78","D6","53","192171.9","204221.44","135539.55"
"78","D6","54","192383.33","205146.39","135714.27"
"78","D6","55","192506.84","205841.28","135672.86"
"78","D6","56","192773.72","206949.88","135593.89"
"78","D6","57","192942.42","207949.73","135568.4"
"78","D6","58","193184.22","208609.14","135423.86"
"78","D6","59","193473.4","209533.75","135322.06"
"78","D6","60","193824.5","210435.66","135438.77"
"78","D6","61","193930.86","211452.75","135441.5"
"78","D6","62","194086.56","212788.42","135523.83"
"78","D6","63","194299.0","213780.66","135541.03"
"78","D6","64","194619.17","214943.02","135615.19"
"78","D6","65","195067.4","215777.05","135629.05"
"78","D6","66","195264.69","216765.98","135495.72"
"78","D6","67","195675.7","217922.44","135354.23"
"78","D6","68","195934.5","219162.52","135296.58"
"78","D6","69","196458.77","220421.84","135539.17"
"78","D6","70","196867.86","222272.36","135486.25"
"78","D6","71","197563.4","224287.95","135381.39"
"78","D6","72","198762.92","226072.53","135474.34"
"78","D6","73","200269.66","228980.92","135476.23"
"78","D6","74","201730.52","232975.92","135482.86"
"78","D6","75","203681.9","237590.81","135438.67"
"78","D6","76","206466.31","242874.36","135680.27"
"78","D6","77","208847.11","248937.3","135837.38"
"78","D6","78","211355.0","256466.3","135741.67"
"78","D6","79","214537.27","264304.12","135732.36"
"78","D6","80","218010.52","272630.03","135921.9"
"78","D6","81","221026.97","280660.78","136186.86"
"78","D6","82","224318.89","288672.97","136182.97"
"78","D6","83","227181.3","297189.7","136199.61"
"78","D6","84","230679.8","305859.3","136352.28"
"78","D6","85","234860.52","314278.9","136494.9"
"78","D6","86","239364.6","322481.28","136648.9"
"78","D6","87","243670.78","330849.78","136732.25"
"78","D6","88","248752.36","339818.75","136759.73"
"78","D6","89","254747.88","349048.78","137110.14"
"78","D6","90","260267.52","356202.12","137059.55"
"79","D7","1","60679.9","60006.543","134370.58"
"79","D7","2","60530.125","60025.527","133948.86"
"79","D7","3","60258.395","60384.723","133718.84"
"79","D7","4","60056.84","61086.05","133781.9"
"79","D7","5","60035.64","61458.773","133743.75"
"79","D7","6","60113.402","61467.49","133689.78"
"79","D7","7","60208.59","61716.508","133634.42"
"79","D7","8","60655.773","62096.41","133618.77"
"79","D7","9","61066.01","62241.938","133682.48"
"79","D7","10","61814.453","62564.293","133761.16"
"79","D7","11","63526.89","62793.81","133616.53"
"79","D7","12","66628.07","63242.02","133580.94"
"79","D7","13","71437.76","63997.895","133723.12"
"79","D7","14","78856.695","65317.24","133716.55"
"79","D7","15","88880.93","67694.75","133656.3"
"79","D7","16","100697.3","71746.73","133416.89"
"79","D7","17","112684.96","77827.805","133414.7"
"79","D7","18","123485.945","86603.43","133700.31"
"79","D7","19","132936.12","97630.67","133932.67"
"79","D7","20","141217.31","109346.43","134067.48"
"79","D7","21","148322.5","121252.57","134480.05"
"79","D7","22","154508.23","132169.2","134795.95"
"79","D7","23","160068.81","141972.67","135021.5"
"79","D7","24","164874.17","150819.77","134981.86"
"79","D7","25","168750.83","158399.36","134898.4"
"79","D7","26","171784.2","164575.47","135040.52"
"79","D7","27","174212.6","169287.8","135222.78"
"79","D7","28","176150.62","172438.53","135453.44"
"79","D7","29","177795.1","174678.2","135550.06"
"79","D7","30","178777.16","176782.9","135458.38"
"79","D7","31","179746.72","178622.2","135490.89"
"79","D7","32","180312.19","180215.5","135572.4"
"79","D7","33","181021.5","181751.33","135540.17"
"79","D7","34","181433.28","183219.53","135613.45"
"79","D7","35","181862.3","184833.23","135626.42"
"79","D7","36","182207.95","186269.25","135546.27"
"79","D7","37","182531.02","187772.0","135427.44"
"79","D7","38","183016.98","188860.3","135503.03"
"79","D7","39","183525.56","189852.4","135699.08"
"79","D7","40","183643.86","191092.61","135700.23"
"79","D7","41","183517.31","192001.3","135630.55"
"79","D7","42","184023.08","193220.2","135517.86"
"79","D7","43","184307.44","194503.69","135523.45"
"79","D7","44","184705.69","195688.78","135514.17"
"79","D7","45","184673.1","196609.98","135650.83"
"79","D7","46","185021.78","197708.69","135558.48"
"79","D7","47","185366.34","198984.08","135500.16"
"79","D7","48","185768.42","200116.03","135583.36"
"79","D7","49","185687.98","201003.94","135620.34"
"79","D7","50","185735.83","201582.2","135666.72"
"79","D7","51","186070.78","202568.27","135549.44"
"79","D7","52","186141.8","204023.22","135535.94"
"79","D7","53","186239.55","205021.48","135768.83"
"79","D7","54","186481.89","205923.12","135741.42"
"79","D7","55","186871.08","206931.86","135646.92"
"79","D7","56","187207.66","207864.42","135549.78"
"79","D7","57","187415.58","208666.38","135650.8"
"79","D7","58","187577.88","209715.42","135654.72"
"79","D7","59","187668.55","210712.16","135772.95"
"79","D7","60","187546.75","211502.19","135652.81"
"79","D7","61","187756.45","212379.0","135489.08"
"79","D7","62","187693.28","213131.61","135484.88"
"79","D7","63","188164.3","214291.94","135734.03"
"79","D7","64","188600.97","214908.66","135834.62"
"79","D7","65","188737.55","216017.38","135720.64"
"79","D7","66","188851.89","217054.69","135712.05"
"79","D7","67","189020.12","217952.08","135832.38"
"79","D7","68","189135.62","218930.17","135800.4"
"79","D7","69","189211.98","219752.75","135976.2"
"79","D7","70","189504.9","220744.2","135912.11"
"79","D7","71","189818.92","221870.92","135869.69"
"79","D7","72","190119.78","222851.34","135782.42"
"79","D7","73","190182.94","224081.02","135885.72"
"79","D7","74","190345.08","225524.92","135849.17"
"79","D7","75","190791.92","226869.95","135799.27"
"79","D7","76","191389.55","228911.11","135778.56"
"79","D7","77","191910.78","231165.27","135702.2"
"79","D7","78","192621.27","234192.64","135840.25"
"79","D7","79","193469.73","237655.33","135852.75"
"79","D7","80","194619.06","242098.94","135945.08"
"79","D7","81","196194.16","247915.55","135845.34"
"79","D7","82","197768.61","254229.62","135843.98"
"79","D7","83","199709.23","261192.9","135990.03"
"79","D7","84","201830.48","269362.9","135995.61"
"79","D7","85","204466.52","278010.2","136113.58"
"79","D7","86","206831.97","287033.56","136377.55"
"79","D7","87","209575.02","296008.94","136597.6"
"79","D7","88","213269.67","304897.53","136772.61"
"79","D7","89","217391.19","314223.72","136866.08"
"79","D7","90","221018.47","322248.22","136884.2"
"80","D8","1","63798.438","61713.07","130044.37"
"80","D8","2","63618.227","61754.297","129761.29"
"80","D8","3","63280.5","62138.047","129447.18"
"80","D8","4","63161.684","62538.74","129347.8"
"80","D8","5","63066.445","62673.316","129287.28"
"80","D8","6","62951.992","62801.58","129155.805"
"80","D8","7","63024.3","62900.42","129091.77"
"80","D8","8","63467.062","63005.18","129052.05"
"80","D8","9","63916.285","63450.72","128975.4"
"80","D8","10","64906.695","63659.98","128985.75"
"80","D8","11","66403.05","64077.586","129156.02"
"80","D8","12","69233.28","64400.348","129342.586"
"80","D8","13","73950.01","65168.61","129259.695"
"80","D8","14","81185.75","66483.01","129177.34"
"80","D8","15","90913.06","68626.74","129109.2"
"80","D8","16","102465.4","72519.305","129134.555"
"80","D8","17","114152.41","78610.68","129380.61"
"80","D8","18","124739.14","87355.234","129415.79"
"80","D8","19","133899.75","98571.74","129566.945"
"80","D8","20","141924.03","110478.805","129898.13"
"80","D8","21","148934.06","122441.07","130109.16"
"80","D8","22","155366.83","133520.19","130127.3"
"80","D8","23","160618.61","143646.66","130303.02"
"80","D8","24","165033.72","152377.19","130460.99"
"80","D8","25","168652.5","159950.62","130612.94"
"80","D8","26","171463.9","166770.02","130773.234"
"80","D8","27","173560.89","171795.8","130912.37"
"80","D8","28","175281.58","175434.64","130858.08"
"80","D8","29","176784.3","177591.94","130958.32"
"80","D8","30","177940.31","180062.72","131071.15"
"80","D8","31","178492.38","182071.17","131000.11"
"80","D8","32","179255.3","183686.28","130893.805"
"80","D8","33","179947.08","185308.02","130972.42"
"80","D8","34","180434.23","186608.95","130967.625"
"80","D8","35","180944.86","187909.45","130895.96"
"80","D8","36","181222.7","189263.88","131071.02"
"80","D8","37","181535.55","190485.45","131177.14"
"80","D8","38","181968.47","191817.3","131120.7"
"80","D8","39","182096.48","193190.05","131283.02"
"80","D8","40","182320.39","194528.05","131385.81"
"80","D8","41","182558.55","195513.6","131330.3"
"80","D8","42","182644.56","196354.3","131205.38"
"80","D8","43","182923.16","197474.58","131195.72"
"80","D8","44","183438.34","198572.2","131101.97"
"80","D8","45","183463.75","199887.06","131109.9"
"80","D8","46","183516.81","200819.11","131352.64"
"80","D8","47","183762.36","201766.48","131339.16"
"80","D8","48","183983.05","202804.34","131233.4"
"80","D8","49","184191.14","203930.56","131186.48"
"80","D8","50","184178.64","204896.45","131383.02"
"80","D8","51","184069.75","205693.9","131473.83"
"80","D8","52","184325.88","206980.16","131361.81"
"80","D8","53","184856.64","207854.86","131276.95"
"80","D8","54","184800.8","208912.95","131034.24"
"80","D8","55","184764.06","209893.62","130933.97"
"80","D8","56","185226.98","210392.94","131154.44"
"80","D8","57","185378.17","211575.83","131104.77"
"80","D8","58","185590.72","212814.75","131118.34"
"80","D8","59","185486.53","213706.08","131273.48"
"80","D8","60","185617.47","214633.05","131190.78"
"80","D8","61","185575.23","215447.66","131180.55"
"80","D8","62","185799.44","216365.1","131307.72"
"80","D8","63","186035.56","217333.4","131287.47"
"80","D8","64","186156.66","218202.12","131141.7"
"80","D8","65","186334.31","218915.88","131086.98"
"80","D8","66","186591.06","219949.58","131194.44"
"80","D8","67","186589.94","220958.53","131129.73"
"80","D8","68","186603.55","221657.45","131161.84"
"80","D8","69","186789.28","222372.19","131118.58"
"80","D8","70","186839.2","223395.73","131170.3"
"80","D8","71","187165.5","224234.5","131117.95"
"80","D8","72","187372.72","224901.66","131071.77"
"80","D8","73","187594.78","225935.98","131016.99"
"80","D8","74","187602.17","226881.5","131232.27"
"80","D8","75","187700.33","227866.36","131215.17"
"80","D8","76","187972.03","228517.5","131061.51"
"80","D8","77","188121.72","229548.69","131017.77"
"80","D8","78","188205.03","230367.52","131238.34"
"80","D8","79","188359.14","231376.06","131224.83"
"80","D8","80","188527.31","231881.16","131139.19"
"80","D8","81","188453.8","232445.25","131273.23"
"80","D8","82","188833.52","233066.23","131185.1"
"80","D8","83","188984.03","234184.34","131131.67"
"80","D8","84","189110.92","235017.94","131185.22"
"80","D8","85","189236.31","236055.12","131094.78"
"80","D8","86","189642.62","236741.23","130919.67"
"80","D8","87","189950.2","237801.62","130777.16"
"80","D8","88","190361.27","239036.06","130820.47"
"80","D8","89","190981.33","239960.25","131043.836"
"80","D8","90","191416.67","241115.61","130983.08"
"81","D9","1","60836.402","61811.477","123260.67"
"81","D9","2","60755.08","61968.156","123016.414"
"81","D9","3","60502.895","62529.418","122681.14"
"81","D9","4","60369.74","63220.3","122559.234"
"81","D9","5","60203.48","63680.812","122525.48"
"81","D9","6","60154.45","63959.0","122436.445"
"81","D9","7","60145.797","64129.312","122318.984"
"81","D9","8","60145.035","64314.32","122137.266"
"81","D9","9","60196.387","64548.3","122047.76"
"81","D9","10","60373.453","64837.98","121968.3"
"81","D9","11","60497.035","64915.25","121865.76"
"81","D9","12","60633.03","65056.18","121890.875"
"81","D9","13","60965.305","65499.203","122082.43"
"81","D9","14","61494.277","66297.15","122121.37"
"81","D9","15","62446.348","67468.9","122217.88"
"81","D9","16","64377.18","69706.64","122171.66"
"81","D9","17","67805.87","73695.836","122153.38"
"81","D9","18","73725.195","80427.09","122306.42"
"81","D9","19","82660.945","90445.38","122415.79"
"81","D9","20","94835.09","102991.86","122774.1"
"81","D9","21","108638.445","116072.8","122996.02"
"81","D9","22","121774.055","127434.375","123108.4"
"81","D9","23","132863.55","135872.7","123085.31"
"81","D9","24","141575.78","142021.12","123175.555"
"81","D9","25","148529.56","146547.94","123344.91"
"81","D9","26","153685.81","150189.16","123384.586"
"81","D9","27","157210.33","152582.89","123441.875"
"81","D9","28","159886.6","154614.78","123408.12"
"81","D9","29","162323.88","156333.94","123546.78"
"81","D9","30","163875.89","157785.12","123448.97"
"81","D9","31","165036.56","159034.6","123316.91"
"81","D9","32","166196.34","160726.78","123266.82"
"81","D9","33","167243.52","162470.94","123219.17"
"81","D9","34","168230.22","163817.89","123402.08"
"81","D9","35","169218.67","165108.5","123465.3"
"81","D9","36","170025.31","166670.08","123434.33"
"81","D9","37","170918.06","168054.98","123509.58"
"81","D9","38","171936.92","169414.02","123411.73"
"81","D9","39","172799.36","170365.86","123159.234"
"81","D9","40","173630.36","171475.36","123067.2"
"81","D9","41","174454.9","172681.14","123248.4"
"81","D9","42","175441.17","173853.88","123302.125"
"81","D9","43","176245.52","175092.0","123359.48"
"81","D9","44","176849.08","176481.33","123339.195"
"81","D9","45","177631.94","177764.28","123353.97"
"81","D9","46","178472.83","178844.39","123276.93"
"81","D9","47","179244.25","180093.5","123279.14"
"81","D9","48","179990.72","181094.88","123262.43"
"81","D9","49","180891.22","182165.89","123375.07"
"81","D9","50","181737.92","183375.12","123396.1"
"81","D9","51","182311.52","184505.17","123354.586"
"81","D9","52","182985.42","185542.27","123262.87"
"81","D9","53","183793.67","186737.11","123317.28"
"81","D9","54","184838.72","188138.14","123447.984"
"81","D9","55","185748.05","189021.11","123421.67"
"81","D9","56","186468.9","189984.0","123324.555"
"81","D9","57","187091.55","191122.22","123293.04"
"81","D9","58","188197.14","192407.02","123346.7"
"81","D9","59","189405.97","193926.03","123445.234"
"81","D9","60","190508.34","195408.64","123421.75"
"81","D9","61","191895.4","197295.72","123466.88"
"81","D9","62","193799.73","199884.8","123494.15"
"81","D9","63","196504.67","202632.98","123420.19"
"81","D9","64","199791.84","206149.73","123305.61"
"81","D9","65","203885.08","210499.12","123344.89"
"81","D9","66","208263.33","216481.61","123648.61"
"81","D9","67","213522.6","223152.88","123906.26"
"81","D9","68","219171.22","229792.55","123856.055"
"81","D9","69","225099.84","237156.97","123851.32"
"81","D9","70","231760.28","245066.1","123974.92"
"81","D9","71","237924.16","253212.62","124320.99"
"81","D9","72","243847.34","260652.22","124384.88"
"81","D9","73","249969.08","268294.62","124319.61"
"81","D9","74","255935.03","276262.6","124339.51"
"81","D9","75","262292.22","284082.75","124597.7"
"81","D9","76","268090.78","291064.88","124771.54"
"81","D9","77","274154.03","297912.7","124751.68"
"81","D9","78","280941.06","305257.4","124786.445"
"81","D9","79","287495.78","312073.34","124737.85"
"81","D9","80","293458.88","318473.22","124862.08"
"81","D9","81","299979.78","325160.06","125124.1"
"81","D9","82","307931.94","331648.12","125229.05"
"81","D9","83","314170.25","337586.6","125128.11"
"81","D9","84","320485.88","343651.38","125170.34"
"81","D9","85","328183.28","350113.44","125134.125"
"81","D9","86","335967.34","356488.1","125407.45"
"81","D9","87","343612.3","361892.1","125352.94"
"81","D9","88","350999.22","367788.78","125372.89"
"81","D9","89","359583.16","373719.03","125589.92"
"81","D9","90","366701.84","379779.4","125814.62"
"82","D10","1","63556.438","59894.605","115378.3"
"82","D10","2","63323.188","59938.227","115191.58"
"82","D10","3","62999.246","60504.508","114908.54"
"82","D10","4","62892.18","61212.75","114670.8"
"82","D10","5","62791.926","61794.008","114631.44"
"82","D10","6","62776.863","62151.02","114712.5"
"82","D10","7","62832.13","62144.137","114562.15"
"82","D10","8","62926.707","62349.25","114543.0"
"82","D10","9","63036.76","62638.668","114665.79"
"82","D10","10","63008.08","62944.305","114734.766"
"82","D10","11","63006.223","63091.14","114824.92"
"82","D10","12","63231.83","63163.02","114977.12"
"82","D10","13","63535.91","63452.414","114849.38"
"82","D10","14","63957.03","64190.39","114775.164"
"82","D10","15","64759.285","65179.168","114786.45"
"82","D10","16","66301.35","67665.16","114772.234"
"82","D10","17","68931.3","71707.34","114852.695"
"82","D10","18","73813.664","78410.41","114932.07"
"82","D10","19","81056.82","88485.71","114983.17"
"82","D10","20","90781.92","101484.21","115184.42"
"82","D10","21","101972.91","115384.59","115405.734"
"82","D10","22","112992.914","127748.3","115504.95"
"82","D10","23","122114.83","137211.47","115565.305"
"82","D10","24","129989.86","144100.62","115546.53"
"82","D10","25","136094.64","148834.66","115653.91"
"82","D10","26","140457.62","152055.83","115701.76"
"82","D10","27","143450.66","154464.7","115652.586"
"82","D10","28","146009.12","156665.42","115724.945"
"82","D10","29","148130.1","158494.3","115688.09"
"82","D10","30","149615.97","159973.9","115743.71"
"82","D10","31","150528.53","161418.38","115671.305"
"82","D10","32","151349.95","162848.05","115584.83"
"82","D10","33","152229.78","164344.44","115582.84"
"82","D10","34","153363.72","165930.48","115799.375"
"82","D10","35","154299.02","167338.05","115982.21"
"82","D10","36","155237.22","168576.94","115804.85"
"82","D10","37","156024.36","170022.1","115707.27"
"82","D10","38","156821.28","171502.38","115764.914"
"82","D10","39","157443.77","172793.75","115420.97"
"82","D10","40","158245.9","173802.33","115324.914"
"82","D10","41","158930.7","175565.55","115557.85"
"82","D10","42","159536.11","176745.48","115554.65"
"82","D10","43","160291.72","177829.61","115585.62"
"82","D10","44","160989.31","178916.78","115609.12"
"82","D10","45","161426.22","179973.2","115724.7"
"82","D10","46","162345.48","181072.72","115682.766"
"82","D10","47","163075.34","182298.08","115689.44"
"82","D10","48","163624.4","183490.61","115633.43"
"82","D10","49","164228.23","184803.11","115690.945"
"82","D10","50","164810.08","185920.5","115704.85"
"82","D10","51","165446.72","187154.22","115649.6"
"82","D10","52","166210.36","188189.86","115606.94"
"82","D10","53","166944.14","189257.78","115778.94"
"82","D10","54","167576.34","190659.48","115747.484"
"82","D10","55","168303.27","191880.94","115624.0"
"82","D10","56","169000.72","192830.58","115543.22"
"82","D10","57","169557.33","193624.97","115602.05"
"82","D10","58","170193.02","194641.14","115547.4"
"82","D10","59","171055.83","195860.14","115560.89"
"82","D10","60","171705.69","197029.97","115637.86"
"82","D10","61","172546.0","198567.0","115729.12"
"82","D10","62","173635.2","200544.08","115708.74"
"82","D10","63","174758.11","202005.56","115666.83"
"82","D10","64","176432.02","204353.84","115681.45"
"82","D10","65","178591.88","207262.52","115620.305"
"82","D10","66","180814.0","210589.75","115693.04"
"82","D10","67","183799.39","214931.58","115827.05"
"82","D10","68","187603.45","220336.8","115813.39"
"82","D10","69","191747.72","226393.64","115964.414"
"82","D10","70","196311.66","233126.06","116003.16"
"82","D10","71","200998.56","240380.81","116059.09"
"82","D10","72","205877.84","248514.72","116127.86"
"82","D10","73","211014.48","256384.53","116206.414"
"82","D10","74","215868.78","263641.62","116272.625"
"82","D10","75","220619.52","271259.6","116197.58"
"82","D10","76","225001.1","278781.12","116265.75"
"82","D10","77","229395.5","286175.84","116396.445"
"82","D10","78","234260.33","293544.56","116218.195"
"82","D10","79","239637.58","300039.12","116131.67"
"82","D10","80","244824.52","306595.47","116344.375"
"82","D10","81","250185.42","313328.12","116328.83"
"82","D10","82","255453.19","319978.0","116401.914"
"82","D10","83","260693.19","326610.9","116382.305"
"82","D10","84","266039.75","333397.75","116513.61"
"82","D10","85","272686.8","339646.06","116532.875"
"82","D10","86","279496.22","346409.56","116857.69"
"82","D10","87","287276.97","353639.2","116867.61"
"82","D10","88","295025.06","360634.7","116772.016"
"82","D10","89","303696.56","367802.12","116895.73"
"82","D10","90","312417.75","373908.62","116877.18"
"83","D11","1","62637.223","62843.953","123695.82"
"83","D11","2","62482.047","63070.426","123623.53"
"83","D11","3","62318.492","63883.875","123389.95"
"83","D11","4","62253.59","64522.117","123058.02"
"83","D11","5","62240.594","65128.46","122967.24"
"83","D11","6","62191.375","65428.176","123012.664"
"83","D11","7","62113.137","65716.35","123057.49"
"83","D11","8","61964.055","66011.15","123052.31"
"83","D11","9","61953.586","66045.98","123066.766"
"83","D11","10","62054.465","65987.3","123015.65"
"83","D11","11","62123.594","66248.9","122869.54"
"83","D11","12","62435.56","66544.15","122858.08"
"83","D11","13","62640.9","67118.63","122962.266"
"83","D11","14","62912.613","67590.01","122973.02"
"83","D11","15","63931.195","68800.2","122898.61"
"83","D11","16","65438.383","71099.875","122902.41"
"83","D11","17","67876.9","75230.76","123058.3"
"83","D11","18","72229.695","81994.14","123176.586"
"83","D11","19","78791.88","92668.46","123338.234"
"83","D11","20","87920.484","106377.195","123484.945"
"83","D11","21","98551.94","121113.766","123712.35"
"83","D11","22","109203.625","134621.55","123884.195"
"83","D11","23","118578.06","145355.62","124030.05"
"83","D11","24","126595.11","153289.06","124014.8"
"83","D11","25","132897.62","158692.11","124063.92"
"83","D11","26","137659.48","162415.58","124229.46"
"83","D11","27","141250.55","165204.56","124287.87"
"83","D11","28","143665.52","167163.78","124230.24"
"83","D11","29","145627.5","169062.44","124306.68"
"83","D11","30","147150.38","171002.69","124428.46"
"83","D11","31","148291.61","172474.44","124344.46"
"83","D11","32","149291.27","174077.89","124250.1"
"83","D11","33","150167.23","175616.08","124360.79"
"83","D11","34","151097.25","177077.95","124464.09"
"83","D11","35","151736.94","178658.47","124363.42"
"83","D11","36","152441.44","180293.92","124263.836"
"83","D11","37","153166.12","181449.64","124291.99"
"83","D11","38","154012.12","182634.86","124291.195"
"83","D11","39","154763.81","183840.86","124220.73"
"83","D11","40","155528.42","185395.61","124162.91"
"83","D11","41","156095.92","187269.73","124311.555"
"83","D11","42","156578.78","188390.1","124269.99"
"83","D11","43","157219.55","189348.05","124279.234"
"83","D11","44","157863.17","190825.05","124331.445"
"83","D11","45","158737.16","191823.53","124540.1"
"83","D11","46","159291.92","193112.7","124332.98"
"83","D11","47","159933.19","194462.44","124211.39"
"83","D11","48","160565.61","195673.95","124350.8"
"83","D11","49","161154.16","196691.3","124401.52"
"83","D11","50","161688.98","197936.33","124271.23"
"83","D11","51","162317.58","199134.45","124177.664"
"83","D11","52","163326.02","200376.92","124257.21"
"83","D11","53","163735.16","201091.61","124230.234"
"83","D11","54","164216.27","202175.58","124341.555"
"83","D11","55","164853.38","203683.23","124272.58"
"83","D11","56","165518.88","204796.22","124178.76"
"83","D11","57","165866.19","205858.44","124098.82"
"83","D11","58","166496.7","207217.28","124106.47"
"83","D11","59","167249.67","208137.67","124217.15"
"83","D11","60","167809.56","209107.44","124162.8"
"83","D11","61","168599.72","210525.48","124175.09"
"83","D11","62","169139.64","211789.3","124191.98"
"83","D11","63","169814.08","213060.83","124212.42"
"83","D11","64","170504.77","214787.12","124316.96"
"83","D11","65","171289.5","216197.55","124304.16"
"83","D11","66","172316.84","217998.84","124242.33"
"83","D11","67","173607.44","220368.44","124151.13"
"83","D11","68","174973.77","223236.62","124241.65"
"83","D11","69","176474.36","226848.0","124493.69"
"83","D11","70","178771.03","231542.83","124432.86"
"83","D11","71","181685.95","237120.6","124359.43"
"83","D11","72","185024.67","243845.5","124523.97"
"83","D11","73","188624.8","251257.66","124477.7"
"83","D11","74","192005.45","259340.34","124526.33"
"83","D11","75","195847.02","267817.53","124720.9"
"83","D11","76","199716.61","276418.0","124838.266"
"83","D11","77","203542.05","284471.88","125023.59"
"83","D11","78","207413.67","292646.88","125224.03"
"83","D11","79","211336.73","300786.75","125377.03"
"83","D11","80","215357.36","307979.5","125443.414"
"83","D11","81","219170.84","315549.06","125496.305"
"83","D11","82","222813.53","322435.56","125430.86"
"83","D11","83","226009.36","329068.9","125574.89"
"83","D11","84","229932.16","335914.47","125598.27"
"83","D11","85","234627.14","342336.72","125818.734"
"83","D11","86","239309.64","347771.38","125948.68"
"83","D11","87","243204.8","353595.03","125929.01"
"83","D11","88","247991.08","360076.78","125941.08"
"83","D11","89","252465.0","365519.16","126036.125"
"83","D11","90","257396.39","370300.84","126142.555"
"84","D12","1","63671.684","62104.53","121012.484"
"84","D12","2","63515.633","62310.98","120888.75"
"84","D12","3","63225.863","63088.668","120519.0"
"84","D12","4","63020.918","63560.836","120072.39"
"84","D12","5","62796.773","63913.8","119989.15"
"84","D12","6","62665.88","64281.75","120107.08"
"84","D12","7","62670.39","64416.23","120191.93"
"84","D12","8","62778.332","64407.195","120130.25"
"84","D12","9","62772.98","64611.016","120059.805"
"84","D12","10","62753.547","65011.707","119965.09"
"84","D12","11","62815.023","65065.203","119971.42"
"84","D12","12","63116.688","65428.05","120110.97"
"84","D12","13","63502.66","65631.74","120231.914"
"84","D12","14","63736.156","66470.484","120285.414"
"84","D12","15","64554.586","67834.99","120117.57"
"84","D12","16","66020.31","69933.87","120120.7"
"84","D12","17","68441.734","73892.39","120401.9"
"84","D12","18","72524.09","80473.31","120431.24"
"84","D12","19","78970.305","90528.37","120524.67"
"84","D12","20","87492.9","104035.35","120810.6"
"84","D12","21","97166.945","118849.75","121009.734"
"84","D12","22","107070.93","132560.61","121043.83"
"84","D12","23","116149.69","143473.0","121309.09"
"84","D12","24","123550.125","151558.69","121234.67"
"84","D12","25","129435.93","156863.73","121165.88"
"84","D12","26","133984.14","160750.88","121370.51"
"84","D12","27","137378.9","163358.56","121471.266"
"84","D12","28","140092.23","165691.4","121543.32"
"84","D12","29","141759.16","167864.62","121575.09"
"84","D12","30","143134.22","169672.2","121594.555"
"84","D12","31","144118.8","171218.6","121385.27"
"84","D12","32","144845.25","172670.25","121314.43"
"84","D12","33","145602.86","174192.27","121580.805"
"84","D12","34","146334.9","175752.5","121605.65"
"84","D12","35","147076.94","176960.11","121607.61"
"84","D12","36","147926.4","178263.67","121607.266"
"84","D12","37","148460.31","179890.61","121507.07"
"84","D12","38","149319.22","181390.62","121385.125"
"84","D12","39","150019.92","182554.58","121369.99"
"84","D12","40","150522.75","183794.95","121406.85"
"84","D12","41","151050.72","185074.36","121356.93"
"84","D12","42","151632.88","186397.3","121464.89"
"84","D12","43","152488.97","187503.7","121467.01"
"84","D12","44","153003.23","188763.03","121393.44"
"84","D12","45","153729.84","190131.33","121416.195"
"84","D12","46","154370.36","191560.12","121348.47"
"84","D12","47","154869.67","192561.44","121405.62"
"84","D12","48","155381.45","193728.58","121518.22"
"84","D12","49","155996.22","194905.94","121521.69"
"84","D12","50","156618.83","196230.98","121402.38"
"84","D12","51","157104.05","197183.22","121280.016"
"84","D12","52","157558.7","198252.61","121188.12"
"84","D12","53","158033.08","199500.1","121220.67"
"84","D12","54","158450.83","200810.67","121190.32"
"84","D12","55","159103.05","201882.69","121330.914"
"84","D12","56","159766.4","203086.08","121338.43"
"84","D12","57","160303.2","204225.53","121307.66"
"84","D12","58","160775.92","205138.14","121270.94"
"84","D12","59","161336.89","206283.53","121351.17"
"84","D12","60","161741.94","207166.25","121332.43"
"84","D12","61","162477.89","208363.19","121375.59"
"84","D12","62","162985.3","209527.78","121359.6"
"84","D12","63","163380.94","210718.69","121275.63"
"84","D12","64","163900.1","211924.47","121318.08"
"84","D12","65","164607.9","213023.27","121362.7"
"84","D12","66","165642.73","214170.84","121325.94"
"84","D12","67","165889.06","215603.98","121279.71"
"84","D12","68","166529.75","217541.78","121453.57"
"84","D12","69","167630.47","219172.36","121393.65"
"84","D12","70","168550.12","221153.02","121303.13"
"84","D12","71","169702.36","224464.44","121385.695"
"84","D12","72","171432.6","228515.64","121388.38"
"84","D12","73","173641.33","232974.16","121454.914"
"84","D12","74","175987.92","238690.69","121543.516"
"84","D12","75","178855.89","245456.48","121515.16"
"84","D12","76","181858.66","253291.69","121598.234"
"84","D12","77","185208.61","260838.5","121612.055"
"84","D12","78","188652.22","269363.47","121910.2"
"84","D12","79","192328.97","277774.16","121945.0"
"84","D12","80","196063.55","286287.84","122194.74"
"84","D12","81","199892.77","294106.62","122339.734"
"84","D12","82","203352.27","302309.72","122391.66"
"84","D12","83","206840.66","310138.53","122376.375"
"84","D12","84","210502.58","317279.75","122365.95"
"84","D12","85","214561.42","324401.75","122700.86"
"84","D12","86","218916.34","331710.62","122844.42"
"84","D12","87","223235.06","338912.97","122834.484"
"84","D12","88","228326.11","346131.53","122790.195"
"84","D12","89","233808.83","353211.97","122781.766"
"84","D12","90","239581.14","359253.06","122850.45"
"85","D13","1","65079.805","61815.465","121206.83"
"85","D13","2","64960.832","62048.73","120980.32"
"85","D13","3","64779.906","62555.363","120835.055"
"85","D13","4","64512.516","63088.65","120896.43"
"85","D13","5","64456.246","63835.617","120877.664"
"85","D13","6","64497.133","64274.887","120835.11"
"85","D13","7","64447.6","64298.7","120879.84"
"85","D13","8","64449.99","64387.957","120777.89"
"85","D13","9","64540.383","64690.207","120690.92"
"85","D13","10","64582.52","64803.11","120650.06"
"85","D13","11","64577.734","65136.57","120673.35"
"85","D13","12","64718.02","65281.71","120666.49"
"85","D13","13","65074.902","65432.93","120607.33"
"85","D13","14","65419.24","66002.77","120475.32"
"85","D13","15","66173.21","67355.65","120359.11"
"85","D13","16","67544.36","69545.22","120381.945"
"85","D13","17","69981.766","73468.945","120564.79"
"85","D13","18","74151.414","80215.984","120622.336"
"85","D13","19","80435.695","90491.01","120801.51"
"85","D13","20","88950.125","103889.914","120866.17"
"85","D13","21","98519.33","118564.48","121155.78"
"85","D13","22","108009.46","132136.4","121303.875"
"85","D13","23","116732.83","143367.34","121380.7"
"85","D13","24","124046.78","151610.7","121478.53"
"85","D13","25","130181.07","157316.39","121668.07"
"85","D13","26","134716.19","160824.23","121948.234"
"85","D13","27","138147.34","163881.61","121984.31"
"85","D13","28","140709.8","165941.47","121860.12"
"85","D13","29","142260.97","167965.31","121731.28"
"85","D13","30","143608.81","169865.89","121621.21"
"85","D13","31","144381.78","171312.14","121722.266"
"85","D13","32","145326.33","172741.75","122113.41"
"85","D13","33","146361.69","174296.14","122025.74"
"85","D13","34","147044.42","176155.86","121918.22"
"85","D13","35","147770.62","177357.95","122011.74"
"85","D13","36","148493.58","178689.12","121880.73"
"85","D13","37","149136.55","180126.47","121758.055"
"85","D13","38","149533.48","181438.55","121824.414"
"85","D13","39","150242.69","182750.58","121977.02"
"85","D13","40","150744.52","184108.39","121930.64"
"85","D13","41","151578.23","185369.11","121816.03"
"85","D13","42","152059.4","186382.16","121601.27"
"85","D13","43","152647.97","188009.55","121533.87"
"85","D13","44","153434.67","189221.95","121788.516"
"85","D13","45","154025.4","190285.89","121896.83"
"85","D13","46","154525.3","191711.55","121943.09"
"85","D13","47","154954.64","193095.22","121950.98"
"85","D13","48","155644.23","194112.53","121863.15"
"85","D13","49","156023.8","195004.8","121850.5"
"85","D13","50","156611.58","196257.58","121788.32"
"85","D13","51","157246.9","197444.19","121854.69"
"85","D13","52","157728.2","198453.88","121780.93"
"85","D13","53","158375.52","199729.25","121761.055"
"85","D13","54","158827.17","200984.0","121827.62"
"85","D13","55","159174.36","202088.27","121909.42"
"85","D13","56","159688.27","203295.64","121812.66"
"85","D13","57","160127.14","204163.17","121721.84"
"85","D13","58","160653.84","205683.89","121808.53"
"85","D13","59","161095.6","206789.62","121811.33"
"85","D13","60","161652.47","207246.06","121877.5"
"85","D13","61","162297.48","208600.69","121767.74"
"85","D13","62","162958.44","209574.88","121576.73"
"85","D13","63","163329.36","210441.77","121512.49"
"85","D13","64","163876.3","211781.6","121744.58"
"85","D13","65","164280.5","212854.14","121861.055"
"85","D13","66","164932.0","214105.75","121898.625"
"85","D13","67","165337.56","214928.58","121812.72"
"85","D13","68","165807.95","215658.02","121757.77"
"85","D13","69","166464.25","216854.58","121566.59"
"85","D13","70","166918.38","218476.75","121432.03"
"85","D13","71","167307.58","219881.23","121399.91"
"85","D13","72","168054.2","221624.83","121468.62"
"85","D13","73","168910.0","223507.73","121658.99"
"85","D13","74","170085.67","225536.47","121604.21"
"85","D13","75","171387.95","228478.4","121619.64"
"85","D13","76","173043.89","232193.94","121940.664"
"85","D13","77","174840.2","236599.23","121999.91"
"85","D13","78","177437.42","242427.97","122104.586"
"85","D13","79","180512.4","249765.75","122249.95"
"85","D13","80","183639.47","257190.16","122220.01"
"85","D13","81","187519.66","265168.1","122383.87"
"85","D13","82","191237.44","274300.72","122427.26"
"85","D13","83","195013.06","282973.84","122312.625"
"85","D13","84","199325.08","292097.25","122363.88"
"85","D13","85","203501.38","300772.7","122747.16"
"85","D13","86","207829.83","309248.12","122903.69"
"85","D13","87","212926.47","317539.0","122995.62"
"85","D13","88","218412.03","326602.22","123096.87"
"85","D13","89","223597.78","335139.5","123176.83"
"85","D13","90","228317.6","342306.7","123436.75"
"86","D14","1","61492.41","60237.934","119104.19"
"86","D14","2","61388.55","60389.156","118870.555"
"86","D14","3","61046.402","61127.6","118685.48"
"86","D14","4","60905.035","61818.16","118623.1"
"86","D14","5","60852.305","62289.617","118616.555"
"86","D14","6","60806.27","62499.605","118596.45"
"86","D14","7","60719.35","62902.453","118566.4"
"86","D14","8","60739.32","63050.652","118639.16"
"86","D14","9","60912.723","63063.79","118624.2"
"86","D14","10","60972.39","63245.082","118588.74"
"86","D14","11","61088.824","63456.074","118238.664"
"86","D14","12","61333.24","63875.59","118219.9"
"86","D14","13","61452.98","64251.43","118471.7"
"86","D14","14","61871.43","64771.62","118340.62"
"86","D14","15","62705.457","66095.88","118277.55"
"86","D14","16","64066.402","68104.2","118358.93"
"86","D14","17","66476.75","72029.01","118506.836"
"86","D14","18","70468.79","78391.445","118672.88"
"86","D14","19","76659.21","88261.74","119027.25"
"86","D14","20","85206.75","101797.71","119093.18"
"86","D14","21","94737.336","116268.86","119138.445"
"86","D14","22","104380.72","129537.51","119215.37"
"86","D14","23","113008.09","140490.47","119261.33"
"86","D14","24","120503.9","148480.12","119650.93"
"86","D14","25","126502.0","154009.06","119680.04"
"86","D14","26","131007.06","157534.27","119728.06"
"86","D14","27","134408.61","160228.16","119669.195"
"86","D14","28","136883.23","162292.72","119744.25"
"86","D14","29","138537.36","164433.1","119862.96"
"86","D14","30","139722.0","166114.3","119904.3"
"86","D14","31","140822.84","167737.69","119752.65"
"86","D14","32","141974.77","169214.05","119644.234"
"86","D14","33","142736.19","170709.42","119707.02"
"86","D14","34","143334.0","171719.0","119681.66"
"86","D14","35","144077.05","173479.05","119851.38"
"86","D14","36","144705.2","174970.08","119861.41"
"86","D14","37","145132.66","176183.75","119768.8"
"86","D14","38","146159.11","177499.78","119860.56"
"86","D14","39","146826.88","178887.06","120065.87"
"86","D14","40","147222.27","179884.7","120040.664"
"86","D14","41","147745.52","181084.7","119889.24"
"86","D14","42","148095.0","182513.2","119703.734"
"86","D14","43","148895.39","183809.12","119515.59"
"86","D14","44","149604.6","185027.36","119430.055"
"86","D14","45","150169.86","186087.27","119586.164"
"86","D14","46","150707.03","187383.03","119722.99"
"86","D14","47","151309.36","188657.0","119865.2"
"86","D14","48","152043.73","190089.75","119687.836"
"86","D14","49","152506.14","191115.05","119529.59"
"86","D14","50","152913.86","191879.73","119440.23"
"86","D14","51","153467.86","193118.0","119393.71"
"86","D14","52","153910.12","194200.97","119571.234"
"86","D14","53","154525.95","195206.4","119577.195"
"86","D14","54","155113.06","196164.8","119749.836"
"86","D14","55","155669.05","197706.53","119767.06"
"86","D14","56","156385.83","199007.97","119665.805"
"86","D14","57","156980.75","199617.61","119647.3"
"86","D14","58","157322.36","200756.97","119614.22"
"86","D14","59","157714.73","201815.97","119562.35"
"86","D14","60","158166.34","202930.38","119506.63"
"86","D14","61","158799.11","203763.1","119670.36"
"86","D14","62","159276.17","205278.72","119721.6"
"86","D14","63","159557.78","206225.1","119667.336"
"86","D14","64","160232.42","207141.95","119587.65"
"86","D14","65","160639.64","208349.89","119652.445"
"86","D14","66","161144.27","209239.38","119589.18"
"86","D14","67","161642.34","210470.98","119578.664"
"86","D14","68","162167.62","211362.05","119475.45"
"86","D14","69","162659.14","212620.14","119354.6"
"86","D14","70","163085.66","213635.95","119285.19"
"86","D14","71","163691.06","215174.3","119228.375"
"86","D14","72","164210.84","216795.75","119401.26"
"86","D14","73","164992.75","218548.39","119642.99"
"86","D14","74","166189.81","220754.67","119684.875"
"86","D14","75","167523.0","223642.16","119645.32"
"86","D14","76","168923.25","227325.17","119542.17"
"86","D14","77","170452.77","231969.8","119580.81"
"86","D14","78","172738.92","237484.14","119824.086"
"86","D14","79","175589.52","243791.67","119825.164"
"86","D14","80","178352.2","251001.8","119967.75"
"86","D14","81","181509.19","259204.75","120274.74"
"86","D14","82","185186.27","267797.97","120272.4"
"86","D14","83","188518.11","276242.88","120277.88"
"86","D14","84","191834.94","284925.62","120277.36"
"86","D14","85","195679.97","293763.8","120418.05"
"86","D14","86","199628.05","302385.5","120579.77"
"86","D14","87","204073.67","310429.72","120750.31"
"86","D14","88","208381.03","318211.78","120748.58"
"86","D14","89","213269.73","326007.1","120652.82"
"86","D14","90","218110.4","332908.25","120776.98"
"87","D15","1","66811.5","64698.875","122517.5"
"87","D15","2","66706.71","64823.12","122278.06"
"87","D15","3","66571.29","65307.863","122001.56"
"87","D15","4","66391.484","66228.61","121903.664"
"87","D15","5","66155.62","66756.375","121840.75"
"87","D15","6","66123.7","67157.625","121772.25"
"87","D15","7","66218.164","67414.64","121741.65"
"87","D15","8","66245.375","67630.445","121777.5"
"87","D15","9","66165.67","67852.19","121695.51"
"87","D15","10","66153.15","67973.95","121648.97"
"87","D15","11","66280.81","68108.44","121634.3"
"87","D15","12","66483.8","68484.74","121568.766"
"87","D15","13","66610.83","68911.555","121578.555"
"87","D15","14","66918.734","69475.82","121685.71"
"87","D15","15","67690.555","70602.18","121670.39"
"87","D15","16","69161.67","73099.17","121675.44"
"87","D15","17","71441.664","77220.28","121816.01"
"87","D15","18","75538.85","84034.36","121857.48"
"87","D15","19","82088.984","94711.84","122058.08"
"87","D15","20","90815.63","108539.37","122206.836"
"87","D15","21","100512.67","123925.68","122215.35"
"87","D15","22","110412.39","138084.66","122277.12"
"87","D15","23","119184.47","149868.33","122312.016"
"87","D15","24","126932.32","158347.58","122604.73"
"87","D15","25","133177.1","164075.34","122631.77"
"87","D15","26","137874.14","168356.73","122777.8"
"87","D15","27","141453.72","171314.1","122952.06"
"87","D15","28","143694.89","173177.27","122888.15"
"87","D15","29","145505.94","175322.39","122781.336"
"87","D15","30","146879.66","177362.17","122548.055"
"87","D15","31","147905.94","178717.11","122459.49"
"87","D15","32","148912.6","180599.53","122583.445"
"87","D15","33","149760.25","182212.48","122573.44"
"87","D15","34","150382.92","183476.4","122683.6"
"87","D15","35","151181.92","185028.52","122688.42"
"87","D15","36","151676.95","186751.73","122604.695"
"87","D15","37","152382.83","188299.25","122573.7"
"87","D15","38","152908.17","189816.36","122611.984"
"87","D15","39","153528.38","191284.58","122634.08"
"87","D15","40","154291.14","192686.17","122542.25"
"87","D15","41","154741.1","193937.47","122448.58"
"87","D15","42","155541.17","195209.34","122432.27"
"87","D15","43","156015.31","196436.69","122406.83"
"87","D15","44","156361.4","197864.53","122557.234"
"87","D15","45","156982.12","198913.14","122543.35"
"87","D15","46","157518.3","200063.38","122513.64"
"87","D15","47","158072.38","201480.61","122608.06"
"87","D15","48","158874.8","202816.22","122520.48"
"87","D15","49","159531.55","203978.84","122429.625"
"87","D15","50","160006.52","205045.64","122462.51"
"87","D15","51","160431.42","206392.81","122481.99"
"87","D15","52","160776.75","207373.36","122446.35"
"87","D15","53","161158.2","208428.94","122403.38"
"87","D15","54","161568.84","209690.52","122500.66"
"87","D15","55","162242.9","211007.44","122363.75"
"87","D15","56","162767.31","212362.39","122200.125"
"87","D15","57","163254.23","213410.72","122163.484"
"87","D15","58","163663.12","214758.58","122346.516"
"87","D15","59","163900.3","215611.55","122331.67"
"87","D15","60","164848.03","216724.95","122347.02"
"87","D15","61","165509.88","217816.19","122382.96"
"87","D15","62","165850.02","218965.42","122365.78"
"87","D15","63","166251.22","219994.95","122493.71"
"87","D15","64","166560.73","220907.78","122386.29"
"87","D15","65","167016.45","222190.77","122293.22"
"87","D15","66","167638.0","223208.11","122318.625"
"87","D15","67","168259.84","224206.61","122354.64"
"87","D15","68","168592.14","225429.33","122445.195"
"87","D15","69","169021.8","226327.33","122182.25"
"87","D15","70","169521.16","227911.14","122080.25"
"87","D15","71","170236.77","228754.16","122185.21"
"87","D15","72","170660.78","229562.4","122235.31"
"87","D15","73","171296.52","231039.11","122259.75"
"87","D15","74","171965.39","232816.27","122208.68"
"87","D15","75","172294.66","234185.77","122075.195"
"87","D15","76","172724.7","235705.81","121812.7"
"87","D15","77","173505.95","238060.48","121820.98"
"87","D15","78","174649.47","240308.17","122217.81"
"87","D15","79","175649.23","243502.14","122283.45"
"87","D15","80","177162.62","247660.05","122228.01"
"87","D15","81","178784.44","252890.1","122300.484"
"87","D15","82","180752.44","259369.72","122413.89"
"87","D15","83","183769.97","267309.72","122508.19"
"87","D15","84","187101.98","276229.97","122534.305"
"87","D15","85","190968.55","286129.06","122557.96"
"87","D15","86","194900.0","296422.7","122796.05"
"87","D15","87","199672.05","307287.66","122802.36"
"87","D15","88","205277.66","318088.34","122883.33"
"87","D15","89","210982.23","329401.3","122886.01"
"87","D15","90","216325.2","339193.7","123135.23"
"88","D16","1","65997.125","62506.555","121956.21"
"88","D16","2","65793.586","62773.727","121763.75"
"88","D16","3","65608.664","63382.8","121580.36"
"88","D16","4","65444.883","63943.023","121412.01"
"88","D16","5","65294.883","64187.918","121344.234"
"88","D16","6","65187.46","64786.82","121372.61"
"88","D16","7","65223.01","65154.19","121460.93"
"88","D16","8","65452.105","65137.61","121435.61"
"88","D16","9","65486.23","65394.207","121394.945"
"88","D16","10","65519.81","65654.234","121382.21"
"88","D16","11","65600.05","65810.65","121543.89"
"88","D16","12","65616.29","66061.336","121680.93"
"88","D16","13","65881.73","66429.766","121278.51"
"88","D16","14","66425.266","67168.52","121195.63"
"88","D16","15","67293.02","68199.27","121357.39"
"88","D16","16","68713.48","70511.29","121546.17"
"88","D16","17","71202.586","74358.42","121701.09"
"88","D16","18","75575.48","80865.43","121687.46"
"88","D16","19","82401.77","91092.555","121659.47"
"88","D16","20","91488.99","104605.516","121739.83"
"88","D16","21","101993.8","119306.59","122260.56"
"88","D16","22","112432.78","133086.31","122352.945"
"88","D16","23","122215.57","144338.64","122424.76"
"88","D16","24","130447.9","152166.4","122733.664"
"88","D16","25","137013.47","157551.98","122819.99"
"88","D16","26","142159.73","161992.31","122787.555"
"88","D16","27","145889.69","164952.56","122783.59"
"88","D16","28","148348.39","167182.34","122937.0"
"88","D16","29","150450.05","168950.14","122958.38"
"88","D16","30","151811.25","170360.34","122920.836"
"88","D16","31","152963.64","172101.33","122853.48"
"88","D16","32","154101.56","173749.31","122970.01"
"88","D16","33","154863.83","175057.84","122919.22"
"88","D16","34","155760.97","176838.03","122933.49"
"88","D16","35","156500.12","178188.84","122864.27"
"88","D16","36","157110.22","179668.06","122926.46"
"88","D16","37","157958.72","181218.0","123123.14"
"88","D16","38","158678.2","182618.69","123086.71"
"88","D16","39","159328.52","183878.95","122969.94"
"88","D16","40","159798.03","185212.64","122965.97"
"88","D16","41","160386.69","186132.39","122877.29"
"88","D16","42","161034.52","187653.17","122760.41"
"88","D16","43","161765.92","188871.56","122789.69"
"88","D16","44","162232.95","190251.45","122905.0"
"88","D16","45","162645.61","191713.66","122880.945"
"88","D16","46","163288.45","192581.22","122665.65"
"88","D16","47","164093.05","193695.23","122601.79"
"88","D16","48","164870.78","195344.88","122877.93"
"88","D16","49","165442.34","196267.11","122871.67"
"88","D16","50","165893.2","197248.3","122938.59"
"88","D16","51","166408.62","198599.31","122955.3"
"88","D16","52","166927.75","199735.56","122882.016"
"88","D16","53","167616.84","200707.75","122933.2"
"88","D16","54","168182.7","201885.56","122756.54"
"88","D16","55","168514.53","202757.66","122716.54"
"88","D16","56","168896.14","204324.52","123090.59"
"88","D16","57","169396.81","205408.48","123048.516"
"88","D16","58","169609.83","206346.4","122866.34"
"88","D16","59","170530.38","207362.73","122647.61"
"88","D16","60","171280.19","208323.92","122615.25"
"88","D16","61","171766.12","209054.34","122979.945"
"88","D16","62","172299.81","210254.55","122892.65"
"88","D16","63","172770.0","211181.61","122770.17"
"88","D16","64","173212.9","212468.84","122864.77"
"88","D16","65","173887.77","213514.42","122948.32"
"88","D16","66","174305.52","214423.19","122871.086"
"88","D16","67","174906.62","215812.98","122901.34"
"88","D16","68","175396.22","216834.83","122954.805"
"88","D16","69","175853.2","217717.23","122919.91"
"88","D16","70","176100.78","218665.16","122926.75"
"88","D16","71","176773.1","219719.52","123033.43"
"88","D16","72","177340.22","220871.27","122826.87"
"88","D16","73","177686.64","221565.1","122705.85"
"88","D16","74","178380.2","222702.33","122814.98"
"88","D16","75","178615.61","223743.89","122781.37"
"88","D16","76","178843.66","224887.84","122755.195"
"88","D16","77","179862.17","226054.11","122872.734"
"88","D16","78","180637.38","227289.36","122931.53"
"88","D16","79","181044.86","228355.7","122749.78"
"88","D16","80","181785.42","230062.02","122665.75"
"88","D16","81","182789.52","231473.34","122864.15"
"88","D16","82","183803.5","233016.16","122877.69"
"88","D16","83","185027.34","234927.69","123001.91"
"88","D16","84","186425.88","237942.55","123076.98"
"88","D16","85","188065.3","241516.6","123138.53"
"88","D16","86","190739.02","245926.22","123035.99"
"88","D16","87","193699.58","251300.34","122982.664"
"88","D16","88","197386.66","257816.27","123053.516"
"88","D16","89","202120.53","265861.25","123208.06"
"88","D16","90","206369.39","273300.5","123130.4"
"89","D17","1","65763.23","53047.605","128629.95"
"89","D17","2","65551.81","53088.19","128423.97"
"89","D17","3","65373.008","53580.37","128209.95"
"89","D17","4","65293.703","53959.8","128072.63"
"89","D17","5","65074.64","54309.11","127838.14"
"89","D17","6","64868.027","54508.453","127757.61"
"89","D17","7","64610.46","54758.055","127787.39"
"89","D17","8","64625.84","54813.37","127915.88"
"89","D17","9","64916.918","54754.137","127965.96"
"89","D17","10","64969.89","54916.586","127938.01"
"89","D17","11","65062.8","54970.96","128010.305"
"89","D17","12","65023.156","54899.695","128198.125"
"89","D17","13","64951.277","55048.727","128197.48"
"89","D17","14","64972.21","55216.4","127960.77"
"89","D17","15","65336.414","55251.953","127818.81"
"89","D17","16","65701.41","55494.566","127789.68"
"89","D17","17","66177.664","55550.65","127861.086"
"89","D17","18","66826.555","55935.31","127809.98"
"89","D17","19","68303.91","56300.57","127661.61"
"89","D17","20","71227.7","57387.758","127666.484"
"89","D17","21","75794.91","59181.38","127825.2"
"89","D17","22","83268.64","61990.957","127898.89"
"89","D17","23","94799.15","66394.25","128176.695"
"89","D17","24","109593.82","72561.33","128254.32"
"89","D17","25","125887.71","80489.69","128219.71"
"89","D17","26","141413.27","88876.1","128320.05"
"89","D17","27","153759.6","96139.29","128469.34"
"89","D17","28","162533.42","101609.76","128600.03"
"89","D17","29","169168.44","105418.11","128620.914"
"89","D17","30","173852.86","108198.26","128768.69"
"89","D17","31","176916.31","110102.98","128738.71"
"89","D17","32","179544.1","111941.305","128675.46"
"89","D17","33","181561.52","113368.336","128718.17"
"89","D17","34","183166.5","114342.164","128683.234"
"89","D17","35","184529.56","115627.445","128779.445"
"89","D17","36","185528.27","116932.65","128770.61"
"89","D17","37","186143.45","118232.18","128689.76"
"89","D17","38","187097.83","119633.41","128686.81"
"89","D17","39","187705.31","120705.52","128638.24"
"89","D17","40","188342.67","121597.055","128703.72"
"89","D17","41","189109.11","122564.91","128702.35"
"89","D17","42","189731.53","123903.21","128824.34"
"89","D17","43","190310.16","124806.48","128823.81"
"89","D17","44","190854.33","126065.46","128785.95"
"89","D17","45","191056.44","127108.93","128662.42"
"89","D17","46","191665.25","128275.414","128614.35"
"89","D17","47","192191.14","129172.195","128807.4"
"89","D17","48","192540.42","130252.63","128777.33"
"89","D17","49","193206.66","131310.95","128740.984"
"89","D17","50","193621.81","132366.75","128680.51"
"89","D17","51","194183.44","133280.25","128761.336"
"89","D17","52","194631.98","134012.52","128798.59"
"89","D17","53","194938.45","134962.38","128787.43"
"89","D17","54","195334.3","136025.14","129013.695"
"89","D17","55","195884.7","136715.92","128932.46"
"89","D17","56","196493.88","137730.5","128705.695"
"89","D17","57","196745.62","138910.58","128619.31"
"89","D17","58","197342.39","139916.73","128740.164"
"89","D17","59","198027.2","141021.92","128692.26"
"89","D17","60","198707.56","142322.19","128645.02"
"89","D17","61","199609.3","143581.33","128576.63"
"89","D17","62","200489.92","144763.53","128591.78"
"89","D17","63","201738.48","146184.53","128498.48"
"89","D17","64","203555.95","148095.0","128470.19"
"89","D17","65","205883.42","150244.62","128697.03"
"89","D17","66","209097.38","152819.0","128630.414"
"89","D17","67","213854.1","156036.77","128559.12"
"89","D17","68","219304.6","159235.19","128686.08"
"89","D17","69","225662.7","162624.42","128748.29"
"89","D17","70","232775.94","166285.9","128868.48"
"89","D17","71","240640.03","170291.02","128928.81"
"89","D17","72","248400.2","174551.08","128956.75"
"89","D17","73","257656.58","178797.92","128896.484"
"89","D17","74","265880.97","183045.72","128815.234"
"89","D17","75","275190.38","187139.86","128873.016"
"89","D17","76","283953.22","191435.08","128910.92"
"89","D17","77","291910.88","195576.38","129061.52"
"89","D17","78","301394.6","200092.94","129099.766"
"89","D17","79","311270.6","204352.34","128844.336"
"89","D17","80","320107.38","208632.06","128740.12"
"89","D17","81","328361.25","213058.97","128875.625"
"89","D17","82","337137.03","217133.52","128879.4"
"89","D17","83","346234.4","221466.7","129064.805"
"89","D17","84","355499.38","225788.88","129138.63"
"89","D17","85","363878.3","230362.84","129215.19"
"89","D17","86","372794.12","234676.25","129192.336"
"89","D17","87","380841.53","239126.06","129087.69"
"89","D17","88","389499.7","243254.06","128955.04"
"89","D17","89","396996.0","247586.23","128876.016"
"89","D17","90","403877.66","250965.03","129002.08"
"90","D18","1","64981.676","52864.785","130152.63"
"90","D18","2","64793.168","52895.56","130060.87"
"90","D18","3","64652.562","53329.93","129984.14"
"90","D18","4","64589.15","53879.3","130011.055"
"90","D18","5","64561.7","54324.875","129971.914"
"90","D18","6","64602.996","54506.562","129900.68"
"90","D18","7","64646.004","54521.633","129797.445"
"90","D18","8","64681.48","54641.418","129689.97"
"90","D18","9","64497.152","54821.58","129690.055"
"90","D18","10","64484.84","54849.746","129803.33"
"90","D18","11","64652.82","55005.027","129942.89"
"90","D18","12","64728.6","54989.926","130147.805"
"90","D18","13","64828.676","55168.996","129978.07"
"90","D18","14","64927.195","55144.156","129906.984"
"90","D18","15","65092.938","55230.625","129977.17"
"90","D18","16","65281.383","55491.85","129944.984"
"90","D18","17","65678.375","55547.97","129885.39"
"90","D18","18","66260.62","55795.65","129864.85"
"90","D18","19","67465.86","56156.62","129950.32"
"90","D18","20","69505.42","56960.758","129950.85"
"90","D18","21","73007.0","58488.312","129920.125"
"90","D18","22","78476.64","60969.03","129959.71"
"90","D18","23","86655.195","65202.51","129950.3"
"90","D18","24","97741.1","71522.96","130015.98"
"90","D18","25","110878.305","79716.1","130315.53"
"90","D18","26","125099.92","89283.22","130235.875"
"90","D18","27","138719.14","98277.17","130196.375"
"90","D18","28","150106.36","105501.53","130408.016"
"90","D18","29","158725.0","110604.22","130458.16"
"90","D18","30","164649.64","113971.89","130412.94"
"90","D18","31","168789.28","116236.19","130469.92"
"90","D18","32","171626.03","118121.03","130497.234"
"90","D18","33","173710.83","119889.72","130762.39"
"90","D18","34","175450.77","121069.94","130702.85"
"90","D18","35","176896.62","122350.84","130631.74"
"90","D18","36","177916.73","123689.59","130746.36"
"90","D18","37","178891.4","124983.36","130719.04"
"90","D18","38","179522.52","126230.44","130762.11"
"90","D18","39","180384.98","127253.62","130738.47"
"90","D18","40","181017.88","128276.07","130802.414"
"90","D18","41","181489.58","129629.94","130851.56"
"90","D18","42","182226.34","130674.19","130806.69"
"90","D18","43","182795.12","131788.23","130883.516"
"90","D18","44","183552.42","132758.38","130784.56"
"90","D18","45","184024.44","133760.19","130587.48"
"90","D18","46","184465.12","134700.94","130563.82"
"90","D18","47","184938.05","135571.17","130887.18"
"90","D18","48","185351.69","136911.33","130919.695"
"90","D18","49","185678.69","138009.48","131030.96"
"90","D18","50","186280.73","138922.48","131019.4"
"90","D18","51","186620.1","139825.78","130939.65"
"90","D18","52","187235.34","140800.39","130910.055"
"90","D18","53","187718.5","141690.14","130855.22"
"90","D18","54","187957.66","142834.86","130815.086"
"90","D18","55","188553.61","143820.05","130826.06"
"90","D18","56","188854.34","144794.27","130781.26"
"90","D18","57","189277.44","145370.53","130849.766"
"90","D18","58","189967.89","145994.44","130744.97"
"90","D18","59","190448.73","147323.0","130665.74"
"90","D18","60","190784.89","148415.27","130807.77"
"90","D18","61","191298.7","149122.52","130938.71"
"90","D18","62","192101.28","150354.28","130772.38"
"90","D18","63","192994.78","151660.47","130677.516"
"90","D18","64","193852.17","153409.22","130761.94"
"90","D18","65","195328.23","155307.6","130660.05"
"90","D18","66","197403.67","157682.44","130619.516"
"90","D18","67","200326.73","160098.45","130855.13"
"90","D18","68","204053.64","163293.53","130862.52"
"90","D18","69","208584.23","166834.48","130886.99"
"90","D18","70","213751.17","171055.03","130974.95"
"90","D18","71","219888.5","175261.11","130911.04"
"90","D18","72","226566.69","179283.77","130886.93"
"90","D18","73","233644.44","183940.56","130887.945"
"90","D18","74","240566.73","188636.58","131055.68"
"90","D18","75","247936.97","193730.61","131014.59"
"90","D18","76","255272.23","198307.25","131018.875"
"90","D18","77","263019.1","203193.94","131105.33"
"90","D18","78","271287.66","208117.73","131349.97"
"90","D18","79","279653.56","212815.72","131381.78"
"90","D18","80","287673.97","217368.75","131153.11"
"90","D18","81","295814.12","221934.78","131069.8"
"90","D18","82","303844.8","226874.4","131295.55"
"90","D18","83","312293.22","231600.45","131307.48"
"90","D18","84","320755.84","235745.81","131336.62"
"90","D18","85","329907.56","240430.19","131294.98"
"90","D18","86","338229.2","245450.23","131326.34"
"90","D18","87","347082.22","250024.8","131361.0"
"90","D18","88","355098.7","254797.95","131143.42"
"90","D18","89","363196.22","259012.8","131026.36"
"90","D18","90","370586.2","262577.25","131137.05"
"91","D19","1","65161.008","54850.703","133984.12"
"91","D19","2","65030.973","54938.05","133588.75"
"91","D19","3","64849.46","55066.08","133372.23"
"91","D19","4","64761.836","55469.168","133367.98"
"91","D19","5","64678.316","55910.094","133192.47"
"91","D19","6","64543.79","56084.94","133175.6"
"91","D19","7","64492.95","56261.164","133331.58"
"91","D19","8","64467.777","56545.797","133485.03"
"91","D19","9","64475.793","56824.617","133557.12"
"91","D19","10","64538.94","56869.016","133502.81"
"91","D19","11","64587.305","56955.703","133409.83"
"91","D19","12","64721.18","56875.35","133374.27"
"91","D19","13","64786.953","56935.33","133471.84"
"91","D19","14","64915.2","57142.312","133567.53"
"91","D19","15","65035.12","57201.156","133465.58"
"91","D19","16","65174.68","57186.812","133411.23"
"91","D19","17","65540.14","57372.098","133456.38"
"91","D19","18","66126.695","57547.22","133424.83"
"91","D19","19","66980.83","58004.92","133390.58"
"91","D19","20","68785.87","58941.73","133342.64"
"91","D19","21","71857.87","60474.137","133335.39"
"91","D19","22","76646.15","63088.418","133456.03"
"91","D19","23","83733.516","67254.17","133480.58"
"91","D19","24","92600.35","73993.62","133599.73"
"91","D19","25","102802.555","82710.5","133642.22"
"91","D19","26","113401.586","92833.48","133897.52"
"91","D19","27","124309.15","103280.16","134014.16"
"91","D19","28","134600.28","112277.37","133985.08"
"91","D19","29","143642.48","119115.516","134080.83"
"91","D19","30","150511.86","123992.695","134098.89"
"91","D19","31","154865.25","126736.84","134040.86"
"91","D19","32","157925.42","128941.83","133985.28"
"91","D19","33","160171.78","130724.67","134060.19"
"91","D19","34","162011.23","132173.27","133966.42"
"91","D19","35","163217.94","133611.5","133925.7"
"91","D19","36","164197.28","135018.61","134146.39"
"91","D19","37","165179.06","136213.14","134218.52"
"91","D19","38","165940.75","137492.61","134186.28"
"91","D19","39","166581.44","138819.64","134316.11"
"91","D19","40","167098.12","140053.58","134286.47"
"91","D19","41","167636.92","141002.64","134323.06"
"91","D19","42","168186.28","141991.33","134282.5"
"91","D19","43","168798.55","143545.34","134180.3"
"91","D19","44","169366.22","144559.28","134128.52"
"91","D19","45","169716.72","145898.17","134174.1"
"91","D19","46","170205.4","146785.67","134369.33"
"91","D19","47","170948.62","147601.81","134368.28"
"91","D19","48","171308.47","148548.44","134373.64"
"91","D19","49","171543.03","149595.73","134306.1"
"91","D19","50","171963.7","150637.44","134313.31"
"91","D19","51","172199.89","151617.56","134271.5"
"91","D19","52","172539.95","152568.58","134218.31"
"91","D19","53","173038.16","153637.89","134228.42"
"91","D19","54","173503.94","154419.02","134227.84"
"91","D19","55","173795.81","155647.2","134226.27"
"91","D19","56","174240.27","156685.75","134065.84"
"91","D19","57","174560.08","157841.5","133961.55"
"91","D19","58","175089.97","158721.17","133999.8"
"91","D19","59","175349.88","159503.69","134079.19"
"91","D19","60","175697.14","160626.06","134023.58"
"91","D19","61","176272.81","161613.14","134032.17"
"91","D19","62","176736.83","162505.89","134115.86"
"91","D19","63","177281.69","163651.56","134085.84"
"91","D19","64","177756.69","164977.02","134187.16"
"91","D19","65","178770.94","166792.1","134229.83"
"91","D19","66","180093.34","168327.22","133962.95"
"91","D19","67","181609.39","170336.48","133843.95"
"91","D19","68","183761.31","173222.69","133931.84"
"91","D19","69","186564.67","176224.14","134082.3"
"91","D19","70","189902.73","180044.5","134053.4"
"91","D19","71","194364.14","184549.84","134021.39"
"91","D19","72","198996.78","189233.6","134205.03"
"91","D19","73","204020.89","194521.11","134164.3"
"91","D19","74","209463.7","199497.02","134083.1"
"91","D19","75","214922.06","204765.88","134070.42"
"91","D19","76","220717.39","210285.53","134326.2"
"91","D19","77","226796.81","215759.6","134452.05"
"91","D19","78","232995.03","220733.66","134487.22"
"91","D19","79","238756.33","226132.55","134441.69"
"91","D19","80","245504.44","231589.66","134473.81"
"91","D19","81","252039.5","236716.06","134382.34"
"91","D19","82","259153.9","241528.06","134307.47"
"91","D19","83","266615.9","247087.11","134416.73"
"91","D19","84","274087.78","251881.5","134433.06"
"91","D19","85","280659.7","256928.23","134552.7"
"91","D19","86","288860.6","261743.25","134570.2"
"91","D19","87","296781.38","266523.25","134622.33"
"91","D19","88","304092.1","271444.78","134639.33"
"91","D19","89","311417.53","276051.03","134587.44"
"91","D19","90","318689.6","279832.66","134562.67"
"92","D20","1","64133.758","52215.367","131561.6"
"92","D20","2","64008.91","52246.254","131356.73"
"92","D20","3","63929.203","52703.355","130994.56"
"92","D20","4","63922.926","53365.99","130932.5"
"92","D20","5","63859.28","53931.54","131083.92"
"92","D20","6","63857.6","54190.242","131106.55"
"92","D20","7","63930.785","54462.664","131023.27"
"92","D20","8","63964.47","54518.473","130873.33"
"92","D20","9","63980.0","54561.535","130850.56"
"92","D20","10","63977.63","54548.223","130940.45"
"92","D20","11","64092.758","54727.133","130757.54"
"92","D20","12","64265.062","54820.617","130789.27"
"92","D20","13","64303.918","54774.14","131159.14"
"92","D20","14","64317.523","54742.824","131280.0"
"92","D20","15","64418.914","54749.105","131218.55"
"92","D20","16","64611.434","55048.043","131108.7"
"92","D20","17","64979.52","55176.02","130906.13"
"92","D20","18","65583.586","55385.473","130919.35"
"92","D20","19","66519.62","55818.33","131275.1"
"92","D20","20","68223.17","56564.39","131363.28"
"92","D20","21","71204.74","57870.312","131258.97"
"92","D20","22","75918.836","60203.375","131205.0"
"92","D20","23","82320.625","64074.95","131317.86"
"92","D20","24","90307.39","70260.77","131399.47"
"92","D20","25","99146.17","78635.69","131435.67"
"92","D20","26","108166.36","88867.55","131701.4"
"92","D20","27","116988.17","99468.484","131800.89"
"92","D20","28","125358.77","109178.98","131891.3"
"92","D20","29","133049.9","116823.8","132149.3"
"92","D20","30","139573.53","122855.3","132289.62"
"92","D20","31","144609.66","127025.43","132240.38"
"92","D20","32","148272.16","130132.5","132297.08"
"92","D20","33","150806.9","131755.56","132245.8"
"92","D20","34","152605.81","133286.25","132339.06"
"92","D20","35","153641.84","135031.83","132471.31"
"92","D20","36","154869.4","136575.97","132620.64"
"92","D20","37","155757.0","137631.75","132456.62"
"92","D20","38","156306.47","138868.55","132331.92"
"92","D20","39","156954.55","140265.47","132416.72"
"92","D20","40","157553.36","141338.78","132495.06"
"92","D20","41","158095.66","142475.45","132630.48"
"92","D20","42","158635.23","143667.62","132579.73"
"92","D20","43","159066.98","144744.95","132579.83"
"92","D20","44","159645.19","145785.03","132604.44"
"92","D20","45","160323.98","146895.16","132689.05"
"92","D20","46","160575.52","147981.61","132609.8"
"92","D20","47","160859.11","148918.22","132585.72"
"92","D20","48","161372.78","149933.38","132458.14"
"92","D20","49","161614.2","150925.62","132374.27"
"92","D20","50","162049.97","151990.06","132500.1"
"92","D20","51","162434.16","152763.89","132512.1"
"92","D20","52","162734.02","153725.98","132500.4"
"92","D20","53","162856.88","154808.62","132472.08"
"92","D20","54","163262.19","155623.47","132481.62"
"92","D20","55","163700.52","156590.36","132401.17"
"92","D20","56","164045.38","157375.98","132467.27"
"92","D20","57","164364.31","158443.56","132555.14"
"92","D20","58","164772.75","159464.42","132486.16"
"92","D20","59","164973.92","160179.98","132559.84"
"92","D20","60","165404.3","161150.97","132671.58"
"92","D20","61","165662.8","162097.23","132604.73"
"92","D20","62","166320.2","163218.27","132505.69"
"92","D20","63","166488.86","164348.88","132581.11"
"92","D20","64","166713.11","165129.31","132521.17"
"92","D20","65","167532.8","166366.61","132389.5"
"92","D20","66","168143.72","167338.02","132342.9"
"92","D20","67","168749.75","168945.2","132386.8"
"92","D20","68","169574.22","170656.0","132449.5"
"92","D20","69","170835.47","172471.0","132478.83"
"92","D20","70","172535.1","175178.06","132707.17"
"92","D20","71","174770.39","178780.0","132659.48"
"92","D20","72","177563.23","182580.77","132639.05"
"92","D20","73","180906.23","187160.58","132618.83"
"92","D20","74","184656.88","191985.33","132542.86"
"92","D20","75","188336.69","197364.6","132512.25"
"92","D20","76","192103.19","202765.03","132822.53"
"92","D20","77","196340.22","207839.3","132872.78"
"92","D20","78","200950.25","212729.1","133123.75"
"92","D20","79","205430.92","217873.4","132987.98"
"92","D20","80","210246.5","222995.61","132817.72"
"92","D20","81","215019.44","228129.8","132839.62"
"92","D20","82","219977.28","233410.23","133122.16"
"92","D20","83","225452.98","238571.08","133341.77"
"92","D20","84","231057.88","243298.53","133297.84"
"92","D20","85","236263.19","247913.89","133188.03"
"92","D20","86","242452.1","252805.47","133136.77"
"92","D20","87","248387.36","257768.66","133443.95"
"92","D20","88","255017.39","262244.4","133390.92"
"92","D20","89","261491.69","266849.53","133370.31"
"92","D20","90","267457.4","270547.06","133539.12"
"93","D21","1","59300.03","60536.05","129578.33"
"93","D21","2","59092.98","60547.78","129280.36"
"93","D21","3","58864.035","60749.062","128926.734"
"93","D21","4","58561.54","61197.234","128851.36"
"93","D21","5","58514.297","61885.62","128836.9"
"93","D21","6","58613.24","61988.19","128780.24"
"93","D21","7","58641.223","61973.84","128805.68"
"93","D21","8","58720.22","62241.867","128966.78"
"93","D21","9","58594.652","62364.844","128970.65"
"93","D21","10","58584.85","62601.48","128948.1"
"93","D21","11","58756.344","62559.418","128897.26"
"93","D21","12","58763.42","62578.027","128870.07"
"93","D21","13","58759.836","62805.84","128897.01"
"93","D21","14","58765.64","62934.254","128880.82"
"93","D21","15","58914.5","62864.406","128850.98"
"93","D21","16","58915.543","63031.87","128902.3"
"93","D21","17","59059.977","63390.56","129115.914"
"93","D21","18","59813.617","63583.23","129058.305"
"93","D21","19","60869.17","63799.754","128984.73"
"93","D21","20","62451.133","64825.188","128937.79"
"93","D21","21","65265.68","66615.08","128941.266"
"93","D21","22","69665.38","69188.64","129089.33"
"93","D21","23","75837.266","73391.38","129077.75"
"93","D21","24","83311.734","79937.02","129078.305"
"93","D21","25","91136.06","88695.14","129216.734"
"93","D21","26","98723.62","99194.19","129285.586"
"93","D21","27","105328.914","110318.27","129460.914"
"93","D21","28","111070.83","119922.09","129697.73"
"93","D21","29","115899.12","128721.55","129964.83"
"93","D21","30","120088.4","135850.47","130012.414"
"93","D21","31","123703.664","141440.98","130010.086"
"93","D21","32","126378.305","145439.11","130165.32"
"93","D21","33","128124.42","148364.25","130058.98"
"93","D21","34","129551.24","150506.16","129990.06"
"93","D21","35","130390.67","152244.6","130175.695"
"93","D21","36","131162.22","153804.34","130174.32"
"93","D21","37","131782.4","155154.58","130141.33"
"93","D21","38","132251.52","156926.61","130033.3"
"93","D21","39","132659.11","158105.69","130006.516"
"93","D21","40","133047.48","159012.67","130185.69"
"93","D21","41","133613.97","160380.08","130166.49"
"93","D21","42","133949.19","161293.92","130262.56"
"93","D21","43","133947.28","162352.22","130343.94"
"93","D21","44","134466.58","163565.88","130280.77"
"93","D21","45","134878.14","164645.44","130201.375"
"93","D21","46","135031.28","165866.78","130305.2"
"93","D21","47","135278.0","166822.4","130309.945"
"93","D21","48","135338.56","168007.89","130301.12"
"93","D21","49","135448.9","168942.3","130195.266"
"93","D21","50","135790.31","169991.72","130097.95"
"93","D21","51","136101.06","171051.2","130157.86"
"93","D21","52","136139.44","172188.47","130187.9"
"93","D21","53","136438.6","172984.42","130205.24"
"93","D21","54","136477.5","173861.7","130180.44"
"93","D21","55","136719.34","174939.1","130153.43"
"93","D21","56","137077.88","176003.16","130127.22"
"93","D21","57","137346.19","176771.62","130064.58"
"93","D21","58","137394.27","177924.73","130143.97"
"93","D21","59","137408.19","178945.83","130089.62"
"93","D21","60","137861.12","179995.03","130085.59"
"93","D21","61","138140.1","180694.45","129991.08"
"93","D21","62","138423.72","181558.77","129919.3"
"93","D21","63","138460.78","182511.7","129881.34"
"93","D21","64","138466.3","183670.44","129867.64"
"93","D21","65","138826.81","184517.25","130128.69"
"93","D21","66","138965.77","185444.42","130161.984"
"93","D21","67","138932.27","186283.52","130164.55"
"93","D21","68","139068.4","187600.31","130061.484"
"93","D21","69","139497.47","188717.6","129961.305"
"93","D21","70","139634.47","190142.14","130001.586"
"93","D21","71","139999.53","192012.47","130029.29"
"93","D21","72","140338.62","194577.12","129952.99"
"93","D21","73","140824.8","197098.75","129932.38"
"93","D21","74","141548.25","200691.08","129910.67"
"93","D21","75","142576.7","205247.7","130107.6"
"93","D21","76","143685.83","210178.42","130102.72"
"93","D21","77","144975.98","216198.14","130224.22"
"93","D21","78","146525.72","222565.25","130318.04"
"93","D21","79","148529.48","228763.14","130253.695"
"93","D21","80","150478.84","234935.44","130196.38"
"93","D21","81","152328.69","241265.42","130388.05"
"93","D21","82","154302.47","247454.66","130416.05"
"93","D21","83","156521.28","253880.97","130488.79"
"93","D21","84","158463.33","260194.33","130686.65"
"93","D21","85","160759.9","266476.94","130874.33"
"93","D21","86","163481.64","273044.6","130906.57"
"93","D21","87","166210.28","279468.78","130802.18"
"93","D21","88","169255.73","286153.22","130813.14"
"93","D21","89","172358.31","292101.5","130946.586"
"93","D21","90","174742.52","297216.7","131107.23"
"94","D22","1","63485.676","61676.84","132070.3"
"94","D22","2","63339.74","61706.58","131806.89"
"94","D22","3","63199.945","62136.82","131294.05"
"94","D22","4","63120.39","62693.2","131168.64"
"94","D22","5","63055.195","63115.55","131169.4"
"94","D22","6","63021.496","63485.945","131268.19"
"94","D22","7","62951.676","63643.223","131488.67"
"94","D22","8","62772.223","63787.938","131428.8"
"94","D22","9","62774.656","64153.02","131138.61"
"94","D22","10","62957.75","64117.53","131094.67"
"94","D22","11","62970.93","64084.62","131234.64"
"94","D22","12","63014.23","64075.242","131368.89"
"94","D22","13","63156.305","64082.895","131374.06"
"94","D22","14","63245.832","64227.62","131453.19"
"94","D22","15","63266.996","64639.793","131501.9"
"94","D22","16","63413.58","64649.68","131498.17"
"94","D22","17","63717.367","64827.484","131448.58"
"94","D22","18","64333.27","65069.586","131429.52"
"94","D22","19","65228.48","65599.71","131432.6"
"94","D22","20","67048.0","66465.414","131602.75"
"94","D22","21","69854.305","67997.75","131595.9"
"94","D22","22","74375.18","70791.51","131618.56"
"94","D22","23","80503.945","75194.08","131678.36"
"94","D22","24","88020.664","81872.875","131652.83"
"94","D22","25","95553.984","91107.74","131736.6"
"94","D22","26","102993.83","102023.836","131895.36"
"94","D22","27","110039.336","113318.984","132207.28"
"94","D22","28","115808.02","123977.6","132395.7"
"94","D22","29","121071.43","133201.22","132379.52"
"94","D22","30","125831.65","140392.45","132550.7"
"94","D22","31","129417.805","145821.95","132673.89"
"94","D22","32","132408.08","149782.05","132585.6"
"94","D22","33","134307.78","152489.95","132519.48"
"94","D22","34","135894.3","154687.2","132687.23"
"94","D22","35","137102.25","156508.48","132828.34"
"94","D22","36","137871.95","157974.77","132970.17"
"94","D22","37","138427.16","159724.34","133038.14"
"94","D22","38","139215.95","161097.64","133012.6"
"94","D22","39","139751.64","162353.97","133032.08"
"94","D22","40","140135.77","163533.17","132729.67"
"94","D22","41","140749.8","164807.06","132633.98"
"94","D22","42","141143.0","166157.14","132912.16"
"94","D22","43","141566.16","167395.3","132906.22"
"94","D22","44","141870.56","168571.9","132952.52"
"94","D22","45","142085.61","169685.36","132880.1"
"94","D22","46","142359.22","170594.55","132885.48"
"94","D22","47","142904.92","171958.83","132823.25"
"94","D22","48","143132.27","173045.61","132932.9"
"94","D22","49","143171.77","174248.8","132961.6"
"94","D22","50","143467.75","175265.47","132914.47"
"94","D22","51","143686.69","176337.38","132982.84"
"94","D22","52","144153.94","177370.72","133011.52"
"94","D22","53","144352.14","178538.05","132915.19"
"94","D22","54","144690.84","179186.12","132810.56"
"94","D22","55","144877.52","180411.84","132873.28"
"94","D22","56","145267.62","181719.17","132855.64"
"94","D22","57","145446.94","182691.16","132786.31"
"94","D22","58","145559.61","183753.1","132706.14"
"94","D22","59","145732.02","184432.02","132827.97"
"94","D22","60","145950.4","185383.16","132865.6"
"94","D22","61","146299.53","186247.08","132802.88"
"94","D22","62","146536.73","187334.42","132942.11"
"94","D22","63","146685.98","188515.73","132982.89"
"94","D22","64","146862.55","189682.8","132866.28"
"94","D22","65","147425.77","190255.02","132798.81"
"94","D22","66","147599.33","191384.22","132842.83"
"94","D22","67","147790.53","192588.55","133003.39"
"94","D22","68","148153.89","193969.86","133032.56"
"94","D22","69","148599.61","195295.56","132911.27"
"94","D22","70","149068.7","196918.84","132835.36"
"94","D22","71","149427.9","199231.69","132858.53"
"94","D22","72","149997.05","202108.88","133042.9"
"94","D22","73","151111.55","205684.44","133202.3"
"94","D22","74","152500.38","209913.78","132984.45"
"94","D22","75","154001.39","215313.81","132861.88"
"94","D22","76","156182.62","221024.39","133033.61"
"94","D22","77","158306.53","227197.84","133187.62"
"94","D22","78","160569.6","233453.45","133452.08"
"94","D22","79","162961.25","240092.7","133422.55"
"94","D22","80","165688.4","246209.05","133327.31"
"94","D22","81","168520.0","252427.55","133493.97"
"94","D22","82","171365.53","258931.78","133648.2"
"94","D22","83","174105.42","265326.28","133856.69"
"94","D22","84","177190.06","271711.2","133664.7"
"94","D22","85","180355.16","278565.38","133567.61"
"94","D22","86","183870.84","284856.34","133903.52"
"94","D22","87","187724.47","291088.47","134000.75"
"94","D22","88","191529.52","297568.4","133936.56"
"94","D22","89","195408.17","303436.8","134135.47"
"94","D22","90","199307.73","308994.53","134066.3"
"95","D23","1","66074.46","65283.45","129972.95"
"95","D23","2","66026.23","65384.95","129681.11"
"95","D23","3","65844.984","65707.61","129491.13"
"95","D23","4","65665.71","66440.23","129491.38"
"95","D23","5","65551.88","66804.69","129486.375"
"95","D23","6","65384.8","66868.21","129216.83"
"95","D23","7","65395.492","67324.27","129175.61"
"95","D23","8","65610.39","67554.11","129299.04"
"95","D23","9","65684.79","67667.74","129301.84"
"95","D23","10","65686.34","67867.97","129264.16"
"95","D23","11","65647.68","68287.32","129282.84"
"95","D23","12","65614.164","68264.1","129431.73"
"95","D23","13","65712.26","68261.03","129443.67"
"95","D23","14","65958.26","68172.67","129402.89"
"95","D23","15","65999.94","68304.67","129447.48"
"95","D23","16","66246.23","68431.43","129550.49"
"95","D23","17","66718.61","68578.62","129413.75"
"95","D23","18","67330.125","68906.336","129345.76"
"95","D23","19","68193.23","69595.12","129433.45"
"95","D23","20","69943.02","70616.44","129661.195"
"95","D23","21","72918.64","72682.05","129581.25"
"95","D23","22","77305.27","76225.234","129524.016"
"95","D23","23","83524.94","81604.18","129646.22"
"95","D23","24","90810.92","89313.195","129796.586"
"95","D23","25","98084.98","99347.75","129827.36"
"95","D23","26","104773.63","110725.73","130040.73"
"95","D23","27","110241.04","121979.54","130110.99"
"95","D23","28","114954.484","131953.4","130421.04"
"95","D23","29","118646.484","140906.47","130500.76"
"95","D23","30","121816.47","147915.36","130820.29"
"95","D23","31","123767.38","153442.39","130844.85"
"95","D23","32","125538.03","157636.83","130791.016"
"95","D23","33","126800.69","161145.16","131011.75"
"95","D23","34","127597.37","163511.39","131081.27"
"95","D23","35","128276.59","165597.16","131131.77"
"95","D23","36","128978.734","167572.94","131246.4"
"95","D23","37","129558.21","169087.7","131283.08"
"95","D23","38","129864.76","170713.73","131232.5"
"95","D23","39","130162.03","172039.66","131366.11"
"95","D23","40","130582.305","173020.53","131096.28"
"95","D23","41","130750.016","174187.5","130969.85"
"95","D23","42","131014.76","175836.64","131209.9"
"95","D23","43","131163.56","176954.6","131402.44"
"95","D23","44","131299.27","178233.23","131530.19"
"95","D23","45","131603.03","179681.36","131507.95"
"95","D23","46","131965.8","180764.12","131374.44"
"95","D23","47","131979.14","182313.05","131299.22"
"95","D23","48","132024.89","183417.72","131183.6"
"95","D23","49","132240.88","184539.17","131226.4"
"95","D23","50","132392.69","185643.31","131356.0"
"95","D23","51","132586.44","186806.48","131191.81"
"95","D23","52","132759.66","188079.06","131087.81"
"95","D23","53","133214.69","188834.69","131310.19"
"95","D23","54","133290.05","189699.9","131460.6"
"95","D23","55","133288.95","191194.89","131411.34"
"95","D23","56","133536.11","192062.98","131352.97"
"95","D23","57","133856.08","192872.92","131283.88"
"95","D23","58","133634.3","193929.27","131256.58"
"95","D23","59","133547.34","194757.05","131212.78"
"95","D23","60","133995.44","195942.38","131326.61"
"95","D23","61","134218.97","197124.78","131470.66"
"95","D23","62","134198.83","198555.7","131381.34"
"95","D23","63","134427.12","199400.62","131234.72"
"95","D23","64","134646.47","200395.33","131279.17"
"95","D23","65","134717.62","201346.97","131601.73"
"95","D23","66","134848.6","202310.47","131682.97"
"95","D23","67","135020.62","203354.0","131732.88"
"95","D23","68","135169.75","204275.4","131722.72"
"95","D23","69","135284.8","205114.19","131570.77"
"95","D23","70","135447.55","206157.58","131340.81"
"95","D23","71","135488.86","207422.16","131258.03"
"95","D23","72","135669.9","208816.03","131565.2"
"95","D23","73","135893.25","209121.17","131617.38"
"95","D23","74","136000.03","210806.02","131265.39"
"95","D23","75","135950.39","212748.86","131130.03"
"95","D23","76","135991.23","214680.95","131413.83"
"95","D23","77","136097.08","217479.9","131673.44"
"95","D23","78","136256.44","220986.08","131635.08"
"95","D23","79","136289.3","225740.98","131543.27"
"95","D23","80","136551.61","231002.17","131710.3"
"95","D23","81","136931.6","236762.2","131880.38"
"95","D23","82","137080.34","242940.89","132054.55"
"95","D23","83","137106.44","249905.61","131997.47"
"95","D23","84","137428.3","257109.75","131953.4"
"95","D23","85","137969.81","264102.66","132021.05"
"95","D23","86","138599.81","271658.47","132134.31"
"95","D23","87","139092.02","278629.94","132292.67"
"95","D23","88","139465.48","285858.9","132512.97"
"95","D23","89","139848.3","292679.78","132628.44"
"95","D23","90","140489.83","298788.5","132915.72"
"96","D24","1","64023.41","64220.95","121129.73"
"96","D24","2","63958.938","64239.953","120872.2"
"96","D24","3","63635.89","64533.98","120503.2"
"96","D24","4","63537.492","64987.637","120406.85"
"96","D24","5","63577.117","65425.574","120467.63"
"96","D24","6","63562.297","65685.79","120488.28"
"96","D24","7","63582.234","65968.69","120398.17"
"96","D24","8","63575.754","66536.445","120349.85"
"96","D24","9","63491.023","66639.38","120421.86"
"96","D24","10","63449.812","66614.98","120417.42"
"96","D24","11","63449.594","66666.69","120355.41"
"96","D24","12","63328.746","66739.125","120361.13"
"96","D24","13","63331.32","66899.66","120568.89"
"96","D24","14","63523.047","66834.56","120698.78"
"96","D24","15","63728.336","66819.65","120674.47"
"96","D24","16","63838.8","66722.27","120610.555"
"96","D24","17","64177.637","66884.69","120499.97"
"96","D24","18","64684.82","67383.45","120318.63"
"96","D24","19","65458.867","67938.555","120197.67"
"96","D24","20","67059.72","68824.0","120023.57"
"96","D24","21","70040.67","70123.02","120081.41"
"96","D24","22","74301.82","72467.33","120473.36"
"96","D24","23","80169.28","76953.15","120499.42"
"96","D24","24","87389.43","83265.0","120465.32"
"96","D24","25","95135.39","91825.74","120641.414"
"96","D24","26","102387.305","101736.13","120871.23"
"96","D24","27","108603.79","112290.086","120999.125"
"96","D24","28","113789.445","122212.29","120959.21"
"96","D24","29","118122.59","130773.38","120970.734"
"96","D24","30","121567.76","137877.39","121169.234"
"96","D24","31","123987.48","143396.81","121144.69"
"96","D24","32","125824.93","147213.44","121168.89"
"96","D24","33","127167.375","150368.89","121194.61"
"96","D24","34","127785.16","153006.81","121173.664"
"96","D24","35","128594.92","154998.56","121365.36"
"96","D24","36","129039.63","156797.58","121395.79"
"96","D24","37","129279.82","158233.86","121634.266"
"96","D24","38","129710.61","159666.42","121651.85"
"96","D24","39","130088.76","161100.16","121669.14"
"96","D24","40","130434.266","162226.38","121552.26"
"96","D24","41","130824.15","163339.83","121412.03"
"96","D24","42","130965.83","164566.23","121391.12"
"96","D24","43","131291.05","165563.34","121589.62"
"96","D24","44","131348.48","166930.17","121554.734"
"96","D24","45","131242.48","168040.4","121471.734"
"96","D24","46","131276.81","169073.56","121615.94"
"96","D24","47","131488.9","170290.84","121725.84"
"96","D24","48","131680.08","171325.11","121559.12"
"96","D24","49","132100.81","172280.6","121394.57"
"96","D24","50","132216.61","173173.84","121287.12"
"96","D24","51","132218.58","174149.25","121294.85"
"96","D24","52","132194.9","175036.95","121315.42"
"96","D24","53","132474.52","176096.03","121241.76"
"96","D24","54","132554.5","177073.17","121272.71"
"96","D24","55","132423.4","178185.05","121544.19"
"96","D24","56","132558.67","179145.94","121560.734"
"96","D24","57","132851.33","180089.52","121503.984"
"96","D24","58","132951.17","181020.28","121395.9"
"96","D24","59","133034.53","181930.83","121350.27"
"96","D24","60","133072.4","182653.83","121308.56"
"96","D24","61","133201.6","183989.89","121249.25"
"96","D24","62","133175.05","184590.45","121166.625"
"96","D24","63","133135.48","185310.72","121238.086"
"96","D24","64","133466.3","186525.14","121362.27"
"96","D24","65","133437.14","187195.73","121290.06"
"96","D24","66","133531.28","188097.67","121167.68"
"96","D24","67","133535.83","189238.8","121160.375"
"96","D24","68","133492.98","190112.39","121343.484"
"96","D24","69","133631.25","191257.61","121219.08"
"96","D24","70","133704.12","192004.03","121150.3"
"96","D24","71","133939.67","192354.34","121343.95"
"96","D24","72","134043.78","193580.42","121311.78"
"96","D24","73","134009.27","194449.47","121293.414"
"96","D24","74","134024.2","195391.12","121212.805"
"96","D24","75","134167.88","196259.39","121142.78"
"96","D24","76","134238.62","197338.83","121238.83"
"96","D24","77","134357.06","198505.73","121206.85"
"96","D24","78","134524.22","199353.23","121313.63"
"96","D24","79","134464.58","200219.58","121410.29"
"96","D24","80","134454.98","201417.84","121250.99"
"96","D24","81","134691.64","202953.75","121124.08"
"96","D24","82","134549.83","204996.58","121139.195"
"96","D24","83","134486.48","207608.75","121242.1"
"96","D24","84","134645.78","209908.8","121261.75"
"96","D24","85","134730.8","213433.42","121233.11"
"96","D24","86","134508.3","218169.61","121416.766"
"96","D24","87","134388.52","223576.06","121331.92"
"96","D24","88","134245.02","229374.44","121267.734"
"96","D24","89","134221.58","235508.84","121478.07"
"96","D24","90","134219.69","241495.53","121522.86"
"97","E1","1","61026.62","55744.625","131819.06"
"97","E1","2","60669.984","55750.414","131422.7"
"97","E1","3","60380.74","55860.645","130736.04"
"97","E1","4","60237.098","56039.754","130381.41"
"97","E1","5","60168.637","56157.22","130055.28"
"97","E1","6","60117.21","56254.344","129784.36"
"97","E1","7","60131.188","56419.805","129786.05"
"97","E1","8","60328.297","56488.51","130024.93"
"97","E1","9","60823.97","56700.266","130106.65"
"97","E1","10","61715.57","57021.223","130053.84"
"97","E1","11","63643.32","57260.31","129923.484"
"97","E1","12","66671.27","57569.094","129901.36"
"97","E1","13","71823.43","58048.516","130039.43"
"97","E1","14","80006.94","58995.98","130053.3"
"97","E1","15","91708.0","60287.8","130035.62"
"97","E1","16","106924.555","62708.523","130129.94"
"97","E1","17","124937.59","66218.836","130109.56"
"97","E1","18","144835.33","70740.734","130147.914"
"97","E1","19","164901.92","76468.18","130311.016"
"97","E1","20","183438.4","82753.96","130307.67"
"97","E1","21","199290.16","88304.53","130406.91"
"97","E1","22","211489.5","93269.56","130611.266"
"97","E1","23","221282.69","97383.86","130602.86"
"97","E1","24","228964.53","100620.72","130669.375"
"97","E1","25","235200.84","103018.17","130750.7"
"97","E1","26","239539.5","105015.12","130788.0"
"97","E1","27","243331.22","106662.125","130757.33"
"97","E1","28","246527.39","108005.95","130676.17"
"97","E1","29","248614.44","109388.19","130727.55"
"97","E1","30","250877.64","110473.664","130929.79"
"97","E1","31","252036.6","111757.8","130931.72"
"97","E1","32","253416.06","112878.4","130976.21"
"97","E1","33","254605.81","114010.65","130899.914"
"97","E1","34","255432.27","115023.8","130839.08"
"97","E1","35","256218.86","115708.31","130776.26"
"97","E1","36","257098.67","116619.766","130727.414"
"97","E1","37","257522.36","117598.0","130666.586"
"97","E1","38","258481.44","118436.17","130722.06"
"97","E1","39","259105.22","119492.6","130731.51"
"97","E1","40","259813.05","120319.016","130966.27"
"97","E1","41","260710.73","120970.52","131016.72"
"97","E1","42","261299.34","121940.47","130927.12"
"97","E1","43","261446.98","122848.81","130923.57"
"97","E1","44","262018.75","123565.8","131004.836"
"97","E1","45","262909.6","124324.195","130985.78"
"97","E1","46","263178.6","125097.65","130920.21"
"97","E1","47","264094.94","125764.086","131004.29"
"97","E1","48","264085.8","126861.85","130972.414"
"97","E1","49","264690.97","127580.414","130919.43"
"97","E1","50","265014.7","128440.516","130920.79"
"97","E1","51","265582.84","129254.19","130874.58"
"97","E1","52","266033.62","130251.09","131004.97"
"97","E1","53","267133.97","131087.02","131091.92"
"97","E1","54","268405.38","131929.78","131050.23"
"97","E1","55","269643.6","133105.95","131032.984"
"97","E1","56","270616.34","134551.95","131012.16"
"97","E1","57","272499.38","136048.3","131060.97"
"97","E1","58","274769.0","137874.38","131010.59"
"97","E1","59","277666.1","139969.28","131038.445"
"97","E1","60","280525.47","142929.11","131078.39"
"97","E1","61","283880.84","145881.17","131127.72"
"97","E1","62","288563.6","148883.27","131099.11"
"97","E1","63","293670.88","152440.92","131253.89"
"97","E1","64","299286.3","156542.8","131195.64"
"97","E1","65","304868.0","160662.86","131143.06"
"97","E1","66","311367.22","165164.42","131209.42"
"97","E1","67","318184.1","169843.97","131478.72"
"97","E1","68","324840.4","174052.25","131487.23"
"97","E1","69","331615.66","179252.44","131641.12"
"97","E1","70","338243.62","184464.89","131667.47"
"97","E1","71","344345.84","189559.22","131638.9"
"97","E1","72","350727.53","194850.44","131747.56"
"97","E1","73","358069.16","199965.06","131866.17"
"97","E1","74","364611.38","205406.58","131901.05"
"97","E1","75","371369.38","210693.16","131824.23"
"97","E1","76","377981.8","216000.12","131974.14"
"97","E1","77","384021.84","221540.47","132188.69"
"97","E1","78","390417.3","227287.34","132228.75"
"97","E1","79","396691.72","232802.22","132329.64"
"97","E1","80","402494.9","238574.78","132432.58"
"97","E1","81","408148.78","243798.19","132456.0"
"97","E1","82","413808.28","249264.56","132508.89"
"97","E1","83","418782.0","254884.31","132578.16"
"97","E1","84","424625.25","260138.36","132636.33"
"97","E1","85","430344.66","265621.2","132703.64"
"97","E1","86","434641.75","270624.97","132663.6"
"97","E1","87","439125.97","275537.97","132645.33"
"97","E1","88","442889.44","280262.3","132478.0"
"97","E1","89","445977.16","284903.0","132318.34"
"97","E1","90","448996.66","288163.88","132328.81"
"98","E2","1","60005.652","54048.04","129331.6"
"98","E2","2","59838.598","54068.418","129009.08"
"98","E2","3","59542.35","54301.55","128584.24"
"98","E2","4","59440.887","54404.57","128186.37"
"98","E2","5","59372.87","54575.36","128020.41"
"98","E2","6","59195.06","54776.832","127900.75"
"98","E2","7","59184.645","54852.76","127841.445"
"98","E2","8","59427.594","55140.723","127868.36"
"98","E2","9","59971.2","55250.867","127862.99"
"98","E2","10","60746.504","55310.44","127818.47"
"98","E2","11","62386.848","55669.28","127802.664"
"98","E2","12","65275.89","55877.105","127755.516"
"98","E2","13","70422.734","56523.4","127682.07"
"98","E2","14","78239.914","57332.6","127558.586"
"98","E2","15","88817.195","58943.094","127562.22"
"98","E2","16","102439.33","61309.98","127708.98"
"98","E2","17","118080.984","64772.652","127813.68"
"98","E2","18","134469.38","69844.53","127963.26"
"98","E2","19","151806.4","76504.09","127952.88"
"98","E2","20","169173.0","83627.12","127957.59"
"98","E2","21","184749.16","90596.055","127979.484"
"98","E2","22","197730.34","96887.88","128092.02"
"98","E2","23","207699.34","101794.164","128086.33"
"98","E2","24","214747.69","105469.43","128057.44"
"98","E2","25","220544.7","108038.19","128018.15"
"98","E2","26","225039.92","110139.59","128090.64"
"98","E2","27","228658.11","111671.336","128152.4"
"98","E2","28","231235.69","113067.87","128212.13"
"98","E2","29","233288.72","114615.125","128245.445"
"98","E2","30","235451.66","115791.06","128231.01"
"98","E2","31","236976.17","116747.33","128327.88"
"98","E2","32","237947.92","117936.234","128271.45"
"98","E2","33","238789.28","119005.6","128166.67"
"98","E2","34","239686.28","120061.54","128124.25"
"98","E2","35","240435.03","121229.91","128269.8"
"98","E2","36","241258.3","122196.05","128319.555"
"98","E2","37","241471.83","123085.664","128220.28"
"98","E2","38","242456.47","123875.445","128084.36"
"98","E2","39","243380.16","124998.195","128079.18"
"98","E2","40","243689.95","125817.01","128312.03"
"98","E2","41","244244.44","126464.414","128109.32"
"98","E2","42","245115.14","127449.37","128060.05"
"98","E2","43","245616.03","128357.98","128337.195"
"98","E2","44","246057.56","128972.25","128374.055"
"98","E2","45","245874.72","129900.82","128291.32"
"98","E2","46","246179.42","130707.35","128284.7"
"98","E2","47","246610.83","131719.23","128387.445"
"98","E2","48","246916.44","132831.48","128332.49"
"98","E2","49","247744.02","133422.92","128254.44"
"98","E2","50","248040.86","134073.52","128193.914"
"98","E2","51","248580.86","134670.75","128270.74"
"98","E2","52","248841.75","135358.12","128371.25"
"98","E2","53","249479.33","136107.3","128330.695"
"98","E2","54","249442.9","136853.48","128213.55"
"98","E2","55","250363.5","137560.48","128138.01"
"98","E2","56","250877.64","138363.11","128142.66"
"98","E2","57","250922.1","139023.47","128033.79"
"98","E2","58","251600.55","139833.95","127984.734"
"98","E2","59","252272.78","140886.67","128138.24"
"98","E2","60","252974.38","141598.34","128282.06"
"98","E2","61","253582.66","142716.16","128132.95"
"98","E2","62","254824.39","144031.39","128057.97"
"98","E2","63","256874.1","145641.64","128136.84"
"98","E2","64","258409.08","147699.33","128104.75"
"98","E2","65","260508.45","150250.23","128091.875"
"98","E2","66","263809.03","153385.44","128078.28"
"98","E2","67","268003.9","157215.81","128226.75"
"98","E2","68","273542.4","161665.9","128261.9"
"98","E2","69","279174.38","166878.8","128212.01"
"98","E2","70","284786.75","172284.81","128274.586"
"98","E2","71","290907.75","177603.08","128382.02"
"98","E2","72","296624.7","183680.38","128385.125"
"98","E2","73","302760.75","190002.56","128524.3"
"98","E2","74","310018.16","195699.66","128512.86"
"98","E2","75","316839.78","201523.86","128468.67"
"98","E2","76","322941.44","207695.78","128611.86"
"98","E2","77","329289.6","213691.97","128588.81"
"98","E2","78","336091.47","219657.73","128481.23"
"98","E2","79","342569.8","225441.03","128467.65"
"98","E2","80","348703.53","231561.61","128778.766"
"98","E2","81","354846.6","237571.52","128869.83"
"98","E2","82","360618.06","243944.47","128953.38"
"98","E2","83","366341.8","250064.8","128845.37"
"98","E2","84","372403.16","255383.9","128775.79"
"98","E2","85","377842.03","261270.44","128955.055"
"98","E2","86","383758.88","267076.56","129000.63"
"98","E2","87","389576.53","272600.62","128988.625"
"98","E2","88","394826.28","277882.9","128920.93"
"98","E2","89","400120.5","283375.44","128994.37"
"98","E2","90","404966.9","287709.7","128975.49"
"99","E3","1","63909.332","56995.41","135001.8"
"99","E3","2","63626.86","57017.863","134646.8"
"99","E3","3","63141.594","57318.375","133845.05"
"99","E3","4","62956.812","57610.895","133580.14"
"99","E3","5","62936.305","57802.492","133370.31"
"99","E3","6","62991.42","57980.77","133315.98"
"99","E3","7","63126.824","58283.18","133402.7"
"99","E3","8","63282.18","58333.957","133399.08"
"99","E3","9","63645.246","58307.484","133386.8"
"99","E3","10","64392.934","58621.83","133176.0"
"99","E3","11","65988.26","58969.477","133150.66"
"99","E3","12","69134.336","59214.21","133307.4"
"99","E3","13","74292.38","59784.527","133456.52"
"99","E3","14","82121.16","60602.312","133526.38"
"99","E3","15","92493.805","62060.31","133500.19"
"99","E3","16","105205.83","64282.42","133450.47"
"99","E3","17","119387.67","67925.64","133446.39"
"99","E3","18","133700.58","73638.93","133443.28"
"99","E3","19","148004.06","81079.836","133588.44"
"99","E3","20","162606.0","89946.81","133661.69"
"99","E3","21","176807.45","99131.61","133677.16"
"99","E3","22","189891.81","107295.625","133565.8"
"99","E3","23","200879.17","114147.4","133580.12"
"99","E3","24","209377.03","119452.03","133949.5"
"99","E3","25","216007.42","122910.67","134067.62"
"99","E3","26","221019.22","125668.05","133992.03"
"99","E3","27","224198.92","127482.9","133947.1"
"99","E3","28","227197.2","129154.54","133952.67"
"99","E3","29","229593.89","130995.516","133927.83"
"99","E3","30","231276.8","132292.47","134072.73"
"99","E3","31","232439.75","133549.92","134129.73"
"99","E3","32","233740.02","134758.42","134197.19"
"99","E3","33","234804.33","135758.38","134170.14"
"99","E3","34","235452.64","137028.06","134270.1"
"99","E3","35","236139.0","138213.47","134255.45"
"99","E3","36","236875.05","139273.89","134370.61"
"99","E3","37","238258.25","140202.0","134319.08"
"99","E3","38","238513.98","141269.55","134193.23"
"99","E3","39","238968.58","142201.47","134052.5"
"99","E3","40","238909.5","143276.75","133880.77"
"99","E3","41","239533.23","144111.69","133849.45"
"99","E3","42","240311.7","144861.1","134107.9"
"99","E3","43","240632.42","146011.47","134129.83"
"99","E3","44","241373.5","146866.47","134084.58"
"99","E3","45","241702.7","147740.02","134235.11"
"99","E3","46","242163.64","148549.55","134255.27"
"99","E3","47","242558.25","149337.12","134189.7"
"99","E3","48","242831.12","150071.8","134244.1"
"99","E3","49","242974.42","150804.75","134220.81"
"99","E3","50","243686.12","151363.53","134190.02"
"99","E3","51","243879.61","152130.56","134282.42"
"99","E3","52","244556.88","153439.61","134205.69"
"99","E3","53","244856.98","154193.64","134126.22"
"99","E3","54","245469.3","155003.69","134216.19"
"99","E3","55","245867.19","155779.28","134248.5"
"99","E3","56","245668.0","156428.22","134131.48"
"99","E3","57","245884.11","157063.95","134038.67"
"99","E3","58","246335.34","158048.31","134052.53"
"99","E3","59","247152.08","159033.08","134001.08"
"99","E3","60","247656.92","160043.2","134066.77"
"99","E3","61","248441.92","160979.28","134186.12"
"99","E3","62","249377.34","162213.38","134132.56"
"99","E3","63","250292.4","163422.75","134061.78"
"99","E3","64","251595.33","165043.75","134124.0"
"99","E3","65","253548.81","167362.3","134093.88"
"99","E3","66","256090.02","169948.4","134171.73"
"99","E3","67","258862.62","173229.55","134145.56"
"99","E3","68","262654.84","177161.83","134081.02"
"99","E3","69","266858.72","182015.67","134170.47"
"99","E3","70","271392.78","187453.7","134257.69"
"99","E3","71","277108.7","193161.27","134337.69"
"99","E3","72","282674.6","199895.27","134300.62"
"99","E3","73","287472.53","206765.34","134364.14"
"99","E3","74","292962.97","213743.12","134421.98"
"99","E3","75","298197.38","220449.55","134418.44"
"99","E3","76","303311.84","227363.1","134510.34"
"99","E3","77","308676.44","234296.75","134460.5"
"99","E3","78","314396.44","240991.73","134374.02"
"99","E3","79","319820.38","247874.02","134460.47"
"99","E3","80","324670.75","254391.17","134591.88"
"99","E3","81","329965.62","261162.39","134687.53"
"99","E3","82","335871.7","267889.34","134891.17"
"99","E3","83","340793.7","274374.03","134890.97"
"99","E3","84","345326.38","280763.47","134912.38"
"99","E3","85","350735.0","286728.0","134840.45"
"99","E3","86","356007.53","292742.03","134872.97"
"99","E3","87","360760.56","298444.8","134803.62"
"99","E3","88","366371.97","304018.25","134855.08"
"99","E3","89","371285.97","309295.53","134872.45"
"99","E3","90","375039.78","313847.16","134768.3"
"100","E4","1","62749.75","59558.19","137017.84"
"100","E4","2","62605.21","59593.03","136875.81"
"100","E4","3","62471.125","59992.42","136219.84"
"100","E4","4","62343.098","60271.207","136107.77"
"100","E4","5","62330.68","60764.906","136383.95"
"100","E4","6","62403.035","60937.957","136312.27"
"100","E4","7","62393.414","60944.12","136142.75"
"100","E4","8","62438.77","61042.52","136059.83"
"100","E4","9","62896.797","61192.844","135983.88"
"100","E4","10","63976.082","61192.52","135830.67"
"100","E4","11","65790.84","61483.09","135850.8"
"100","E4","12","68713.12","61907.66","136076.48"
"100","E4","13","73800.85","62430.598","136085.2"
"100","E4","14","81443.09","63310.59","136059.36"
"100","E4","15","91738.375","64765.17","136027.02"
"100","E4","16","104539.11","67242.266","135851.83"
"100","E4","17","118214.85","71195.56","135807.08"
"100","E4","18","131677.55","76921.28","135847.58"
"100","E4","19","144521.48","84754.03","135930.19"
"100","E4","20","156816.67","94335.6","136031.61"
"100","E4","21","168776.94","104913.08","136199.7"
"100","E4","22","180191.66","115276.52","136351.27"
"100","E4","23","190207.31","123947.24","136407.4"
"100","E4","24","198640.5","130498.27","136707.64"
"100","E4","25","205558.14","135108.97","136686.27"
"100","E4","26","210517.77","138629.31","136591.05"
"100","E4","27","214176.89","141042.44","136594.05"
"100","E4","28","216891.75","142887.94","136648.86"
"100","E4","29","219201.16","144548.94","136622.11"
"100","E4","30","220868.36","146096.14","136689.44"
"100","E4","31","222147.73","147404.42","136555.56"
"100","E4","32","222722.2","148795.23","136475.22"
"100","E4","33","224274.03","150007.62","136560.38"
"100","E4","34","225300.52","151260.7","136586.83"
"100","E4","35","225470.61","152691.6","136570.33"
"100","E4","36","226395.02","153725.2","136754.58"
"100","E4","37","227223.5","154711.0","136786.2"
"100","E4","38","227234.81","155700.55","136694.3"
"100","E4","39","227865.62","156746.4","136625.5"
"100","E4","40","228070.31","157715.77","136712.86"
"100","E4","41","228997.08","158669.06","136765.23"
"100","E4","42","229625.56","159380.08","136776.12"
"100","E4","43","230011.69","160514.56","136746.25"
"100","E4","44","230337.86","161572.36","136697.77"
"100","E4","45","230941.06","162448.72","136794.47"
"100","E4","46","231303.06","163466.97","136795.9"
"100","E4","47","231995.28","164328.81","136905.28"
"100","E4","48","232106.94","165090.62","136836.92"
"100","E4","49","231693.19","166180.34","136722.27"
"100","E4","50","232350.25","166709.33","136647.22"
"100","E4","51","232873.66","167528.45","136708.34"
"100","E4","52","232990.22","168529.06","136708.02"
"100","E4","53","233741.16","169235.02","136657.83"
"100","E4","54","234372.36","170054.25","136751.86"
"100","E4","55","234862.05","170875.47","136795.17"
"100","E4","56","235072.95","171912.33","136797.44"
"100","E4","57","234846.27","172603.14","136792.44"
"100","E4","58","235094.4","173395.3","136759.8"
"100","E4","59","235546.38","174164.86","136867.17"
"100","E4","60","236211.7","175163.6","136755.11"
"100","E4","61","236275.42","176121.11","136681.62"
"100","E4","62","236906.08","176822.08","136827.22"
"100","E4","63","237841.53","177894.28","136911.95"
"100","E4","64","238355.0","178998.58","136854.4"
"100","E4","65","238668.66","180529.94","136849.58"
"100","E4","66","239634.38","182157.56","136820.47"
"100","E4","67","241547.06","184161.8","136770.61"
"100","E4","68","244005.8","186763.27","136880.92"
"100","E4","69","246236.34","189987.64","136984.94"
"100","E4","70","248691.78","194006.56","137031.48"
"100","E4","71","252475.3","198607.33","136988.4"
"100","E4","72","256773.22","204275.61","137066.58"
"100","E4","73","260954.25","210719.2","137138.88"
"100","E4","74","265425.88","217732.38","137230.25"
"100","E4","75","270246.16","225211.22","137161.94"
"100","E4","76","274823.97","232747.1","137157.34"
"100","E4","77","279306.34","240209.52","137555.16"
"100","E4","78","283754.88","247755.05","137646.05"
"100","E4","79","288054.4","255133.17","137747.45"
"100","E4","80","291701.84","262406.06","137756.62"
"100","E4","81","296168.56","269627.56","137771.95"
"100","E4","82","300838.6","276826.06","137715.88"
"100","E4","83","304678.7","284299.56","137912.66"
"100","E4","84","309610.75","291086.66","138084.11"
"100","E4","85","314343.72","297386.47","138018.75"
"100","E4","86","317681.0","303593.2","138041.81"
"100","E4","87","321582.28","310042.88","137988.97"
"100","E4","88","325986.8","316101.56","138179.89"
"100","E4","89","330174.72","321807.8","138306.36"
"100","E4","90","333608.34","326349.0","138288.78"
"101","E5","1","57897.08","58798.246","130797.125"
"101","E5","2","57820.62","58815.85","130556.45"
"101","E5","3","57680.152","59114.758","130255.984"
"101","E5","4","57513.77","59568.03","130063.48"
"101","E5","5","57321.477","59732.363","129862.77"
"101","E5","6","57331.035","59937.754","129733.92"
"101","E5","7","57558.906","59975.312","129575.45"
"101","E5","8","57756.277","60151.6","129542.56"
"101","E5","9","58289.84","60245.64","129684.47"
"101","E5","10","59232.273","60245.41","129724.195"
"101","E5","11","60721.434","60545.004","129637.62"
"101","E5","12","63594.22","60804.906","129381.77"
"101","E5","13","68371.87","61621.082","129377.62"
"101","E5","14","75588.51","62422.094","129623.75"
"101","E5","15","85537.11","63902.734","129698.305"
"101","E5","16","97914.39","65902.36","129677.98"
"101","E5","17","110856.734","69665.1","129638.09"
"101","E5","18","123337.664","75339.87","129654.96"
"101","E5","19","134733.75","83221.59","129664.43"
"101","E5","20","145016.5","93127.65","129874.69"
"101","E5","21","154461.4","103987.7","130089.29"
"101","E5","22","163083.27","114639.375","130171.62"
"101","E5","23","170682.47","124501.35","130164.46"
"101","E5","24","177475.62","132578.03","130352.125"
"101","E5","25","182802.45","138447.14","130466.68"
"101","E5","26","187299.17","142903.47","130606.28"
"101","E5","27","190918.92","145975.77","130649.69"
"101","E5","28","193432.81","148321.34","130722.12"
"101","E5","29","195337.53","150309.25","130673.35"
"101","E5","30","196905.52","151990.38","130754.8"
"101","E5","31","198021.5","153317.64","130822.09"
"101","E5","32","199047.28","154497.98","130832.96"
"101","E5","33","199688.53","155872.16","130831.82"
"101","E5","34","200488.33","157481.73","130823.8"
"101","E5","35","200862.94","158745.19","130824.375"
"101","E5","36","201419.33","159637.12","130794.54"
"101","E5","37","202240.22","160626.88","130794.28"
"101","E5","38","202600.16","161391.2","130885.92"
"101","E5","39","202957.62","162588.1","131053.43"
"101","E5","40","203407.36","163669.95","130924.07"
"101","E5","41","203787.55","164579.06","130840.555"
"101","E5","42","204145.81","165433.64","131031.9"
"101","E5","43","204465.77","166480.17","131035.72"
"101","E5","44","204924.39","167305.33","130942.32"
"101","E5","45","204866.61","168428.75","130861.12"
"101","E5","46","205173.02","169206.52","130971.69"
"101","E5","47","205652.02","170075.11","130953.484"
"101","E5","48","205961.81","170884.17","130888.164"
"101","E5","49","206153.5","171777.7","130801.09"
"101","E5","50","206442.1","172709.81","130782.77"
"101","E5","51","206675.84","173339.16","131112.62"
"101","E5","52","206764.72","174209.25","131119.7"
"101","E5","53","206793.22","174972.8","131079.7"
"101","E5","54","207249.17","175855.47","130932.52"
"101","E5","55","207679.25","176938.23","130715.99"
"101","E5","56","207950.73","177864.77","130615.44"
"101","E5","57","208108.16","178279.17","130715.26"
"101","E5","58","208038.25","179140.69","130741.65"
"101","E5","59","208431.61","179865.12","130957.73"
"101","E5","60","208625.5","180854.69","130922.4"
"101","E5","61","208914.28","181777.78","130937.336"
"101","E5","62","208928.25","182348.42","130994.8"
"101","E5","63","209362.47","183257.89","130910.34"
"101","E5","64","209548.17","184181.84","130878.2"
"101","E5","65","209678.14","185151.33","130817.83"
"101","E5","66","209875.08","185849.97","130763.766"
"101","E5","67","210232.22","186847.81","130690.164"
"101","E5","68","210529.44","187939.1","130753.25"
"101","E5","69","210926.34","189335.39","130694.516"
"101","E5","70","211497.7","190721.08","130694.22"
"101","E5","71","212126.94","192036.64","130667.18"
"101","E5","72","212949.77","193870.19","130847.27"
"101","E5","73","213872.25","196380.95","130810.45"
"101","E5","74","215102.3","200001.62","130822.29"
"101","E5","75","216624.27","204125.03","130864.664"
"101","E5","76","218632.98","209118.94","130955.43"
"101","E5","77","221026.73","215062.7","130908.54"
"101","E5","78","223542.1","221895.61","131012.47"
"101","E5","79","225458.39","229524.58","131209.4"
"101","E5","80","227823.86","237326.42","131258.39"
"101","E5","81","229963.97","245725.75","131334.89"
"101","E5","82","232231.34","253778.52","131283.06"
"101","E5","83","234619.2","261577.39","131413.02"
"101","E5","84","237432.62","269532.7","131496.03"
"101","E5","85","239821.8","277308.62","131560.95"
"101","E5","86","242197.47","284682.2","131551.17"
"101","E5","87","244979.34","292062.06","131543.45"
"101","E5","88","247806.67","299527.7","131742.9"
"101","E5","89","251581.02","306542.97","131710.66"
"101","E5","90","254843.06","312671.12","131826.0"
"102","E6","1","62950.938","58829.582","133080.05"
"102","E6","2","62707.24","58879.633","132883.56"
"102","E6","3","62279.953","59469.848","132534.61"
"102","E6","4","62164.45","59872.164","132356.48"
"102","E6","5","62106.113","60259.098","132179.42"
"102","E6","6","62103.8","60477.195","132016.05"
"102","E6","7","62215.348","60530.504","131910.11"
"102","E6","8","62500.98","60515.14","131927.42"
"102","E6","9","62858.71","60805.75","132076.1"
"102","E6","10","63828.133","60933.38","132067.17"
"102","E6","11","65588.836","61372.508","132004.56"
"102","E6","12","68563.414","61697.637","131974.11"
"102","E6","13","73435.21","62027.023","131984.89"
"102","E6","14","81057.5","62851.52","131980.28"
"102","E6","15","91518.99","64171.47","131981.16"
"102","E6","16","104170.734","66308.445","131994.77"
"102","E6","17","117496.28","70078.74","132115.31"
"102","E6","18","130440.98","75852.81","132146.72"
"102","E6","19","142538.39","83444.586","132307.84"
"102","E6","20","153356.05","93206.46","132484.45"
"102","E6","21","163154.77","103970.9","132704.52"
"102","E6","22","172286.64","115056.18","132688.9"
"102","E6","23","180622.34","124983.695","132675.42"
"102","E6","24","187995.48","133075.06","132724.97"
"102","E6","25","193612.22","138989.7","132743.58"
"102","E6","26","198171.97","143525.55","132756.88"
"102","E6","27","201784.1","146783.73","133074.05"
"102","E6","28","204701.94","149122.19","133166.66"
"102","E6","29","206927.8","151068.89","133080.52"
"102","E6","30","208670.56","152709.36","132990.19"
"102","E6","31","209897.38","154166.83","133055.72"
"102","E6","32","210816.67","155668.03","133158.0"
"102","E6","33","211834.75","156745.36","133159.8"
"102","E6","34","212525.33","157804.39","133379.73"
"102","E6","35","213014.14","159009.52","133314.95"
"102","E6","36","213543.11","160174.33","133220.03"
"102","E6","37","214033.42","161309.92","133283.92"
"102","E6","38","214441.75","162486.64","133197.2"
"102","E6","39","214953.52","163496.25","133141.52"
"102","E6","40","215378.75","164663.19","133260.2"
"102","E6","41","215791.78","165792.83","133219.6"
"102","E6","42","216005.4","166739.44","133284.97"
"102","E6","43","216554.05","167263.7","133370.0"
"102","E6","44","216842.44","168171.81","133250.31"
"102","E6","45","217009.1","169229.77","133181.72"
"102","E6","46","217601.0","170151.8","133374.28"
"102","E6","47","217611.12","171308.1","133415.25"
"102","E6","48","217808.67","171849.95","133450.08"
"102","E6","49","218201.39","172704.05","133466.64"
"102","E6","50","218547.42","173541.42","133425.45"
"102","E6","51","218433.97","174545.53","133308.67"
"102","E6","52","218745.78","175294.08","133214.17"
"102","E6","53","218967.39","176052.47","133138.67"
"102","E6","54","218833.6","176930.6","133229.94"
"102","E6","55","219138.48","177820.27","133242.19"
"102","E6","56","219371.22","178636.36","133232.61"
"102","E6","57","219537.36","179282.62","133310.97"
"102","E6","58","220135.94","180259.2","133262.73"
"102","E6","59","220407.56","180744.11","133162.1"
"102","E6","60","220496.81","181368.19","133140.6"
"102","E6","61","220961.34","182159.19","133056.52"
"102","E6","62","220801.92","183402.7","133075.05"
"102","E6","63","220910.06","184171.4","133209.12"
"102","E6","64","221980.64","184614.42","133159.61"
"102","E6","65","222164.31","185572.0","133171.75"
"102","E6","66","221751.83","186503.3","133199.12"
"102","E6","67","222475.2","187378.25","133157.72"
"102","E6","68","222976.75","188371.78","133273.77"
"102","E6","69","222974.9","189664.88","133189.83"
"102","E6","70","223125.36","190552.06","133119.52"
"102","E6","71","223550.89","192252.7","133279.06"
"102","E6","72","224510.75","193924.27","133296.47"
"102","E6","73","225554.92","196438.45","133258.7"
"102","E6","74","226971.17","199479.44","133243.44"
"102","E6","75","228377.98","203063.48","133160.53"
"102","E6","76","230056.64","207860.53","133176.38"
"102","E6","77","232191.45","213459.97","133248.23"
"102","E6","78","234640.1","219985.5","133330.2"
"102","E6","79","236778.16","227471.97","133305.14"
"102","E6","80","239011.47","235068.77","133487.53"
"102","E6","81","241662.95","242889.14","133624.03"
"102","E6","82","244120.45","250786.66","133837.53"
"102","E6","83","246378.98","259094.5","133780.3"
"102","E6","84","248841.52","266786.4","133806.38"
"102","E6","85","251038.58","274348.38","133996.72"
"102","E6","86","253216.5","281705.75","133911.38"
"102","E6","87","255352.39","288770.1","133852.47"
"102","E6","88","257484.12","296194.3","134131.61"
"102","E6","89","260066.36","303023.56","134144.14"
"102","E6","90","261285.33","308528.56","134335.42"
"103","E7","1","65326.88","60502.85","135224.0"
"103","E7","2","65058.508","60528.387","134867.39"
"103","E7","3","64758.758","60893.227","134210.1"
"103","E7","4","64393.38","61278.336","134048.9"
"103","E7","5","64135.977","61347.67","134032.06"
"103","E7","6","64093.38","61550.027","133737.75"
"103","E7","7","64132.36","61790.402","133641.7"
"103","E7","8","64321.92","61960.97","133644.81"
"103","E7","9","64960.72","61946.348","133616.02"
"103","E7","10","65964.445","62149.008","133568.05"
"103","E7","11","67623.17","62425.56","133567.05"
"103","E7","12","70761.22","62858.535","133640.8"
"103","E7","13","75760.086","63288.598","133747.94"
"103","E7","14","83565.31","64090.195","133782.4"
"103","E7","15","94194.555","65456.344","133940.02"
"103","E7","16","107073.95","67496.945","133937.47"
"103","E7","17","120741.89","71145.47","133930.77"
"103","E7","18","133722.94","76764.77","133859.36"
"103","E7","19","145534.7","84551.7","133728.06"
"103","E7","20","156215.2","94495.91","133760.6"
"103","E7","21","165852.06","105410.73","134112.48"
"103","E7","22","174273.97","116350.14","134263.08"
"103","E7","23","181652.03","126709.695","134487.7"
"103","E7","24","188183.39","135512.78","134505.81"
"103","E7","25","193668.75","142029.56","134620.05"
"103","E7","26","198057.86","147079.94","134671.06"
"103","E7","27","201472.69","150701.2","134999.16"
"103","E7","28","204077.0","153244.16","135055.1"
"103","E7","29","206158.48","155209.03","135151.86"
"103","E7","30","207447.39","156746.3","135115.42"
"103","E7","31","208786.3","158305.67","135195.7"
"103","E7","32","209861.92","159870.22","135128.8"
"103","E7","33","210373.22","161290.2","135100.62"
"103","E7","34","210795.03","162477.64","135047.7"
"103","E7","35","211428.25","163652.8","135229.14"
"103","E7","36","212190.77","164912.38","135383.61"
"103","E7","37","212642.0","166047.97","135233.1"
"103","E7","38","212869.9","166834.77","134884.64"
"103","E7","39","212988.34","167875.89","134828.39"
"103","E7","40","213399.72","169014.28","135178.48"
"103","E7","41","213708.3","170142.56","135001.7"
"103","E7","42","213899.42","171406.03","134899.31"
"103","E7","43","214099.38","171832.78","135082.84"
"103","E7","44","214364.86","173053.2","135066.66"
"103","E7","45","214753.88","174240.55","135153.23"
"103","E7","46","214994.92","174949.55","135140.97"
"103","E7","47","215295.2","175469.34","135051.81"
"103","E7","48","215572.06","176382.98","135069.7"
"103","E7","49","215627.31","177474.19","135003.36"
"103","E7","50","215693.55","178312.27","135039.3"
"103","E7","51","216188.38","179035.17","134995.95"
"103","E7","52","216257.58","179784.52","134900.52"
"103","E7","53","216485.48","180483.78","134896.17"
"103","E7","54","216471.53","181582.31","134861.42"
"103","E7","55","216683.52","182605.42","135010.62"
"103","E7","56","216952.22","183397.38","134967.88"
"103","E7","57","216886.3","184245.11","134974.31"
"103","E7","58","217099.02","185064.5","134987.97"
"103","E7","59","217175.9","185766.5","135006.1"
"103","E7","60","217583.83","186004.86","134931.39"
"103","E7","61","217606.89","187161.08","134934.17"
"103","E7","62","217815.08","187834.88","134871.4"
"103","E7","63","217962.64","188932.98","134930.94"
"103","E7","64","218274.9","189594.36","134932.83"
"103","E7","65","218435.77","190294.53","134830.95"
"103","E7","66","218328.94","190879.38","134790.23"
"103","E7","67","218442.88","191792.52","134821.89"
"103","E7","68","218698.67","192669.48","134764.98"
"103","E7","69","218695.98","193420.88","134797.64"
"103","E7","70","219058.36","193975.9","134779.89"
"103","E7","71","219486.83","194842.52","134950.92"
"103","E7","72","219701.64","195822.6","134896.58"
"103","E7","73","219749.19","196840.83","134839.95"
"103","E7","74","219852.81","198257.02","134848.05"
"103","E7","75","220076.06","199470.05","134698.52"
"103","E7","76","220387.56","200958.44","134385.77"
"103","E7","77","220581.56","202501.44","134320.38"
"103","E7","78","221111.92","204803.16","134595.89"
"103","E7","79","221704.52","207761.42","134687.69"
"103","E7","80","222802.61","211684.8","134707.22"
"103","E7","81","223898.12","216477.5","134685.5"
"103","E7","82","225254.05","222239.02","134865.84"
"103","E7","83","226590.19","228854.42","134831.56"
"103","E7","84","227969.89","235870.98","134926.44"
"103","E7","85","229363.12","244184.62","135306.28"
"103","E7","86","231146.78","252724.28","135338.25"
"103","E7","87","232435.44","260646.52","135457.52"
"103","E7","88","233818.66","268527.94","135408.42"
"103","E7","89","234865.83","277081.44","135474.62"
"103","E7","90","236493.27","284248.38","135528.05"
"104","E8","1","63990.176","63778.76","133770.47"
"104","E8","2","63818.95","63790.664","133606.22"
"104","E8","3","63514.74","64057.203","133292.98"
"104","E8","4","63302.65","64682.387","133137.61"
"104","E8","5","63282.758","65147.754","132947.92"
"104","E8","6","63370.54","65381.312","132909.17"
"104","E8","7","63430.445","65634.25","133035.31"
"104","E8","8","63743.34","65809.836","132998.33"
"104","E8","9","64195.555","65801.84","132873.42"
"104","E8","10","65071.81","65983.81","132830.03"
"104","E8","11","66777.59","66061.18","132857.81"
"104","E8","12","69775.43","66664.46","132870.92"
"104","E8","13","74651.44","67151.0","133021.48"
"104","E8","14","82337.766","67893.13","133148.86"
"104","E8","15","92647.11","69445.734","133122.9"
"104","E8","16","105072.58","71874.93","133046.81"
"104","E8","17","118250.695","75662.34","132778.75"
"104","E8","18","131027.97","81301.266","132775.53"
"104","E8","19","142523.86","89518.445","133047.28"
"104","E8","20","152887.08","99900.7","133205.73"
"104","E8","21","162311.16","111445.83","133464.83"
"104","E8","22","170522.55","123238.766","133479.02"
"104","E8","23","177457.14","133964.9","133579.14"
"104","E8","24","183576.88","143156.5","133791.14"
"104","E8","25","188660.61","150362.66","133987.38"
"104","E8","26","192722.56","155791.72","134028.5"
"104","E8","27","196252.78","159749.7","133938.17"
"104","E8","28","198867.48","162420.97","133890.89"
"104","E8","29","200954.66","164496.1","134073.08"
"104","E8","30","202452.75","166206.53","133958.94"
"104","E8","31","203486.61","167637.23","133858.88"
"104","E8","32","204439.42","169212.38","133937.0"
"104","E8","33","204993.5","170569.97","133933.78"
"104","E8","34","205693.77","172055.25","133941.4"
"104","E8","35","206299.98","173344.64","134043.48"
"104","E8","36","206700.4","174634.92","134012.0"
"104","E8","37","206988.73","175576.48","133894.77"
"104","E8","38","207406.8","176710.62","133825.61"
"104","E8","39","207736.25","177871.47","133906.22"
"104","E8","40","207746.94","178792.19","133995.84"
"104","E8","41","208008.14","179784.05","133942.2"
"104","E8","42","208380.1","180675.2","133838.62"
"104","E8","43","208608.98","181844.12","133792.95"
"104","E8","44","208716.73","182781.52","133989.22"
"104","E8","45","208972.83","183806.72","133983.11"
"104","E8","46","209156.03","184786.73","133892.97"
"104","E8","47","209391.47","185478.22","133898.78"
"104","E8","48","209525.11","186468.06","133830.23"
"104","E8","49","209774.3","187368.39","133805.06"
"104","E8","50","210155.08","188230.16","134059.0"
"104","E8","51","210141.1","189120.95","133990.28"
"104","E8","52","210278.23","190062.9","133760.67"
"104","E8","53","210397.48","190895.94","133663.05"
"104","E8","54","210539.5","191679.11","133739.55"
"104","E8","55","210656.12","192531.6","133671.78"
"104","E8","56","210627.7","193548.83","133625.58"
"104","E8","57","210840.17","194360.05","133762.38"
"104","E8","58","210945.86","195048.77","133833.72"
"104","E8","59","211139.58","195850.98","133556.06"
"104","E8","60","211042.33","196789.03","133461.36"
"104","E8","61","211246.97","197382.25","133600.56"
"104","E8","62","211787.0","198214.6","133498.53"
"104","E8","63","211973.56","198898.73","133426.14"
"104","E8","64","211963.58","199482.17","133548.52"
"104","E8","65","212071.4","200460.28","133657.05"
"104","E8","66","212212.08","201501.81","133654.14"
"104","E8","67","212446.7","202254.05","133621.16"
"104","E8","68","212543.6","203027.97","133681.31"
"104","E8","69","212780.72","203855.05","133681.38"
"104","E8","70","212788.8","204548.16","133632.05"
"104","E8","71","212909.83","205208.02","133542.1"
"104","E8","72","213196.36","206127.02","133426.5"
"104","E8","73","213210.0","207117.83","133353.36"
"104","E8","74","213377.28","207731.48","133421.17"
"104","E8","75","213409.47","208163.39","133555.64"
"104","E8","76","213720.4","208954.6","133568.25"
"104","E8","77","213790.36","209826.31","133364.81"
"104","E8","78","213779.33","210451.17","133256.2"
"104","E8","79","214083.89","211237.08","133233.42"
"104","E8","80","214224.75","211860.25","133222.14"
"104","E8","81","214355.45","212721.9","133408.55"
"104","E8","82","214439.2","213464.78","133514.53"
"104","E8","83","214696.61","214302.02","133396.81"
"104","E8","84","214473.28","214729.69","133220.28"
"104","E8","85","214730.61","215620.67","133162.4"
"104","E8","86","215178.53","216509.6","133306.0"
"104","E8","87","215229.98","217384.62","133459.1"
"104","E8","88","215323.56","218168.17","133420.73"
"104","E8","89","215484.8","219015.97","133377.53"
"104","E8","90","216119.89","219903.6","133308.72"
"105","E9","1","63375.105","61043.316","119445.73"
"105","E9","2","63287.203","61227.266","119381.914"
"105","E9","3","63020.016","61837.574","119205.66"
"105","E9","4","62750.93","62139.03","119114.26"
"105","E9","5","62615.16","62557.21","119158.86"
"105","E9","6","62574.78","62711.426","118951.266"
"105","E9","7","62576.176","63085.062","118820.96"
"105","E9","8","62549.56","63153.727","118801.92"
"105","E9","9","62502.117","63385.58","118759.31"
"105","E9","10","62525.81","63672.188","118695.875"
"105","E9","11","62704.55","63865.293","118725.33"
"105","E9","12","62888.49","64046.945","118675.3"
"105","E9","13","63140.34","64481.242","118588.836"
"105","E9","14","63807.035","65176.223","118526.586"
"105","E9","15","64739.457","66107.445","118448.15"
"105","E9","16","66626.42","67975.33","118265.016"
"105","E9","17","70013.08","71719.38","118247.805"
"105","E9","18","75637.07","77770.266","118481.67"
"105","E9","19","84583.25","86600.1","118487.12"
"105","E9","20","96982.52","97325.15","118467.94"
"105","E9","21","111549.54","108707.02","118466.164"
"105","E9","22","125889.24","118514.82","118669.95"
"105","E9","23","138181.44","126067.164","118733.55"
"105","E9","24","148300.56","131743.1","118718.79"
"105","E9","25","156424.7","135627.48","118787.445"
"105","E9","26","162472.22","138624.95","118778.05"
"105","E9","27","166792.69","141240.81","118787.72"
"105","E9","28","169672.03","143168.27","118801.914"
"105","E9","29","172152.0","144838.02","118744.6"
"105","E9","30","174217.4","146115.0","118725.56"
"105","E9","31","175699.33","147292.42","118634.97"
"105","E9","32","176722.47","148763.16","118506.61"
"105","E9","33","177737.12","150220.67","118425.58"
"105","E9","34","178700.78","151206.67","118477.625"
"105","E9","35","179651.98","152277.77","118701.01"
"105","E9","36","180482.3","153577.44","118595.266"
"105","E9","37","181604.1","154887.34","118528.03"
"105","E9","38","182437.12","155749.33","118662.836"
"105","E9","39","183283.56","156796.81","118765.48"
"105","E9","40","184255.84","158118.88","118734.06"
"105","E9","41","185101.9","159057.84","118533.83"
"105","E9","42","185754.38","160060.8","118460.516"
"105","E9","43","186671.3","161289.55","118572.66"
"105","E9","44","187349.39","162092.94","118618.125"
"105","E9","45","188138.53","163078.6","118606.64"
"105","E9","46","188979.83","163956.02","118545.66"
"105","E9","47","189684.5","164853.14","118488.54"
"105","E9","48","190547.3","165852.27","118421.555"
"105","E9","49","191407.69","167077.28","118418.76"
"105","E9","50","192376.06","167994.22","118487.32"
"105","E9","51","192913.31","169122.84","118472.086"
"105","E9","52","193429.56","170319.53","118478.95"
"105","E9","53","194393.45","170993.98","118374.77"
"105","E9","54","195356.34","171769.62","118321.84"
"105","E9","55","196052.22","172842.83","118367.086"
"105","E9","56","196670.1","173697.38","118255.37"
"105","E9","57","197699.89","174674.72","118237.45"
"105","E9","58","198799.97","175993.3","118351.79"
"105","E9","59","199911.72","177382.97","118043.01"
"105","E9","60","201091.81","178974.34","118031.52"
"105","E9","61","202627.23","180829.58","118347.305"
"105","E9","62","204938.03","183234.08","118385.65"
"105","E9","63","207509.47","186151.92","118368.53"
"105","E9","64","210635.92","189858.72","118411.76"
"105","E9","65","214578.22","194606.06","118331.86"
"105","E9","66","219612.47","200132.94","118289.125"
"105","E9","67","225097.08","206429.02","118392.04"
"105","E9","68","231252.67","213671.33","118456.47"
"105","E9","69","237271.86","220924.19","118405.28"
"105","E9","70","242940.27","228353.89","118335.62"
"105","E9","71","248653.84","236288.44","118317.15"
"105","E9","72","254283.98","244014.89","118453.41"
"105","E9","73","260802.42","250994.73","118437.73"
"105","E9","74","266696.97","258331.67","118474.586"
"105","E9","75","272085.62","265538.5","118647.234"
"105","E9","76","277807.3","272196.6","118693.5"
"105","E9","77","283704.3","278496.8","118694.96"
"105","E9","78","289129.4","285024.44","118664.95"
"105","E9","79","295354.34","291300.7","118645.836"
"105","E9","80","300682.75","297126.4","118633.56"
"105","E9","81","306327.56","302737.6","118796.64"
"105","E9","82","312538.66","308463.7","118696.83"
"105","E9","83","318320.94","313825.47","118583.664"
"105","E9","84","323793.84","319408.72","118541.36"
"105","E9","85","329476.1","324319.3","118611.26"
"105","E9","86","336010.03","329128.9","118540.98"
"105","E9","87","342159.2","334204.03","118395.55"
"105","E9","88","348296.28","338994.53","118369.82"
"105","E9","89","354666.97","343917.6","118582.53"
"105","E9","90","360561.12","347837.38","118671.92"
"106","E10","1","64010.535","61902.85","119552.945"
"106","E10","2","63829.113","62111.92","119378.695"
"106","E10","3","63496.168","62964.55","119324.21"
"106","E10","4","63366.97","63484.312","119453.516"
"106","E10","5","63244.312","63985.367","119486.17"
"106","E10","6","63189.594","64464.496","119610.01"
"106","E10","7","63150.453","64679.484","119608.28"
"106","E10","8","63172.3","64806.195","119431.555"
"106","E10","9","63320.14","65171.61","119354.37"
"106","E10","10","63414.637","65292.89","119302.14"
"106","E10","11","63422.07","65337.4","119299.484"
"106","E10","12","63500.527","65820.66","119340.56"
"106","E10","13","63870.94","66027.25","119371.52"
"106","E10","14","64280.297","66491.08","119508.17"
"106","E10","15","65140.355","67612.57","119527.54"
"106","E10","16","66806.24","69679.65","119603.05"
"106","E10","17","69584.195","73454.234","119593.58"
"106","E10","18","74573.63","79640.336","119458.82"
"106","E10","19","82363.07","89176.125","119488.6"
"106","E10","20","93178.7","101260.56","119863.29"
"106","E10","21","106336.54","113665.69","120045.11"
"106","E10","22","119517.07","125033.88","120095.86"
"106","E10","23","131275.86","134127.19","120156.086"
"106","E10","24","141098.62","140656.48","120345.64"
"106","E10","25","149068.11","145254.58","120311.58"
"106","E10","26","154903.53","148340.17","120172.12"
"106","E10","27","158796.86","150602.94","120103.14"
"106","E10","28","161880.53","152719.3","120193.13"
"106","E10","29","164241.56","154861.47","120171.555"
"106","E10","30","165913.81","156318.72","120245.94"
"106","E10","31","167264.72","157759.95","120229.06"
"106","E10","32","168505.75","159161.06","120138.97"
"106","E10","33","169479.19","160062.33","120140.19"
"106","E10","34","170239.16","161229.78","120262.125"
"106","E10","35","171230.22","162710.97","120019.49"
"106","E10","36","172049.75","163946.34","119969.125"
"106","E10","37","173101.77","165249.14","120269.77"
"106","E10","38","173756.47","166436.23","120288.29"
"106","E10","39","174753.78","167412.56","120272.83"
"106","E10","40","175263.78","168563.28","120205.16"
"106","E10","41","175778.48","169772.9","120135.67"
"106","E10","42","176752.64","170649.67","120186.49"
"106","E10","43","177693.48","171891.84","120157.984"
"106","E10","44","178427.17","173009.56","120134.65"
"106","E10","45","179186.66","173953.14","120191.195"
"106","E10","46","180182.84","175129.2","120132.61"
"106","E10","47","181009.19","176198.33","120105.94"
"106","E10","48","181414.64","177348.67","120314.04"
"106","E10","49","182043.12","178221.95","120293.66"
"106","E10","50","182895.55","179469.11","120199.94"
"106","E10","51","183538.27","180483.47","119852.586"
"106","E10","52","184156.67","181184.17","119745.97"
"106","E10","53","184905.47","182141.69","119843.2"
"106","E10","54","185654.16","183268.11","119875.586"
"106","E10","55","186376.88","184265.61","120050.8"
"106","E10","56","186794.23","185616.12","119856.1"
"106","E10","57","187681.14","186788.75","119798.516"
"106","E10","58","188576.73","187710.11","120041.85"
"106","E10","59","189317.95","188680.25","120182.9"
"106","E10","60","190272.17","190099.2","120165.9"
"106","E10","61","191239.34","191341.31","120004.13"
"106","E10","62","192378.23","192783.47","119910.73"
"106","E10","63","193808.33","194570.33","119946.63"
"106","E10","64","195461.73","197021.78","120059.586"
"106","E10","65","197639.94","199979.83","120200.41"
"106","E10","66","200423.92","203914.95","120298.28"
"106","E10","67","204043.67","209010.9","120342.37"
"106","E10","68","207973.89","214808.17","120377.875"
"106","E10","69","212354.5","221549.31","120352.0"
"106","E10","70","217199.95","229044.75","120508.7"
"106","E10","71","222252.33","236839.06","120521.85"
"106","E10","72","227307.19","244624.67","120516.56"
"106","E10","73","232071.28","252930.19","120621.79"
"106","E10","74","236793.7","261063.62","120771.805"
"106","E10","75","241863.12","269080.66","120813.33"
"106","E10","76","246781.69","276972.56","120775.086"
"106","E10","77","251688.97","284404.0","120939.3"
"106","E10","78","257130.7","291751.62","120865.734"
"106","E10","79","262155.28","298732.9","120809.74"
"106","E10","80","267552.0","305197.75","121045.82"
"106","E10","81","273908.22","311765.53","121265.37"
"106","E10","82","279245.44","318582.47","121340.84"
"106","E10","83","284880.3","325012.5","121406.25"
"106","E10","84","291160.7","331255.78","121402.69"
"106","E10","85","297823.03","337299.84","121355.37"
"106","E10","86","304194.84","343485.06","121646.91"
"106","E10","87","311160.84","349432.12","121892.16"
"106","E10","88","318204.94","355782.72","121907.18"
"106","E10","89","325413.38","361517.66","121758.53"
"106","E10","90","331737.0","366059.8","121654.914"
"107","E11","1","62643.55","61457.918","120551.516"
"107","E11","2","62521.855","61557.76","120418.36"
"107","E11","3","62251.492","62307.703","120295.62"
"107","E11","4","61991.016","62972.973","120242.23"
"107","E11","5","61943.047","63454.14","120192.46"
"107","E11","6","61985.164","63724.87","120145.66"
"107","E11","7","61934.562","63783.453","120131.6"
"107","E11","8","61948.184","64068.047","120100.34"
"107","E11","9","62079.79","64418.47","120096.836"
"107","E11","10","62114.355","64466.664","120087.086"
"107","E11","11","62116.965","64469.22","120131.11"
"107","E11","12","62220.273","65070.492","120023.625"
"107","E11","13","62455.28","65505.926","119930.125"
"107","E11","14","62869.43","66047.664","119930.85"
"107","E11","15","63727.473","66934.4","120003.31"
"107","E11","16","65030.098","69057.26","120037.06"
"107","E11","17","67619.305","72597.26","120187.25"
"107","E11","18","71939.82","78632.664","120216.625"
"107","E11","19","78825.88","88050.445","120256.95"
"107","E11","20","88416.19","100158.16","120584.625"
"107","E11","21","99868.766","113621.08","120666.3"
"107","E11","22","111553.414","125671.9","120640.64"
"107","E11","23","122233.914","134961.55","120863.95"
"107","E11","24","131674.11","142115.45","121161.836"
"107","E11","25","139336.4","147430.6","120965.42"
"107","E11","26","144893.3","151163.58","120858.516"
"107","E11","27","149111.92","153539.83","121015.195"
"107","E11","28","152220.8","155538.38","121155.93"
"107","E11","29","154129.3","157291.02","121116.89"
"107","E11","30","155619.98","158790.94","121035.58"
"107","E11","31","157051.92","160139.84","120984.69"
"107","E11","32","158133.28","161370.22","121125.4"
"107","E11","33","158947.38","162862.38","121102.96"
"107","E11","34","159772.28","164159.5","121145.375"
"107","E11","35","160834.1","165133.77","121037.76"
"107","E11","36","161616.5","166598.05","120952.67"
"107","E11","37","162449.47","167848.2","121085.555"
"107","E11","38","163240.38","168900.7","121310.92"
"107","E11","39","163875.84","170255.03","121356.73"
"107","E11","40","164530.53","171440.95","121188.91"
"107","E11","41","165156.95","172477.28","121086.12"
"107","E11","42","166159.8","173381.62","121189.75"
"107","E11","43","166776.05","174567.19","121324.23"
"107","E11","44","167588.16","175847.5","121385.61"
"107","E11","45","168290.7","177035.73","121300.836"
"107","E11","46","168881.88","178097.27","121254.79"
"107","E11","47","169527.64","179041.89","121208.33"
"107","E11","48","169961.69","180369.1","121276.78"
"107","E11","49","170541.0","181324.84","121271.38"
"107","E11","50","171467.88","182261.16","121180.52"
"107","E11","51","172038.05","183436.28","121152.25"
"107","E11","52","172790.36","184324.73","121065.9"
"107","E11","53","173259.44","185343.77","121020.58"
"107","E11","54","173980.17","186523.98","120958.67"
"107","E11","55","174672.25","187348.42","121044.016"
"107","E11","56","175307.22","188438.16","121092.52"
"107","E11","57","175970.1","189129.75","121005.17"
"107","E11","58","176418.17","190314.39","120940.28"
"107","E11","59","176982.58","191748.98","120951.805"
"107","E11","60","177736.69","192542.16","121077.75"
"107","E11","61","178420.16","193353.48","121271.49"
"107","E11","62","178845.38","194254.8","121272.5"
"107","E11","63","179691.08","195501.16","121189.414"
"107","E11","64","180615.39","197229.7","121202.73"
"107","E11","65","181562.6","198666.02","121082.53"
"107","E11","66","182471.42","200408.06","120972.08"
"107","E11","67","183790.27","203102.42","121012.04"
"107","E11","68","185258.69","206048.28","121172.63"
"107","E11","69","187209.84","209937.53","121101.05"
"107","E11","70","189822.86","214793.34","121053.49"
"107","E11","71","192665.83","220334.67","121274.56"
"107","E11","72","196212.81","227043.53","121326.71"
"107","E11","73","200036.11","234671.23","121501.74"
"107","E11","74","203592.7","242731.44","121651.91"
"107","E11","75","207471.8","250927.0","121665.45"
"107","E11","76","211508.9","259318.1","121963.086"
"107","E11","77","215428.02","267225.03","121932.22"
"107","E11","78","219215.8","275294.84","121952.88"
"107","E11","79","223054.02","282677.7","122154.17"
"107","E11","80","226784.9","289852.78","122286.03"
"107","E11","81","230405.64","296959.28","122370.42"
"107","E11","82","234398.55","303188.03","122206.48"
"107","E11","83","238306.22","309716.66","122081.83"
"107","E11","84","242223.62","316086.6","122226.14"
"107","E11","85","246466.92","322169.6","122408.05"
"107","E11","86","250764.69","327973.78","122637.24"
"107","E11","87","255596.06","333648.28","122643.484"
"107","E11","88","261057.42","339829.53","122781.89"
"107","E11","89","266207.12","345641.1","122869.27"
"107","E11","90","270754.2","350702.44","122937.45"
"108","E12","1","68060.87","64118.184","124157.21"
"108","E12","2","67852.49","64252.45","123899.17"
"108","E12","3","67473.66","64922.633","123659.875"
"108","E12","4","67246.586","65577.445","123439.73"
"108","E12","5","67224.664","66017.23","123356.984"
"108","E12","6","67313.49","66227.6","123382.71"
"108","E12","7","67205.06","66353.17","123333.445"
"108","E12","8","67175.664","66627.58","123236.695"
"108","E12","9","67202.52","66733.05","123058.15"
"108","E12","10","67235.33","67065.2","123016.98"
"108","E12","11","67387.05","67200.34","123063.14"
"108","E12","12","67490.15","67349.96","123233.414"
"108","E12","13","67831.47","67706.37","123380.41"
"108","E12","14","68183.84","68480.664","123433.89"
"108","E12","15","68840.58","69627.61","123382.266"
"108","E12","16","70222.195","71527.06","123334.29"
"108","E12","17","72740.73","75219.625","123340.94"
"108","E12","18","76956.88","81850.38","123350.92"
"108","E12","19","83754.5","91499.24","123518.516"
"108","E12","20","92829.44","103857.4","123515.46"
"108","E12","21","103851.266","117627.61","123518.766"
"108","E12","22","115415.54","130079.28","123595.9"
"108","E12","23","126254.34","140261.94","124068.695"
"108","E12","24","135247.27","147814.78","124067.836"
"108","E12","25","142431.98","153516.44","123865.66"
"108","E12","26","147575.19","156924.66","123781.46"
"108","E12","27","151574.48","159566.06","123925.125"
"108","E12","28","154726.23","161685.44","124128.125"
"108","E12","29","157024.11","163601.11","124080.84"
"108","E12","30","158595.52","165010.9","123945.14"
"108","E12","31","159102.44","166480.8","123767.125"
"108","E12","32","160288.66","168065.64","123726.98"
"108","E12","33","161387.95","169467.0","123926.875"
"108","E12","34","162225.75","170910.23","123830.49"
"108","E12","35","162814.36","172080.12","123772.96"
"108","E12","36","163611.16","173626.17","123929.91"
"108","E12","37","164378.08","174713.9","123922.98"
"108","E12","38","164987.84","176055.36","123980.484"
"108","E12","39","165565.77","177219.3","123961.555"
"108","E12","40","166577.83","178192.33","124072.625"
"108","E12","41","167537.16","179384.16","124011.92"
"108","E12","42","167852.53","180793.95","123911.93"
"108","E12","43","168294.27","181798.44","123838.81"
"108","E12","44","169304.7","182770.44","123626.805"
"108","E12","45","169968.61","184040.64","123519.164"
"108","E12","46","170543.08","185166.53","123546.05"
"108","E12","47","170951.6","186274.34","123713.72"
"108","E12","48","171475.28","187472.92","123786.43"
"108","E12","49","172166.97","188468.2","123855.31"
"108","E12","50","172842.02","189608.22","123807.31"
"108","E12","51","173151.6","190947.45","123793.36"
"108","E12","52","173974.19","191999.81","123739.66"
"108","E12","53","174748.84","192886.78","123753.4"
"108","E12","54","175240.31","193669.86","123731.2"
"108","E12","55","175592.48","194639.72","123817.66"
"108","E12","56","176259.73","196147.94","123765.61"
"108","E12","57","177078.42","197034.67","123727.45"
"108","E12","58","177498.77","197811.44","123793.04"
"108","E12","59","177974.73","198635.08","123785.01"
"108","E12","60","178613.7","199615.28","123490.57"
"108","E12","61","179172.02","200479.77","123390.99"
"108","E12","62","179806.56","201519.1","123471.266"
"108","E12","63","180340.16","202861.61","123481.76"
"108","E12","64","181004.27","203740.86","123449.766"
"108","E12","65","181667.64","204885.4","123556.1"
"108","E12","66","182079.22","206390.81","123744.96"
"108","E12","67","182774.02","207785.52","123911.0"
"108","E12","68","183764.81","209190.73","123893.36"
"108","E12","69","184776.39","211145.02","123703.4"
"108","E12","70","185875.36","213776.39","123416.22"
"108","E12","71","187193.75","217053.69","123380.47"
"108","E12","72","188997.88","221172.6","123636.84"
"108","E12","73","191252.9","226386.08","123680.35"
"108","E12","74","194084.22","232323.72","123805.69"
"108","E12","75","197162.22","239422.83","123819.82"
"108","E12","76","200343.94","247722.89","123996.45"
"108","E12","77","203771.84","255848.89","124107.15"
"108","E12","78","207541.5","264012.0","124303.08"
"108","E12","79","211086.72","272428.88","124244.62"
"108","E12","80","214499.73","280938.9","124217.05"
"108","E12","81","218268.42","289082.75","124481.96"
"108","E12","82","221791.8","297094.28","124568.266"
"108","E12","83","225401.88","304471.22","124582.65"
"108","E12","84","229231.34","311782.8","124497.15"
"108","E12","85","233245.23","318765.25","124514.85"
"108","E12","86","236933.19","324944.22","124620.79"
"108","E12","87","241653.9","331837.78","124820.31"
"108","E12","88","245745.72","338649.16","124921.31"
"108","E12","89","251041.95","345172.56","124954.48"
"108","E12","90","256056.22","350905.7","124939.9"
"109","E13","1","63239.695","60677.137","118394.27"
"109","E13","2","63167.37","60831.203","118356.96"
"109","E13","3","63006.586","61502.01","118265.23"
"109","E13","4","62730.016","62258.137","118015.82"
"109","E13","5","62638.6","62674.695","117874.12"
"109","E13","6","62621.7","62837.605","117696.88"
"109","E13","7","62475.53","63138.773","117674.77"
"109","E13","8","62446.74","63349.72","117760.16"
"109","E13","9","62505.76","63476.29","117778.516"
"109","E13","10","62582.46","63506.355","117804.56"
"109","E13","11","62667.246","63742.97","117857.83"
"109","E13","12","62792.855","63910.75","117783.81"
"109","E13","13","63094.15","64444.055","117742.91"
"109","E13","14","63459.15","65049.79","117745.0"
"109","E13","15","64257.754","66196.375","117705.94"
"109","E13","16","65525.17","68279.55","117705.914"
"109","E13","17","67974.734","71995.234","117825.266"
"109","E13","18","72136.44","77858.56","117999.1"
"109","E13","19","78628.84","87315.27","118228.51"
"109","E13","20","87401.32","99583.14","118432.33"
"109","E13","21","97914.78","112693.59","118638.19"
"109","E13","22","108720.37","124951.37","118673.17"
"109","E13","23","118484.32","135338.2","118862.734"
"109","E13","24","127188.91","142695.4","118890.51"
"109","E13","25","134167.4","147829.58","119111.266"
"109","E13","26","139184.12","151346.22","119119.14"
"109","E13","27","143227.34","154001.5","119017.46"
"109","E13","28","146089.73","156457.45","118984.69"
"109","E13","29","147888.17","157952.97","118943.125"
"109","E13","30","149325.8","159673.47","119090.96"
"109","E13","31","150453.7","160907.72","119048.61"
"109","E13","32","151660.06","162423.6","119049.57"
"109","E13","33","152484.95","163634.48","119051.38"
"109","E13","34","153107.19","165191.84","119119.055"
"109","E13","35","153959.47","166829.7","119061.734"
"109","E13","36","154819.69","167923.84","119095.234"
"109","E13","37","155460.6","169186.03","119082.76"
"109","E13","38","156039.3","170162.11","119116.734"
"109","E13","39","156770.98","171597.14","119057.875"
"109","E13","40","157261.25","172729.23","118964.97"
"109","E13","41","158053.72","173585.14","119009.09"
"109","E13","42","158640.31","174988.88","119058.71"
"109","E13","43","159179.38","176088.06","119072.57"
"109","E13","44","159787.75","177067.84","119045.97"
"109","E13","45","160379.73","178257.19","119014.85"
"109","E13","46","160838.73","179207.8","118964.23"
"109","E13","47","161635.62","180457.28","119125.64"
"109","E13","48","162006.8","181626.23","119180.41"
"109","E13","49","162754.45","182985.06","119089.23"
"109","E13","50","163149.84","183985.42","119011.484"
"109","E13","51","163745.86","184838.7","119113.23"
"109","E13","52","164361.31","185983.94","119048.01"
"109","E13","53","165035.4","186934.9","118987.85"
"109","E13","54","165551.5","187934.69","118958.87"
"109","E13","55","165845.02","189052.23","119197.55"
"109","E13","56","166376.45","190090.86","119225.914"
"109","E13","57","167114.02","190952.06","119200.836"
"109","E13","58","167761.69","191870.27","119033.0"
"109","E13","59","168027.75","193037.27","118898.11"
"109","E13","60","168783.06","194023.17","118909.77"
"109","E13","61","169518.22","195026.3","119087.1"
"109","E13","62","169939.94","196087.56","119009.34"
"109","E13","63","170329.83","197060.5","118842.9"
"109","E13","64","171043.88","197890.81","118765.76"
"109","E13","65","171552.66","198888.88","118928.766"
"109","E13","66","171962.78","199914.5","119044.28"
"109","E13","67","172593.11","201082.72","119025.17"
"109","E13","68","173096.05","202245.84","119227.16"
"109","E13","69","173633.9","203642.4","119310.28"
"109","E13","70","174594.36","204861.39","119201.52"
"109","E13","71","175338.08","205812.0","119028.734"
"109","E13","72","176232.33","207559.89","118989.25"
"109","E13","73","177098.73","210002.86","119286.64"
"109","E13","74","178180.94","213037.0","119298.164"
"109","E13","75","179995.88","216587.92","119376.055"
"109","E13","76","182211.78","220796.33","119312.26"
"109","E13","77","184613.48","226515.22","119405.12"
"109","E13","78","187387.56","233579.77","119679.15"
"109","E13","79","190678.78","240987.89","119598.914"
"109","E13","80","194262.33","248652.36","119535.98"
"109","E13","81","197862.0","257216.02","119870.06"
"109","E13","82","201517.78","265334.88","120113.48"
"109","E13","83","205183.48","273614.78","120192.16"
"109","E13","84","208720.78","281734.84","120157.9"
"109","E13","85","212671.16","289802.47","120433.89"
"109","E13","86","216832.88","297406.34","120555.22"
"109","E13","87","221073.97","305069.47","120854.14"
"109","E13","88","225521.36","312483.88","120969.0"
"109","E13","89","230218.77","319094.84","121020.81"
"109","E13","90","234431.12","325518.9","121206.87"
"110","E14","1","64552.266","63284.273","123998.18"
"110","E14","2","64402.38","63570.027","123877.555"
"110","E14","3","64021.527","64053.57","123541.63"
"110","E14","4","63824.77","64680.13","123218.945"
"110","E14","5","63819.83","65196.375","123058.766"
"110","E14","6","63931.137","65284.39","123009.445"
"110","E14","7","63797.72","65566.04","123105.69"
"110","E14","8","63792.824","65953.75","123184.58"
"110","E14","9","63945.703","65974.016","123083.98"
"110","E14","10","63945.73","66068.09","123005.29"
"110","E14","11","63923.938","66068.34","122992.51"
"110","E14","12","63984.56","66528.88","122996.26"
"110","E14","13","64257.1","66940.0","123007.49"
"110","E14","14","64568.324","67431.22","123110.53"
"110","E14","15","65357.07","68403.586","122743.31"
"110","E14","16","66802.805","70680.23","122679.62"
"110","E14","17","69468.4","74431.36","122900.695"
"110","E14","18","73751.61","80775.055","123132.06"
"110","E14","19","80482.36","90368.77","123198.21"
"110","E14","20","89875.336","103086.12","123359.67"
"110","E14","21","100798.66","116633.16","123408.625"
"110","E14","22","112169.82","129298.43","123380.85"
"110","E14","23","123001.51","139459.61","123497.37"
"110","E14","24","132192.94","147087.27","123467.98"
"110","E14","25","139621.53","152764.08","123451.34"
"110","E14","26","145350.52","156136.0","123685.19"
"110","E14","27","149779.94","158697.42","123698.01"
"110","E14","28","152696.45","160909.02","123849.48"
"110","E14","29","154817.19","162789.75","124062.49"
"110","E14","30","156580.39","164446.19","123966.08"
"110","E14","31","157664.33","165754.84","123612.46"
"110","E14","32","158708.83","167280.9","123484.51"
"110","E14","33","159511.23","168712.7","123559.18"
"110","E14","34","160699.03","169906.4","123577.984"
"110","E14","35","161215.48","171299.67","123741.99"
"110","E14","36","162020.08","172663.14","123670.16"
"110","E14","37","162926.8","174118.27","123592.94"
"110","E14","38","163539.05","174986.55","123673.625"
"110","E14","39","164188.58","176336.73","123662.38"
"110","E14","40","164716.2","177475.39","123698.09"
"110","E14","41","165397.25","178606.88","123528.586"
"110","E14","42","165971.92","179483.98","123400.836"
"110","E14","43","166638.61","180777.25","123348.99"
"110","E14","44","167438.03","181921.0","123395.65"
"110","E14","45","168023.56","183087.78","123452.98"
"110","E14","46","168428.06","184259.05","123435.97"
"110","E14","47","169165.97","185433.14","123559.586"
"110","E14","48","169707.34","186441.58","123552.05"
"110","E14","49","170592.75","187495.98","123600.29"
"110","E14","50","171161.1","188600.6","123376.38"
"110","E14","51","171676.39","189306.6","123304.8"
"110","E14","52","172272.73","190691.95","123493.78"
"110","E14","53","172812.75","191430.05","123489.75"
"110","E14","54","173085.94","192294.67","123432.19"
"110","E14","55","173689.56","193689.62","123472.234"
"110","E14","56","174621.45","195024.72","123280.46"
"110","E14","57","174794.66","195573.88","123080.79"
"110","E14","58","175633.28","196817.88","123052.2"
"110","E14","59","176439.2","198051.3","123239.375"
"110","E14","60","176679.27","198633.55","123164.586"
"110","E14","61","177288.42","199694.77","123164.35"
"110","E14","62","177978.86","200642.94","123472.984"
"110","E14","63","178410.22","201365.42","123510.125"
"110","E14","64","178795.42","202363.52","123578.14"
"110","E14","65","179628.28","203419.94","123457.41"
"110","E14","66","180263.83","204360.56","123369.45"
"110","E14","67","180752.16","205589.0","123426.05"
"110","E14","68","181088.64","206374.03","123465.53"
"110","E14","69","181691.12","207398.61","123369.414"
"110","E14","70","182588.75","209045.5","123202.8"
"110","E14","71","183018.72","210293.89","123181.875"
"110","E14","72","183619.34","211745.5","123431.55"
"110","E14","73","184738.08","213729.89","123408.88"
"110","E14","74","186007.69","216065.77","123324.836"
"110","E14","75","187108.1","218779.33","123307.15"
"110","E14","76","188696.83","222530.61","123314.484"
"110","E14","77","191363.75","227702.62","123556.59"
"110","E14","78","193989.47","233803.7","123556.266"
"110","E14","79","197063.06","240565.95","123574.164"
"110","E14","80","200647.73","248469.42","123627.62"
"110","E14","81","204495.83","257029.83","123874.37"
"110","E14","82","208083.94","265671.7","123878.48"
"110","E14","83","211907.48","274272.97","123962.67"
"110","E14","84","216283.78","283239.28","124209.984"
"110","E14","85","220203.42","291548.84","124072.35"
"110","E14","86","223831.84","299423.97","123970.125"
"110","E14","87","228296.86","307632.34","124132.984"
"110","E14","88","232808.53","315440.22","124264.14"
"110","E14","89","237252.53","322762.38","124236.89"
"110","E14","90","240717.36","328977.72","124410.56"
"111","E15","1","67832.625","64747.742","124883.81"
"111","E15","2","67565.66","64837.47","124765.37"
"111","E15","3","67381.27","65462.086","124484.08"
"111","E15","4","67346.49","66122.32","124300.62"
"111","E15","5","67196.76","66609.0","123992.06"
"111","E15","6","67074.625","66773.12","123929.67"
"111","E15","7","66888.6","67005.4","124013.13"
"111","E15","8","66883.96","67344.984","124144.97"
"111","E15","9","67051.58","67376.34","124133.336"
"111","E15","10","67090.1","67684.484","124110.62"
"111","E15","11","67108.35","67857.15","124122.9"
"111","E15","12","67360.055","68260.43","124115.414"
"111","E15","13","67641.125","68499.24","124099.5"
"111","E15","14","68004.63","69071.72","124086.53"
"111","E15","15","68622.79","70341.09","124029.91"
"111","E15","16","70262.99","72343.664","124002.01"
"111","E15","17","72558.03","76303.61","124043.625"
"111","E15","18","76696.01","82805.94","124181.27"
"111","E15","19","83396.734","92587.18","124451.07"
"111","E15","20","92723.11","105386.38","124547.555"
"111","E15","21","103739.875","119324.89","124880.055"
"111","E15","22","115195.695","132082.28","124865.39"
"111","E15","23","125810.74","142576.02","124849.68"
"111","E15","24","134934.88","150395.06","125168.195"
"111","E15","25","142648.1","156117.33","125236.32"
"111","E15","26","148305.45","159826.16","125124.086"
"111","E15","27","152411.52","162564.98","125086.96"
"111","E15","28","155549.44","164676.47","125318.8"
"111","E15","29","157489.16","166260.66","125217.125"
"111","E15","30","159118.16","168044.6","125137.09"
"111","E15","31","160371.02","169876.22","125285.44"
"111","E15","32","161362.42","171462.5","125221.99"
"111","E15","33","162083.34","172718.05","125161.62"
"111","E15","34","163113.88","173750.75","125223.47"
"111","E15","35","163655.03","175098.95","125143.305"
"111","E15","36","164447.67","176577.56","125052.41"
"111","E15","37","165351.02","177653.33","125014.05"
"111","E15","38","165748.89","178990.27","125234.15"
"111","E15","39","166582.69","180335.36","125262.36"
"111","E15","40","167156.02","181650.6","125054.76"
"111","E15","41","167747.64","182744.84","124986.73"
"111","E15","42","168419.19","183870.81","125208.375"
"111","E15","43","169206.56","185110.11","125194.68"
"111","E15","44","169625.88","186272.75","125105.664"
"111","E15","45","170228.81","187424.33","125124.58"
"111","E15","46","170803.58","188634.94","125040.59"
"111","E15","47","171697.12","189746.17","125029.766"
"111","E15","48","172279.05","191002.23","125288.805"
"111","E15","49","172753.89","192028.81","125247.56"
"111","E15","50","173364.48","192987.84","125145.61"
"111","E15","51","173917.81","193978.14","125109.836"
"111","E15","52","174292.95","195020.81","125109.914"
"111","E15","53","174836.6","196307.45","125042.664"
"111","E15","54","175372.33","197388.33","125056.9"
"111","E15","55","176162.25","198166.33","124979.51"
"111","E15","56","176826.44","199416.67","124905.12"
"111","E15","57","177045.66","200259.53","124749.9"
"111","E15","58","177628.52","201085.6","124677.22"
"111","E15","59","178191.97","201919.45","124775.42"
"111","E15","60","178765.64","203033.16","124812.4"
"111","E15","61","179255.56","204308.56","125002.11"
"111","E15","62","180035.52","205307.22","124980.48"
"111","E15","63","180473.03","206278.73","124920.234"
"111","E15","64","180937.95","207142.0","124982.07"
"111","E15","65","181400.38","208083.69","124749.84"
"111","E15","66","181865.83","209171.92","124650.36"
"111","E15","67","182559.95","210380.78","124746.35"
"111","E15","68","182957.3","210960.75","124740.44"
"111","E15","69","183567.47","211715.12","124853.48"
"111","E15","70","183974.17","212983.6","124826.43"
"111","E15","71","184375.88","213866.45","124757.05"
"111","E15","72","185031.28","214880.45","124639.9"
"111","E15","73","185406.77","215686.05","124571.03"
"111","E15","74","185811.11","217030.42","124740.43"
"111","E15","75","186792.05","218528.19","125098.95"
"111","E15","76","187237.28","219890.38","124872.35"
"111","E15","77","187971.08","221829.27","124721.66"
"111","E15","78","188738.75","224260.9","124690.516"
"111","E15","79","189693.58","227355.94","124646.02"
"111","E15","80","190755.12","231231.75","124726.96"
"111","E15","81","191915.22","235579.86","124729.484"
"111","E15","82","193586.6","241347.3","124732.15"
"111","E15","83","196080.83","248437.56","124999.02"
"111","E15","84","198330.89","256524.61","125044.13"
"111","E15","85","201028.23","265534.16","125252.15"
"111","E15","86","204114.31","275271.66","125375.914"
"111","E15","87","207470.73","284406.72","125597.67"
"111","E15","88","211321.17","294302.62","125605.14"
"111","E15","89","215734.97","304039.7","125659.125"
"111","E15","90","219709.95","312529.12","125647.625"
"112","E16","1","70453.07","64929.227","125573.17"
"112","E16","2","70335.86","64983.016","125486.06"
"112","E16","3","69870.34","65727.734","125297.945"
"112","E16","4","69718.664","66509.016","125184.56"
"112","E16","5","69672.73","66676.92","125115.82"
"112","E16","6","69599.516","67052.96","125051.664"
"112","E16","7","69540.67","67362.836","124964.336"
"112","E16","8","69467.09","67498.0","124860.03"
"112","E16","9","69480.64","67531.74","124808.77"
"112","E16","10","69603.63","67623.4","124792.164"
"112","E16","11","69628.12","67987.37","124562.43"
"112","E16","12","69754.13","68250.555","124525.38"
"112","E16","13","69973.79","68531.73","124621.24"
"112","E16","14","70371.5","69335.01","124650.67"
"112","E16","15","71215.72","70345.805","124763.81"
"112","E16","16","72641.61","72305.57","124758.72"
"112","E16","17","75210.27","76220.67","124757.06"
"112","E16","18","79654.97","82716.96","124724.984"
"112","E16","19","86653.766","92488.87","124716.86"
"112","E16","20","96043.78","105492.97","124772.25"
"112","E16","21","107352.914","119856.35","125104.625"
"112","E16","22","118959.414","132906.62","125236.414"
"112","E16","23","129623.57","143465.31","125645.47"
"112","E16","24","138707.78","151315.64","125686.39"
"112","E16","25","146500.84","156987.92","125697.65"
"112","E16","26","152193.08","160846.75","125712.58"
"112","E16","27","156228.61","163584.2","125501.2"
"112","E16","28","159310.81","165967.81","125405.65"
"112","E16","29","161541.84","168161.92","125503.555"
"112","E16","30","163059.33","169571.27","125484.29"
"112","E16","31","164395.62","171382.67","125578.164"
"112","E16","32","165339.39","172729.98","125579.06"
"112","E16","33","166262.56","174053.62","125532.94"
"112","E16","34","167232.81","175533.11","125638.69"
"112","E16","35","167960.52","177019.84","125528.31"
"112","E16","36","168698.73","178292.62","125407.27"
"112","E16","37","169539.69","179740.52","125351.0"
"112","E16","38","169817.06","180895.44","125368.88"
"112","E16","39","170494.66","182082.28","125464.41"
"112","E16","40","171289.44","183445.8","125364.96"
"112","E16","41","172197.14","184315.4","125311.48"
"112","E16","42","172803.1","185358.61","125465.16"
"112","E16","43","173336.72","186888.08","125440.1"
"112","E16","44","173870.31","188259.75","125434.875"
"112","E16","45","174497.22","189332.52","125394.12"
"112","E16","46","175286.08","190363.56","125431.54"
"112","E16","47","175960.1","191697.08","125203.27"
"112","E16","48","176595.08","192799.44","125073.97"
"112","E16","49","177056.36","193829.11","125114.07"
"112","E16","50","177550.83","195047.77","125411.41"
"112","E16","51","178119.73","196188.92","125402.63"
"112","E16","52","178540.44","196998.25","125339.27"
"112","E16","53","179130.7","198280.03","125287.734"
"112","E16","54","179945.22","199105.95","125230.2"
"112","E16","55","180461.2","199759.97","125146.92"
"112","E16","56","180787.25","201123.19","125098.79"
"112","E16","57","181463.48","202363.27","125136.12"
"112","E16","58","182046.55","203342.08","125312.52"
"112","E16","59","182564.48","203936.47","125288.11"
"112","E16","60","182904.19","205025.7","125203.84"
"112","E16","61","183528.78","206260.66","125124.0"
"112","E16","62","184016.2","207238.47","124870.24"
"112","E16","63","184614.33","208504.03","124844.33"
"112","E16","64","185095.05","209760.4","125066.58"
"112","E16","65","185573.69","210416.69","124815.74"
"112","E16","66","186262.27","211195.36","124759.79"
"112","E16","67","187064.97","212231.05","124953.25"
"112","E16","68","187305.19","213408.5","124840.84"
"112","E16","69","187636.89","214527.25","124863.4"
"112","E16","70","188238.64","215212.06","125235.484"
"112","E16","71","189055.17","216399.95","125132.21"
"112","E16","72","189288.48","217215.86","124918.625"
"112","E16","73","189952.1","218206.97","124889.125"
"112","E16","74","190647.66","219035.36","125080.0"
"112","E16","75","190989.98","220228.61","124988.375"
"112","E16","76","191377.56","221133.95","124861.836"
"112","E16","77","192054.69","222297.11","124851.31"
"112","E16","78","192893.78","223542.34","125014.23"
"112","E16","79","193065.66","224591.52","124856.98"
"112","E16","80","194063.55","225952.17","124784.055"
"112","E16","81","195115.39","227460.64","124801.76"
"112","E16","82","195805.45","229137.12","124607.64"
"112","E16","83","196471.2","230679.97","124597.07"
"112","E16","84","197843.56","233205.72","124836.88"
"112","E16","85","199870.34","236614.4","124995.73"
"112","E16","86","201841.11","240632.62","125225.06"
"112","E16","87","203890.25","245014.34","125250.46"
"112","E16","88","207506.73","251394.77","125366.44"
"112","E16","89","212143.3","258923.55","125341.65"
"112","E16","90","216019.69","265637.94","125379.875"
"113","E17","1","67801.555","54525.906","132573.86"
"113","E17","2","67646.36","54511.97","132361.94"
"113","E17","3","67345.44","54608.67","132023.69"
"113","E17","4","66926.58","55096.332","131813.55"
"113","E17","5","66849.6","55452.387","131595.53"
"113","E17","6","66926.695","55541.84","131475.62"
"113","E17","7","66950.164","55613.777","131436.0"
"113","E17","8","67038.31","55986.21","131430.03"
"113","E17","9","66984.414","56053.895","131595.56"
"113","E17","10","66952.38","56126.16","131302.62"
"113","E17","11","66997.97","56321.074","131197.64"
"113","E17","12","67031.305","56288.105","131330.47"
"113","E17","13","67162.625","56393.453","131301.28"
"113","E17","14","67178.71","56527.938","131307.4"
"113","E17","15","67246.62","56464.71","131436.19"
"113","E17","16","67548.31","56413.36","131462.06"
"113","E17","17","67979.6","56706.617","131214.77"
"113","E17","18","68882.02","56794.062","131117.23"
"113","E17","19","70107.28","56959.86","131204.9"
"113","E17","20","72681.81","57773.145","131283.48"
"113","E17","21","77062.88","58673.543","131277.45"
"113","E17","22","84247.45","60488.78","131408.39"
"113","E17","23","95180.56","63382.824","131347.3"
"113","E17","24","109877.99","67622.484","131191.61"
"113","E17","25","127425.375","72770.555","131139.64"
"113","E17","26","145406.28","78630.625","131270.05"
"113","E17","27","161025.08","84366.45","131285.4"
"113","E17","28","173409.42","89138.92","131255.05"
"113","E17","29","182697.9","92762.06","131363.31"
"113","E17","30","189550.88","95528.5","131364.8"
"113","E17","31","194599.73","97536.66","131476.12"
"113","E17","32","198457.44","99243.08","131469.31"
"113","E17","33","201495.2","100725.19","131576.69"
"113","E17","34","203733.36","101780.56","131575.16"
"113","E17","35","205600.62","102866.92","131523.4"
"113","E17","36","206816.83","104286.88","131619.08"
"113","E17","37","207847.97","105337.695","131605.98"
"113","E17","38","208971.67","106361.586","131488.38"
"113","E17","39","209756.4","107399.36","131383.75"
"113","E17","40","210567.39","108301.2","131374.23"
"113","E17","41","211285.08","108991.41","131488.58"
"113","E17","42","212018.22","110095.44","131329.47"
"113","E17","43","212572.73","111001.484","131252.9"
"113","E17","44","213125.17","111922.75","131358.73"
"113","E17","45","213694.66","112841.69","131336.12"
"113","E17","46","214377.47","113668.0","131306.56"
"113","E17","47","214995.39","114659.08","131301.6"
"113","E17","48","215377.64","115550.28","131314.4"
"113","E17","49","216016.0","116045.54","131249.84"
"113","E17","50","216727.25","116978.94","131203.47"
"113","E17","51","217061.97","117669.28","131166.83"
"113","E17","52","217454.48","118259.945","131124.64"
"113","E17","53","218071.44","119409.74","131160.66"
"113","E17","54","218540.95","120087.945","131247.38"
"113","E17","55","218975.25","120545.96","131236.56"
"113","E17","56","219333.97","121718.6","131342.84"
"113","E17","57","219929.34","122436.93","131378.19"
"113","E17","58","220416.8","123308.78","131311.95"
"113","E17","59","220818.52","124341.266","131275.53"
"113","E17","60","221697.89","125056.68","131235.83"
"113","E17","61","222747.98","126132.84","131182.67"
"113","E17","62","223672.34","127233.664","131079.84"
"113","E17","63","225156.0","128586.46","131014.25"
"113","E17","64","227049.86","130700.73","131058.22"
"113","E17","65","229655.67","133085.7","131092.34"
"113","E17","66","233030.47","135563.08","130730.74"
"113","E17","67","237438.69","138335.45","130695.87"
"113","E17","68","242924.22","141907.38","130945.02"
"113","E17","69","250217.27","145662.75","130992.2"
"113","E17","70","256879.06","149841.4","131089.6"
"113","E17","71","264045.8","154116.62","131089.27"
"113","E17","72","272177.06","158306.45","131179.64"
"113","E17","73","280173.5","162673.52","131234.25"
"113","E17","74","288626.0","167415.08","131253.28"
"113","E17","75","297546.84","171939.17","131222.55"
"113","E17","76","306511.88","176242.84","131316.22"
"113","E17","77","315094.72","180766.75","131371.14"
"113","E17","78","324394.53","184927.31","131353.25"
"113","E17","79","333140.34","189559.31","131285.48"
"113","E17","80","342293.3","193933.89","131271.17"
"113","E17","81","352276.34","198050.86","131249.66"
"113","E17","82","361658.34","202496.98","131230.39"
"113","E17","83","370163.38","207214.05","131210.14"
"113","E17","84","378125.66","211629.8","131342.03"
"113","E17","85","387229.9","216395.92","131366.34"
"113","E17","86","395760.53","220939.61","131543.52"
"113","E17","87","404626.25","225316.67","131501.2"
"113","E17","88","413324.47","229779.12","131398.67"
"113","E17","89","420900.2","234042.81","131372.8"
"113","E17","90","428313.0","237492.31","131602.38"
"114","E18","1","65632.05","53770.18","132247.02"
"114","E18","2","65360.805","53812.965","132006.72"
"114","E18","3","65162.902","54305.97","131813.95"
"114","E18","4","65110.61","54725.336","131790.44"
"114","E18","5","65052.906","55163.184","131692.84"
"114","E18","6","65053.69","55368.848","131567.16"
"114","E18","7","65115.402","55441.047","131484.55"
"114","E18","8","65153.375","55467.203","131558.3"
"114","E18","9","65238.24","55692.594","131719.38"
"114","E18","10","65089.484","55808.473","131415.89"
"114","E18","11","65060.824","55750.87","131323.61"
"114","E18","12","65136.754","55871.008","131577.83"
"114","E18","13","65168.727","55903.344","131861.89"
"114","E18","14","65300.54","55996.824","131837.72"
"114","E18","15","65329.816","56117.062","131789.11"
"114","E18","16","65518.887","56248.3","131667.81"
"114","E18","17","65889.914","56384.07","131459.67"
"114","E18","18","66530.555","56666.887","131297.1"
"114","E18","19","67704.92","56854.82","131242.19"
"114","E18","20","69679.805","57482.914","131409.48"
"114","E18","21","72905.94","58376.586","131717.69"
"114","E18","22","78696.51","60001.8","131651.25"
"114","E18","23","87365.82","62895.715","131540.86"
"114","E18","24","98870.56","67075.76","131498.33"
"114","E18","25","112922.125","72768.266","131533.98"
"114","E18","26","128877.67","79319.26","131627.73"
"114","E18","27","144748.34","85905.625","131587.47"
"114","E18","28","158328.3","92016.57","131497.19"
"114","E18","29","169009.83","96922.84","131413.6"
"114","E18","30","177175.67","100182.65","131370.08"
"114","E18","31","183008.38","102539.414","131386.14"
"114","E18","32","187498.9","104380.82","131659.12"
"114","E18","33","190628.39","106019.76","131603.7"
"114","E18","34","193113.08","107142.46","131491.66"
"114","E18","35","195011.84","108291.51","131461.52"
"114","E18","36","196418.64","109516.86","131634.11"
"114","E18","37","197713.9","110705.55","131708.1"
"114","E18","38","198501.53","111732.7","131544.34"
"114","E18","39","199271.7","112501.195","131453.39"
"114","E18","40","200167.4","113388.51","131464.5"
"114","E18","41","200961.2","114217.23","131312.38"
"114","E18","42","201360.9","115452.195","131305.84"
"114","E18","43","201911.77","115993.27","131612.8"
"114","E18","44","202608.8","116796.375","131580.23"
"114","E18","45","203078.39","117820.42","131471.78"
"114","E18","46","203524.48","118800.83","131357.78"
"114","E18","47","203924.2","119404.72","131180.06"
"114","E18","48","204749.38","120309.195","131121.48"
"114","E18","49","205342.8","120925.695","131196.48"
"114","E18","50","205640.36","121675.55","131168.58"
"114","E18","51","206069.1","122500.61","131108.12"
"114","E18","52","206552.39","123543.73","131065.25"
"114","E18","53","206854.5","124269.47","131000.29"
"114","E18","54","207432.23","124706.41","131012.73"
"114","E18","55","208077.22","125463.91","131222.44"
"114","E18","56","208512.89","126623.77","131204.73"
"114","E18","57","208834.61","127047.57","131096.81"
"114","E18","58","209161.94","128236.055","131046.82"
"114","E18","59","209890.89","129073.3","131073.05"
"114","E18","60","210380.38","129498.83","131047.24"
"114","E18","61","210731.14","130430.03","131018.266"
"114","E18","62","211613.78","131477.0","131071.48"
"114","E18","63","212515.61","132605.1","131092.02"
"114","E18","64","213494.89","133892.16","131064.61"
"114","E18","65","215193.45","135804.44","131075.92"
"114","E18","66","217361.95","137873.86","131005.164"
"114","E18","67","220498.25","140384.08","130989.055"
"114","E18","68","224562.75","143659.67","131111.42"
"114","E18","69","228902.06","147277.28","131137.16"
"114","E18","70","234029.28","151243.84","131176.27"
"114","E18","71","240375.34","156004.75","131147.8"
"114","E18","72","246609.94","160707.22","131120.11"
"114","E18","73","252899.45","165274.62","130962.18"
"114","E18","74","260518.86","169739.73","130890.58"
"114","E18","75","267605.47","174498.83","130856.555"
"114","E18","76","275352.03","179266.2","130819.67"
"114","E18","77","283204.25","183941.23","130819.05"
"114","E18","78","291232.5","188844.95","130866.17"
"114","E18","79","298942.94","193583.75","130902.6"
"114","E18","80","307129.03","198370.28","130900.41"
"114","E18","81","314894.7","203242.28","130939.875"
"114","E18","82","323420.0","207740.31","130970.95"
"114","E18","83","332135.47","212398.77","131120.45"
"114","E18","84","340633.12","216970.78","131034.15"
"114","E18","85","349028.62","221577.56","130999.97"
"114","E18","86","357796.94","226297.52","131080.02"
"114","E18","87","366182.28","230946.81","130972.484"
"114","E18","88","374222.66","235348.47","130932.55"
"114","E18","89","382070.2","239787.75","130994.664"
"114","E18","90","389036.94","243669.2","130978.695"
"115","E19","1","65358.33","55879.67","131384.27"
"115","E19","2","65132.965","56106.54","131362.53"
"115","E19","3","64974.344","56466.348","131368.95"
"115","E19","4","64940.86","56776.81","131165.53"
"115","E19","5","64855.824","57170.29","131037.914"
"115","E19","6","64682.293","57488.99","130999.04"
"115","E19","7","64672.785","57759.3","131031.09"
"115","E19","8","64818.934","58038.758","131115.61"
"115","E19","9","64905.246","58212.625","131121.03"
"115","E19","10","64967.508","58123.168","131139.14"
"115","E19","11","65088.055","58060.68","131323.53"
"115","E19","12","65096.883","58151.848","131242.67"
"115","E19","13","65198.586","58197.484","131184.5"
"115","E19","14","65231.363","58335.137","131291.22"
"115","E19","15","65461.633","58374.71","131461.53"
"115","E19","16","65715.52","58674.344","131235.6"
"115","E19","17","65872.875","58710.52","130954.914"
"115","E19","18","66421.68","59036.8","130981.76"
"115","E19","19","67532.01","59367.72","131311.92"
"115","E19","20","69401.61","59823.02","131347.77"
"115","E19","21","72418.42","60894.625","131360.69"
"115","E19","22","77401.11","62677.02","131371.31"
"115","E19","23","84678.24","65393.945","131316.3"
"115","E19","24","94547.734","69239.18","131092.17"
"115","E19","25","106067.62","74955.66","131083.86"
"115","E19","26","119099.305","82327.51","131401.83"
"115","E19","27","132662.86","89942.695","131575.66"
"115","E19","28","145893.52","97268.484","131550.33"
"115","E19","29","157802.08","103579.88","131606.62"
"115","E19","30","166859.4","108158.13","131689.22"
"115","E19","31","173585.19","111160.75","131624.2"
"115","E19","32","178441.97","113332.1","131631.14"
"115","E19","33","182221.56","114996.055","131948.8"
"115","E19","34","184731.53","116389.98","132027.77"
"115","E19","35","186832.48","117439.01","132095.39"
"115","E19","36","188436.23","118811.21","132045.2"
"115","E19","37","189741.42","120044.64","131983.25"
"115","E19","38","190583.61","120782.43","132073.02"
"115","E19","39","191351.2","121518.5","131942.9"
"115","E19","40","192136.33","122578.84","131853.94"
"115","E19","41","192823.28","123535.125","131922.55"
"115","E19","42","193320.89","124400.68","131831.0"
"115","E19","43","194005.9","125383.77","131757.44"
"115","E19","44","194650.94","126218.24","131831.34"
"115","E19","45","194830.25","127393.16","131785.72"
"115","E19","46","195221.14","128285.65","131797.89"
"115","E19","47","196050.39","128964.48","131810.22"
"115","E19","48","196605.7","129674.19","131668.64"
"115","E19","49","196834.05","130248.95","131586.73"
"115","E19","50","197246.64","130923.92","131633.02"
"115","E19","51","197984.56","131727.38","131632.22"
"115","E19","52","198428.05","132465.4","131792.7"
"115","E19","53","199021.92","133256.86","131790.02"
"115","E19","54","199328.94","134035.42","131826.03"
"115","E19","55","199714.98","134905.69","131624.56"
"115","E19","56","200103.0","135628.56","131573.72"
"115","E19","57","200280.75","136377.53","131817.67"
"115","E19","58","200891.1","136769.88","131823.52"
"115","E19","59","201413.6","137483.95","131732.1"
"115","E19","60","201906.17","138492.42","131700.05"
"115","E19","61","202279.05","139610.36","131694.88"
"115","E19","62","202860.39","140305.48","131631.84"
"115","E19","63","203427.55","140917.92","131620.33"
"115","E19","64","204263.19","141903.78","131588.78"
"115","E19","65","204960.86","143063.39","131607.88"
"115","E19","66","206050.97","144722.42","131597.69"
"115","E19","67","207643.75","146703.06","131713.53"
"115","E19","68","209897.95","149239.14","131725.16"
"115","E19","69","212792.05","152082.61","131634.44"
"115","E19","70","215838.67","156031.38","131590.0"
"115","E19","71","220387.61","160373.08","131720.19"
"115","E19","72","225203.77","164919.1","131662.94"
"115","E19","73","230057.81","169607.6","131625.83"
"115","E19","74","235469.42","174834.22","131799.36"
"115","E19","75","240935.22","180039.45","131800.3"
"115","E19","76","246314.02","185330.6","131986.56"
"115","E19","77","252825.25","191101.72","132379.22"
"115","E19","78","259183.66","196286.92","132375.31"
"115","E19","79","265909.22","201353.53","132226.55"
"115","E19","80","272793.8","206620.73","132142.17"
"115","E19","81","278990.97","211634.73","132245.64"
"115","E19","82","286288.5","216906.88","132215.05"
"115","E19","83","293462.78","222264.75","132175.0"
"115","E19","84","300631.66","227184.56","132181.72"
"115","E19","85","308376.44","232221.44","132146.55"
"115","E19","86","315887.84","237132.12","132249.19"
"115","E19","87","323662.16","241878.44","132221.89"
"115","E19","88","330897.9","247135.6","132325.61"
"115","E19","89","338542.1","252126.77","132368.56"
"115","E19","90","345902.4","255922.95","132448.19"
"116","E20","1","50186.414","52204.28","132133.06"
"116","E20","2","50117.28","52332.09","132028.66"
"116","E20","3","49823.883","52689.582","131659.84"
"116","E20","4","49627.777","52988.9","131606.83"
"116","E20","5","49581.312","53490.89","131727.19"
"116","E20","6","49569.69","53634.03","131765.56"
"116","E20","7","49592.08","53705.88","131905.28"
"116","E20","8","49744.06","53843.516","131921.56"
"116","E20","9","49957.742","53948.75","131956.77"
"116","E20","10","50037.184","54085.457","131981.45"
"116","E20","11","50014.215","54308.94","132236.23"
"116","E20","12","50065.125","54440.27","132392.14"
"116","E20","13","50067.066","54531.047","132354.28"
"116","E20","14","50246.258","54462.117","132158.45"
"116","E20","15","50430.52","54528.2","132112.12"
"116","E20","16","50584.293","54808.258","132304.19"
"116","E20","17","50996.52","54930.246","132283.84"
"116","E20","18","51433.77","55105.363","132270.47"
"116","E20","19","52622.82","55215.203","132411.55"
"116","E20","20","54313.004","55856.145","132576.44"
"116","E20","21","57123.14","56781.184","132393.1"
"116","E20","22","61595.023","58376.06","132319.88"
"116","E20","23","68577.15","61198.695","132477.88"
"116","E20","24","77606.875","65657.875","132409.17"
"116","E20","25","87752.74","71717.68","132331.61"
"116","E20","26","98555.19","79083.07","132373.36"
"116","E20","27","109861.72","87628.586","132339.31"
"116","E20","28","120563.02","96350.38","132380.7"
"116","E20","29","130674.9","104110.38","132369.44"
"116","E20","30","139283.67","109990.42","132600.72"
"116","E20","31","146512.77","114120.22","132936.0"
"116","E20","32","151783.69","117007.234","132932.72"
"116","E20","33","155375.08","118975.09","132987.7"
"116","E20","34","157807.52","120831.56","133123.66"
"116","E20","35","159846.47","122671.19","133374.39"
"116","E20","36","161436.98","123883.02","133446.94"
"116","E20","37","162667.2","124812.66","133343.05"
"116","E20","38","163701.2","126027.125","133330.77"
"116","E20","39","164214.72","126911.664","133412.89"
"116","E20","40","164767.72","127681.734","133297.42"
"116","E20","41","165369.62","128725.75","133200.27"
"116","E20","42","165990.05","129519.516","133320.2"
"116","E20","43","166618.62","130709.66","133305.23"
"116","E20","44","167161.31","131611.36","133234.23"
"116","E20","45","167768.3","132489.02","133354.7"
"116","E20","46","168216.88","133212.06","133342.58"
"116","E20","47","168621.39","134201.5","133480.48"
"116","E20","48","169237.97","135047.83","133453.31"
"116","E20","49","169657.08","135889.94","133377.4"
"116","E20","50","170072.88","136756.61","133400.36"
"116","E20","51","170274.92","137501.28","133581.7"
"116","E20","52","170787.56","138370.52","133493.62"
"116","E20","53","171273.69","139335.23","133351.05"
"116","E20","54","171556.34","139968.06","133324.53"
"116","E20","55","172062.6","140592.36","133356.97"
"116","E20","56","172311.84","141362.31","133371.1"
"116","E20","57","172774.86","141884.52","133511.64"
"116","E20","58","173195.5","142696.81","133352.78"
"116","E20","59","173416.8","143543.3","133204.33"
"116","E20","60","174084.78","144442.98","133246.84"
"116","E20","61","174485.6","145257.73","133452.9"
"116","E20","62","174854.48","145836.55","133411.89"
"116","E20","63","175105.86","146460.4","133317.8"
"116","E20","64","175390.05","147532.58","133197.0"
"116","E20","65","175940.6","148469.75","133178.19"
"116","E20","66","176652.4","149796.5","133278.81"
"116","E20","67","177398.03","151123.19","133409.5"
"116","E20","68","178311.53","152878.98","133299.95"
"116","E20","69","179667.89","154439.39","133196.55"
"116","E20","70","181342.19","157343.97","133270.47"
"116","E20","71","183681.66","160632.77","133161.08"
"116","E20","72","186519.48","164499.42","133112.5"
"116","E20","73","189878.92","169154.48","133439.16"
"116","E20","74","193430.14","174018.23","133582.2"
"116","E20","75","197334.92","179573.86","133472.69"
"116","E20","76","201444.64","184720.42","133392.83"
"116","E20","77","205943.16","190030.47","133483.83"
"116","E20","78","210785.39","195657.38","133710.4"
"116","E20","79","215481.5","200999.88","133700.98"
"116","E20","80","220451.66","206357.0","133758.64"
"116","E20","81","225120.44","211667.23","133809.14"
"116","E20","82","230362.16","216985.39","133743.52"
"116","E20","83","235520.66","221937.16","133919.92"
"116","E20","84","241462.7","226776.95","134129.0"
"116","E20","85","247750.48","231925.52","134141.05"
"116","E20","86","253107.48","236903.22","134052.16"
"116","E20","87","259066.36","242055.89","134126.8"
"116","E20","88","266048.0","246946.27","134193.16"
"116","E20","89","272683.94","251319.84","134449.78"
"116","E20","90","279311.6","254884.88","134422.42"
"117","E21","1","60010.38","62593.027","129598.03"
"117","E21","2","59926.16","62627.02","129343.85"
"117","E21","3","59793.715","63021.773","129135.21"
"117","E21","4","59637.457","63258.38","129007.97"
"117","E21","5","59553.637","63576.984","128760.36"
"117","E21","6","59475.918","64024.43","128777.96"
"117","E21","7","59312.992","64561.695","129055.31"
"117","E21","8","59327.883","64682.57","128968.71"
"117","E21","9","59520.27","64734.746","128930.13"
"117","E21","10","59435.066","64743.35","129061.984"
"117","E21","11","59439.203","64791.36","129059.62"
"117","E21","12","59687.953","64957.02","129022.05"
"117","E21","13","59752.29","64890.566","129108.76"
"117","E21","14","59838.816","64931.766","129261.2"
"117","E21","15","59970.832","65064.723","129284.38"
"117","E21","16","60035.14","65269.395","129355.24"
"117","E21","17","60534.36","65404.836","129347.91"
"117","E21","18","61210.598","65762.375","129352.35"
"117","E21","19","62025.137","66328.85","129399.02"
"117","E21","20","63647.92","66817.92","129209.82"
"117","E21","21","66632.945","67586.45","129138.07"
"117","E21","22","71168.35","69129.57","129268.625"
"117","E21","23","77953.375","72003.35","129381.92"
"117","E21","24","86223.73","76337.8","129424.39"
"117","E21","25","95655.61","82578.72","129407.35"
"117","E21","26","105333.05","90165.27","129567.71"
"117","E21","27","114634.086","98375.414","129635.32"
"117","E21","28","122974.375","107259.125","129588.51"
"117","E21","29","130513.15","115333.125","129690.01"
"117","E21","30","136891.22","122469.5","129920.46"
"117","E21","31","142494.11","127804.164","130131.11"
"117","E21","32","146691.61","131638.42","130137.33"
"117","E21","33","149773.84","134428.14","130340.65"
"117","E21","34","152076.14","136448.73","130366.07"
"117","E21","35","153688.5","137873.17","130278.44"
"117","E21","36","154991.88","139551.47","130367.63"
"117","E21","37","155942.14","140736.78","130542.45"
"117","E21","38","156664.12","141887.95","130530.57"
"117","E21","39","157573.3","142942.88","130430.805"
"117","E21","40","157935.55","144003.97","130453.11"
"117","E21","41","158647.19","144673.56","130388.07"
"117","E21","42","159157.75","145680.73","130290.2"
"117","E21","43","159556.19","147109.31","130220.83"
"117","E21","44","160126.97","147812.33","130367.5"
"117","E21","45","160406.08","148339.48","130352.56"
"117","E21","46","160649.1","149179.08","130351.375"
"117","E21","47","160907.84","150255.08","130346.85"
"117","E21","48","161460.03","151165.14","130296.72"
"117","E21","49","161747.55","151923.53","130404.14"
"117","E21","50","161911.08","152829.31","130156.8"
"117","E21","51","162245.86","153681.52","130030.79"
"117","E21","52","162529.83","154084.81","130187.05"
"117","E21","53","162740.45","154745.4","130358.1"
"117","E21","54","162766.77","155713.38","130412.12"
"117","E21","55","163095.84","156123.25","130291.59"
"117","E21","56","163290.47","157161.34","130177.49"
"117","E21","57","163604.7","157935.75","130184.98"
"117","E21","58","163996.28","158690.47","130163.375"
"117","E21","59","164176.52","159495.45","130394.52"
"117","E21","60","164329.38","160236.45","130431.94"
"117","E21","61","164799.48","160636.44","130316.54"
"117","E21","62","165319.19","161877.75","130143.62"
"117","E21","63","165226.56","162301.58","130038.94"
"117","E21","64","165447.39","162828.86","130092.75"
"117","E21","65","166011.34","163701.6","130023.85"
"117","E21","66","165909.98","164599.19","129991.96"
"117","E21","67","165949.77","165337.33","130284.43"
"117","E21","68","166549.7","166403.5","130298.25"
"117","E21","69","166802.92","167444.88","130002.62"
"117","E21","70","167356.16","168692.02","129857.266"
"117","E21","71","167696.3","170249.4","129863.055"
"117","E21","72","167839.19","172086.52","129866.88"
"117","E21","73","168511.44","174670.52","130125.43"
"117","E21","74","169560.16","178339.84","130022.6"
"117","E21","75","170230.81","182740.16","129960.58"
"117","E21","76","171664.5","187697.52","130258.664"
"117","E21","77","173237.7","193402.9","130497.9"
"117","E21","78","174777.8","199438.45","130546.04"
"117","E21","79","176564.2","206037.23","130582.445"
"117","E21","80","178802.89","212589.66","130694.195"
"117","E21","81","180804.0","218602.08","130825.87"
"117","E21","82","183041.98","224947.34","130866.484"
"117","E21","83","185630.39","231723.19","130955.31"
"117","E21","84","187906.95","238419.03","130905.74"
"117","E21","85","190186.98","245124.22","130930.04"
"117","E21","86","193043.92","251490.88","131092.84"
"117","E21","87","195858.39","258241.1","131021.93"
"117","E21","88","198761.34","264728.34","131109.45"
"117","E21","89","202344.0","271024.56","131432.44"
"117","E21","90","204727.89","276577.62","131403.72"
"118","E22","1","61572.145","58565.742","129751.78"
"118","E22","2","61202.953","58604.703","129471.16"
"118","E22","3","60915.066","59052.54","129076.82"
"118","E22","4","60779.586","59316.438","129008.97"
"118","E22","5","60727.773","59669.83","129029.61"
"118","E22","6","60695.87","60021.043","128999.19"
"118","E22","7","60696.883","60322.613","128995.09"
"118","E22","8","60733.84","60476.18","129025.83"
"118","E22","9","60790.09","60748.23","129027.76"
"118","E22","10","61036.066","60915.523","129042.06"
"118","E22","11","61074.984","60855.99","129143.75"
"118","E22","12","61045.426","60951.7","129126.7"
"118","E22","13","61108.39","61041.004","129126.99"
"118","E22","14","61122.51","61367.246","129257.23"
"118","E22","15","61274.312","61390.035","129274.94"
"118","E22","16","61338.562","61322.082","129330.805"
"118","E22","17","61733.27","61325.383","129222.63"
"118","E22","18","62273.246","61570.836","129188.234"
"118","E22","19","63213.26","61975.88","129291.805"
"118","E22","20","64904.17","62722.574","129326.43"
"118","E22","21","67928.2","63503.96","129429.56"
"118","E22","22","72303.375","65093.06","129133.95"
"118","E22","23","78585.836","67752.87","129053.51"
"118","E22","24","86802.3","71954.195","129194.59"
"118","E22","25","96231.89","78027.38","129459.2"
"118","E22","26","105743.61","85521.75","129588.945"
"118","E22","27","114804.45","94023.78","129863.7"
"118","E22","28","123298.414","102450.2","129980.54"
"118","E22","29","130519.055","110762.125","130055.95"
"118","E22","30","137249.95","117799.55","130208.586"
"118","E22","31","142642.03","122985.79","130344.8"
"118","E22","32","146731.1","127210.63","130317.92"
"118","E22","33","150195.73","129927.95","130415.11"
"118","E22","34","152454.73","132099.23","130379.984"
"118","E22","35","154061.56","133523.27","130437.67"
"118","E22","36","155567.75","135140.86","130329.96"
"118","E22","37","156499.1","136106.45","130242.71"
"118","E22","38","157060.19","137133.05","130347.25"
"118","E22","39","157845.45","138262.6","130363.47"
"118","E22","40","158725.45","139045.9","130365.375"
"118","E22","41","159044.69","140187.1","130218.43"
"118","E22","42","159471.28","141298.92","130145.39"
"118","E22","43","159880.0","142225.03","130297.56"
"118","E22","44","160123.22","143215.36","130269.64"
"118","E22","45","160404.44","144013.2","130294.54"
"118","E22","46","160608.22","145034.52","130255.65"
"118","E22","47","161049.6","145736.22","130356.81"
"118","E22","48","161581.23","146486.3","130321.84"
"118","E22","49","161621.95","147594.3","130399.664"
"118","E22","50","162154.1","148410.98","130431.125"
"118","E22","51","162343.22","148781.62","130395.66"
"118","E22","52","162596.97","149614.27","130283.14"
"118","E22","53","162841.9","150454.36","130276.83"
"118","E22","54","163201.31","151227.33","130520.6"
"118","E22","55","163389.78","151800.44","130463.3"
"118","E22","56","163561.58","152797.72","130344.03"
"118","E22","57","163699.4","153346.92","130387.19"
"118","E22","58","164055.94","154104.88","130576.51"
"118","E22","59","164281.0","155030.52","130511.68"
"118","E22","60","164357.03","155783.5","130391.82"
"118","E22","61","164736.89","156229.55","130293.3"
"118","E22","62","164816.58","157325.62","130280.86"
"118","E22","63","165106.31","157957.56","130192.4"
"118","E22","64","165449.11","158490.42","130147.18"
"118","E22","65","165629.84","159280.2","130176.68"
"118","E22","66","165617.39","160115.62","130367.29"
"118","E22","67","165947.72","160885.45","130285.4"
"118","E22","68","166372.67","161906.19","130158.73"
"118","E22","69","166843.8","162954.23","130127.83"
"118","E22","70","167099.83","164556.64","130206.89"
"118","E22","71","167433.77","166358.05","130215.69"
"118","E22","72","168123.1","168259.89","130180.6"
"118","E22","73","169036.55","171226.44","130378.66"
"118","E22","74","169781.47","174415.8","130457.414"
"118","E22","75","170772.55","178736.69","130387.48"
"118","E22","76","172163.39","184070.36","130307.516"
"118","E22","77","173801.31","189445.66","130460.68"
"118","E22","78","175581.27","195215.25","130696.97"
"118","E22","79","177372.75","201205.89","130616.51"
"118","E22","80","179389.83","207327.78","130561.96"
"118","E22","81","181594.05","213411.22","130821.3"
"118","E22","82","184058.08","220048.02","130863.2"
"118","E22","83","186275.02","225926.17","131104.67"
"118","E22","84","188657.6","231246.14","131254.61"
"118","E22","85","191551.64","237705.34","131296.6"
"118","E22","86","194419.84","243653.4","131345.69"
"118","E22","87","197492.25","249135.25","131457.4"
"118","E22","88","200913.78","255306.7","131319.95"
"118","E22","89","204076.98","260991.02","131212.56"
"118","E22","90","207031.34","265812.72","131396.44"
"119","E23","1","62448.61","64091.89","124988.62"
"119","E23","2","62268.438","64113.676","124779.81"
"119","E23","3","61734.336","64520.05","124456.695"
"119","E23","4","61596.03","65290.72","124105.52"
"119","E23","5","61572.69","65711.66","123977.055"
"119","E23","6","61542.363","65971.73","123880.984"
"119","E23","7","61557.156","66173.79","123867.72"
"119","E23","8","61636.312","66302.01","123966.66"
"119","E23","9","61586.03","66329.06","124193.18"
"119","E23","10","61562.99","66372.24","124213.336"
"119","E23","11","61584.12","66494.234","124166.15"
"119","E23","12","61623.97","66607.0","124162.42"
"119","E23","13","61840.516","66717.875","124179.38"
"119","E23","14","61959.523","66907.02","124378.13"
"119","E23","15","61971.863","67261.8","124379.08"
"119","E23","16","62181.63","67341.92","124372.55"
"119","E23","17","62523.887","67302.03","124318.06"
"119","E23","18","63213.223","67374.34","124278.875"
"119","E23","19","64165.29","67646.62","124283.625"
"119","E23","20","65707.91","68410.64","124491.27"
"119","E23","21","68654.99","69357.4","124490.43"
"119","E23","22","72953.57","71216.53","124524.18"
"119","E23","23","79206.52","74392.52","124637.32"
"119","E23","24","87245.45","79047.11","124705.97"
"119","E23","25","96220.22","85506.88","124680.18"
"119","E23","26","105274.22","93060.16","124800.29"
"119","E23","27","113475.81","101609.29","124880.91"
"119","E23","28","120928.125","110298.51","124988.0"
"119","E23","29","127617.22","118159.05","125099.22"
"119","E23","30","132892.38","125126.29","125320.875"
"119","E23","31","136863.89","130556.33","125511.82"
"119","E23","32","140245.14","134433.42","125469.57"
"119","E23","33","142836.14","137123.84","125466.805"
"119","E23","34","144569.81","139430.8","125395.49"
"119","E23","35","145907.03","140925.02","125355.234"
"119","E23","36","146904.05","142683.81","125370.555"
"119","E23","37","147705.98","143640.81","125462.266"
"119","E23","38","148311.95","144900.27","125449.55"
"119","E23","39","148833.53","146041.75","125331.48"
"119","E23","40","149090.84","147386.39","125291.63"
"119","E23","41","149544.03","148416.7","125440.57"
"119","E23","42","149872.67","149230.81","125528.57"
"119","E23","43","150012.73","150336.52","125589.58"
"119","E23","44","150364.81","151211.03","125556.586"
"119","E23","45","150706.98","152238.36","125553.52"
"119","E23","46","150955.16","153091.22","125523.57"
"119","E23","47","150892.83","154186.62","125634.1"
"119","E23","48","151079.67","155032.28","125622.18"
"119","E23","49","151482.48","155943.88","125540.36"
"119","E23","50","151716.83","156515.42","125610.49"
"119","E23","51","151969.58","157192.33","125548.516"
"119","E23","52","152038.44","157759.95","125570.305"
"119","E23","53","152013.03","158703.33","125532.25"
"119","E23","54","152380.61","159384.88","125544.0"
"119","E23","55","152696.77","160334.55","125499.125"
"119","E23","56","152525.77","161130.39","125611.28"
"119","E23","57","152798.05","161884.05","125543.79"
"119","E23","58","153051.86","162729.94","125495.77"
"119","E23","59","153156.0","163640.11","125436.13"
"119","E23","60","153475.08","164187.34","125547.43"
"119","E23","61","153936.11","164784.31","125412.42"
"119","E23","62","153844.22","165835.77","125264.62"
"119","E23","63","153877.58","166914.94","125242.27"
"119","E23","64","154021.38","167293.73","125378.05"
"119","E23","65","153905.31","168142.89","125348.13"
"119","E23","66","154305.89","168906.58","125441.36"
"119","E23","67","154523.12","169632.1","125437.59"
"119","E23","68","154376.62","170135.25","125286.14"
"119","E23","69","154704.64","170659.03","125217.414"
"119","E23","70","154716.64","171773.45","125409.695"
"119","E23","71","155007.89","172621.48","125384.09"
"119","E23","72","155244.06","173681.5","125368.74"
"119","E23","73","155566.98","175042.11","125389.19"
"119","E23","74","155810.02","176861.1","125400.69"
"119","E23","75","155679.33","179293.47","125523.35"
"119","E23","76","155711.8","181823.34","125592.92"
"119","E23","77","156135.9","185045.67","125544.9"
"119","E23","78","156384.83","189828.58","125673.4"
"119","E23","79","156664.4","195505.25","125644.53"
"119","E23","80","156944.17","200742.66","125628.664"
"119","E23","81","157229.9","207544.11","125697.1"
"119","E23","82","157704.55","214138.89","125958.95"
"119","E23","83","158304.67","220616.61","126141.76"
"119","E23","84","158914.48","227695.78","126139.02"
"119","E23","85","159746.8","234638.8","126093.51"
"119","E23","86","160404.42","241759.88","126412.39"
"119","E23","87","160869.77","248637.06","126609.75"
"119","E23","88","161932.7","255317.67","126609.17"
"119","E23","89","162738.42","261943.47","126568.914"
"119","E23","90","163167.56","267488.4","126649.68"
"120","E24","1","63155.555","61866.434","124675.44"
"120","E24","2","63027.32","61883.062","124281.875"
"120","E24","3","62793.895","62247.86","124045.766"
"120","E24","4","62374.78","63055.266","124025.52"
"120","E24","5","62287.375","63413.316","123973.84"
"120","E24","6","62344.234","63427.133","123915.7"
"120","E24","7","62370.344","63696.805","123925.555"
"120","E24","8","62410.086","63923.004","124052.14"
"120","E24","9","62406.34","64182.695","123802.03"
"120","E24","10","62375.56","64421.906","123730.4"
"120","E24","11","62354.844","64452.36","123791.484"
"120","E24","12","62330.586","64429.293","123939.29"
"120","E24","13","62344.117","64412.766","123900.52"
"120","E24","14","62440.844","64561.273","123876.16"
"120","E24","15","62471.13","64697.586","123955.3"
"120","E24","16","62711.656","64660.17","123960.23"
"120","E24","17","63179.145","64807.117","123975.15"
"120","E24","18","63579.207","64965.754","123997.805"
"120","E24","19","64542.99","65707.03","124105.31"
"120","E24","20","66118.9","66336.26","124105.125"
"120","E24","21","69078.14","66966.93","123985.16"
"120","E24","22","73626.95","68671.01","123972.76"
"120","E24","23","80258.83","71546.58","124161.92"
"120","E24","24","88177.55","75877.89","124157.414"
"120","E24","25","97136.78","82081.805","124142.695"
"120","E24","26","106326.555","89419.125","124342.54"
"120","E24","27","114970.54","98033.16","124580.58"
"120","E24","28","122568.89","106478.16","124714.06"
"120","E24","29","129020.055","114234.78","124807.51"
"120","E24","30","134259.92","121001.625","124851.34"
"120","E24","31","138416.31","126759.96","124834.66"
"120","E24","32","141591.52","130948.625","124795.33"
"120","E24","33","143734.36","134000.16","124978.7"
"120","E24","34","145277.03","136054.12","125135.21"
"120","E24","35","146594.84","137643.69","125283.16"
"120","E24","36","147847.47","139129.25","125203.555"
"120","E24","37","148558.34","140483.34","125092.445"
"120","E24","38","148926.3","141654.94","125014.44"
"120","E24","39","149455.95","142954.0","125116.15"
"120","E24","40","149859.47","143555.16","125113.586"
"120","E24","41","149980.52","144999.25","125015.9"
"120","E24","42","150298.53","146199.95","124971.07"
"120","E24","43","150532.39","146992.03","124928.336"
"120","E24","44","150740.95","147731.38","125083.99"
"120","E24","45","150673.19","148873.47","125072.43"
"120","E24","46","151325.2","149714.94","125021.93"
"120","E24","47","151285.1","150269.44","124967.35"
"120","E24","48","151404.1","151051.33","124922.945"
"120","E24","49","151567.06","152213.16","124868.836"
"120","E24","50","151602.28","153027.27","124973.7"
"120","E24","51","151749.72","153717.1","124899.52"
"120","E24","52","152217.73","154867.03","124778.02"
"120","E24","53","152266.12","155909.86","124728.5"
"120","E24","54","152383.28","156461.0","124945.89"
"120","E24","55","152535.27","156941.08","125089.71"
"120","E24","56","152487.06","157650.56","125045.63"
"120","E24","57","152777.06","158423.02","125081.75"
"120","E24","58","152903.34","159289.14","124950.164"
"120","E24","59","153018.16","159932.2","124899.984"
"120","E24","60","152999.31","160548.8","125098.5"
"120","E24","61","152971.55","161232.16","124882.16"
"120","E24","62","153009.25","161831.31","124790.19"
"120","E24","63","153116.89","162706.06","124980.73"
"120","E24","64","153242.31","163999.28","124923.195"
"120","E24","65","153435.83","164460.75","124841.31"
"120","E24","66","153662.38","165070.98","124958.22"
"120","E24","67","153526.47","165978.61","125070.555"
"120","E24","68","153804.84","166604.55","125083.34"
"120","E24","69","154051.86","166748.64","125138.84"
"120","E24","70","153879.16","167574.25","125141.914"
"120","E24","71","153898.31","168507.8","125076.86"
"120","E24","72","154015.16","169359.5","125130.33"
"120","E24","73","154058.06","169945.94","124985.305"
"120","E24","74","154270.1","170856.16","124891.22"
"120","E24","75","154539.72","171567.75","124978.43"
"120","E24","76","154653.9","172264.97","124945.51"
"120","E24","77","155054.6","172911.31","124990.46"
"120","E24","78","155022.81","173927.42","124841.945"
"120","E24","79","154828.14","175134.34","124713.49"
"120","E24","80","155218.25","175975.97","124727.62"
"120","E24","81","155313.78","177108.86","124949.02"
"120","E24","82","155171.11","178908.92","124922.6"
"120","E24","83","155189.94","180971.8","124891.516"
"120","E24","84","155165.48","183761.25","124853.25"
"120","E24","85","155245.6","187324.34","125028.01"
"120","E24","86","155199.95","191875.58","125153.25"
"120","E24","87","155077.83","197144.6","125273.984"
"120","E24","88","154914.84","203331.31","125226.35"
"120","E24","89","154727.12","209823.53","125276.13"
"120","E24","90","154635.05","215454.8","125252.73"
"121","F1","1","63298.07","57813.94","134682.86"
"121","F1","2","63148.19","57828.863","134239.92"
"121","F1","3","62905.223","58012.016","133703.05"
"121","F1","4","62546.47","58151.16","133567.03"
"121","F1","5","62473.332","58411.953","133518.33"
"121","F1","6","62529.223","58670.938","133399.53"
"121","F1","7","62624.098","58780.105","133295.66"
"121","F1","8","62956.453","58954.613","133282.6"
"121","F1","9","63536.56","59113.49","133354.39"
"121","F1","10","64499.086","59253.98","133207.22"
"121","F1","11","66199.7","59337.086","133181.27"
"121","F1","12","69598.11","59708.105","133287.94"
"121","F1","13","75072.516","60274.184","133400.98"
"121","F1","14","83539.72","61044.76","133376.94"
"121","F1","15","95926.875","62383.723","133288.73"
"121","F1","16","111746.88","64734.74","133223.95"
"121","F1","17","130472.07","68028.44","133230.92"
"121","F1","18","151192.67","72294.5","133337.81"
"121","F1","19","172183.56","77144.055","133267.05"
"121","F1","20","192160.25","81905.0","133266.42"
"121","F1","21","209251.16","85966.836","133426.64"
"121","F1","22","223278.38","89233.72","133406.14"
"121","F1","23","234116.81","91990.26","133368.72"
"121","F1","24","243420.6","94272.0","133402.6"
"121","F1","25","251742.78","96042.16","133387.14"
"121","F1","26","257846.44","97660.016","133409.1"
"121","F1","27","262583.84","99189.9","133396.89"
"121","F1","28","266259.88","100410.14","133470.11"
"121","F1","29","269739.03","101352.36","133597.39"
"121","F1","30","272129.94","102389.125","133786.56"
"121","F1","31","274237.1","103150.72","133763.34"
"121","F1","32","275731.66","104116.56","133688.31"
"121","F1","33","277374.12","104947.6","133594.36"
"121","F1","34","278786.88","105742.086","133538.39"
"121","F1","35","279592.5","106385.25","133595.06"
"121","F1","36","280100.97","107119.52","133660.39"
"121","F1","37","280902.06","108062.67","133547.62"
"121","F1","38","281901.22","108682.16","133505.92"
"121","F1","39","282963.6","109146.766","133656.4"
"121","F1","40","283533.16","109666.805","133761.55"
"121","F1","41","284238.34","110688.14","133707.98"
"121","F1","42","284813.34","111503.8","133637.69"
"121","F1","43","285173.03","111819.9","133660.22"
"121","F1","44","285635.94","112617.89","133783.16"
"121","F1","45","286441.62","113074.5","133832.89"
"121","F1","46","287022.8","113858.34","133808.3"
"121","F1","47","287567.97","114594.234","133815.4"
"121","F1","48","288018.6","114767.55","133790.86"
"121","F1","49","288597.72","115481.09","133907.52"
"121","F1","50","289670.28","116189.58","133930.92"
"121","F1","51","289962.06","116741.984","133825.1"
"121","F1","52","290466.34","117305.84","133729.64"
"121","F1","53","290655.53","117782.16","133664.92"
"121","F1","54","291294.28","118272.41","133631.84"
"121","F1","55","291771.03","118629.25","133739.33"
"121","F1","56","292466.84","119436.07","133754.97"
"121","F1","57","293186.1","120076.36","133701.94"
"121","F1","58","293898.44","120486.98","133463.81"
"121","F1","59","294546.4","121197.484","133411.08"
"121","F1","60","294930.6","121893.7","133547.53"
"121","F1","61","295724.28","123289.61","133478.88"
"121","F1","62","296934.84","124236.5","133470.28"
"121","F1","63","299125.53","125738.7","133679.42"
"121","F1","64","301739.22","127807.195","133672.22"
"121","F1","65","305430.16","130415.38","133654.34"
"121","F1","66","309816.22","133597.11","133721.06"
"121","F1","67","314722.38","137375.92","133763.86"
"121","F1","68","320149.3","141841.72","133833.97"
"121","F1","69","326673.72","146765.25","133741.92"
"121","F1","70","334045.7","151902.5","133708.45"
"121","F1","71","341683.88","157180.02","133880.33"
"121","F1","72","348796.62","162850.73","133887.81"
"121","F1","73","356668.8","168576.75","133962.23"
"121","F1","74","363906.94","174511.19","133942.7"
"121","F1","75","371199.12","180423.55","134075.08"
"121","F1","76","378996.75","186166.05","134260.89"
"121","F1","77","386583.28","192150.16","134253.12"
"121","F1","78","393829.44","198050.11","134378.66"
"121","F1","79","401288.62","204204.47","134452.97"
"121","F1","80","408480.72","210124.06","134435.11"
"121","F1","81","415091.62","216233.38","134393.0"
"121","F1","82","421919.16","222154.47","134558.81"
"121","F1","83","428188.06","228379.39","134595.77"
"121","F1","84","434763.94","234650.19","134772.56"
"121","F1","85","441440.53","240705.22","134807.78"
"121","F1","86","447341.2","246936.78","134860.58"
"121","F1","87","453551.2","252883.92","134826.3"
"121","F1","88","458548.25","259011.06","134870.25"
"121","F1","89","464052.47","264453.7","134903.53"
"121","F1","90","468617.7","269285.3","134958.33"
"122","F2","1","65879.65","55379.336","128508.23"
"122","F2","2","65670.36","55392.066","128201.28"
"122","F2","3","65302.008","55598.0","127692.12"
"122","F2","4","65144.16","55879.723","127512.89"
"122","F2","5","64944.527","56012.42","127390.984"
"122","F2","6","64912.18","56156.637","127186.195"
"122","F2","7","65012.375","56281.742","127123.18"
"122","F2","8","65204.504","56368.863","127201.625"
"122","F2","9","65536.96","56637.35","127049.38"
"122","F2","10","66383.055","56876.28","126934.85"
"122","F2","11","68104.875","57139.684","126885.586"
"122","F2","12","71140.44","57237.08","126854.73"
"122","F2","13","76238.69","57660.1","126732.8"
"122","F2","14","84073.67","58593.434","126773.58"
"122","F2","15","95122.07","59950.957","127082.055"
"122","F2","16","108990.75","62050.02","127182.85"
"122","F2","17","125068.85","65236.43","127101.69"
"122","F2","18","142553.25","69667.52","126934.31"
"122","F2","19","161043.47","75231.55","126919.625"
"122","F2","20","179294.17","81205.48","127125.67"
"122","F2","21","195708.14","87004.484","127208.21"
"122","F2","22","210082.73","91583.875","127421.695"
"122","F2","23","221806.47","95022.14","127386.83"
"122","F2","24","230705.8","97649.4","127291.97"
"122","F2","25","238227.67","99524.34","127269.54"
"122","F2","26","244025.39","101539.98","127421.03"
"122","F2","27","248498.45","102955.79","127512.21"
"122","F2","28","252168.19","103906.46","127483.59"
"122","F2","29","255127.16","104903.86","127458.69"
"122","F2","30","257142.47","105989.89","127604.56"
"122","F2","31","258385.64","107005.016","127450.1"
"122","F2","32","260309.22","107856.19","127359.62"
"122","F2","33","261656.47","108628.016","127420.05"
"122","F2","34","262944.34","109252.055","127432.24"
"122","F2","35","264279.44","110022.49","127628.875"
"122","F2","36","264898.6","110898.68","127621.66"
"122","F2","37","265892.25","111713.984","127641.21"
"122","F2","38","266960.88","112205.46","127553.78"
"122","F2","39","267216.44","112885.99","127470.6"
"122","F2","40","267715.44","113534.445","127505.48"
"122","F2","41","268056.25","114206.29","127537.33"
"122","F2","42","268520.72","114809.484","127472.14"
"122","F2","43","269430.06","115470.766","127443.75"
"122","F2","44","270197.5","115786.2","127479.625"
"122","F2","45","270367.0","116617.47","127705.93"
"122","F2","46","271115.03","117213.05","127743.9"
"122","F2","47","271531.97","117873.61","127670.875"
"122","F2","48","271743.5","118447.13","127700.555"
"122","F2","49","272809.22","119098.21","127750.32"
"122","F2","50","273372.6","119642.4","127679.09"
"122","F2","51","273381.5","120276.836","127554.33"
"122","F2","52","274097.22","120627.84","127398.664"
"122","F2","53","274181.2","121044.195","127327.77"
"122","F2","54","274954.2","121789.336","127413.43"
"122","F2","55","275344.4","122373.945","127462.52"
"122","F2","56","275285.0","122891.586","127489.77"
"122","F2","57","276175.84","123492.43","127522.92"
"122","F2","58","277209.1","124126.5","127537.5"
"122","F2","59","277550.8","124870.24","127605.555"
"122","F2","60","277996.3","125547.555","127551.04"
"122","F2","61","279314.22","126578.25","127510.836"
"122","F2","62","280823.62","127803.13","127405.95"
"122","F2","63","281986.8","129679.195","127340.21"
"122","F2","64","284657.2","131826.9","127432.43"
"122","F2","65","288038.66","134414.53","127529.42"
"122","F2","66","291778.8","137763.39","127522.64"
"122","F2","67","296744.62","142094.38","127518.61"
"122","F2","68","302181.22","146799.19","127684.195"
"122","F2","69","307874.6","152085.81","127739.805"
"122","F2","70","314352.4","157717.72","127709.6"
"122","F2","71","320456.03","163666.75","127866.61"
"122","F2","72","326892.56","169552.53","127937.03"
"122","F2","73","333776.3","175622.47","128017.914"
"122","F2","74","340195.66","182006.02","128016.11"
"122","F2","75","346691.06","188184.8","128078.42"
"122","F2","76","353946.8","194425.64","128088.61"
"122","F2","77","360283.25","200561.92","128369.27"
"122","F2","78","366749.22","207037.14","128396.21"
"122","F2","79","373659.8","213119.86","128593.266"
"122","F2","80","380076.97","219040.39","128693.63"
"122","F2","81","386820.88","224902.72","128738.93"
"122","F2","82","392874.62","230912.06","128768.06"
"122","F2","83","398697.03","236994.67","128665.67"
"122","F2","84","403899.16","242692.92","128542.43"
"122","F2","85","409859.56","248359.61","128591.91"
"122","F2","86","415560.75","254197.11","128699.766"
"122","F2","87","420984.84","260060.98","128682.38"
"122","F2","88","426949.16","264869.38","128900.74"
"122","F2","89","432685.22","270556.12","128828.61"
"122","F2","90","437849.97","274637.5","128684.414"
"123","F3","1","57366.965","58950.227","131304.0"
"123","F3","2","57206.3","58954.547","131033.73"
"123","F3","3","57000.02","59083.09","130665.695"
"123","F3","4","56936.19","59423.156","130557.77"
"123","F3","5","56963.72","59706.992","130485.664"
"123","F3","6","57108.387","59950.32","130338.62"
"123","F3","7","57149.555","60273.656","130349.26"
"123","F3","8","57370.195","60418.875","130533.9"
"123","F3","9","57881.273","60657.074","130539.29"
"123","F3","10","58954.0","60663.934","130528.65"
"123","F3","11","60723.613","60861.453","130656.78"
"123","F3","12","63641.598","61354.5","130677.484"
"123","F3","13","68538.164","61885.53","130621.96"
"123","F3","14","76383.875","62705.11","130551.76"
"123","F3","15","87087.69","64151.05","130503.26"
"123","F3","16","100063.89","66379.03","130490.71"
"123","F3","17","114626.37","69817.05","130477.94"
"123","F3","18","129426.875","74734.74","130536.87"
"123","F3","19","144516.78","81441.75","130553.9"
"123","F3","20","159793.44","89267.32","130705.24"
"123","F3","21","175074.02","97451.58","130811.68"
"123","F3","22","189230.92","104585.61","130907.98"
"123","F3","23","201425.2","109961.72","130967.48"
"123","F3","24","211103.03","114148.38","131000.45"
"123","F3","25","219346.55","117069.34","130990.15"
"123","F3","26","225262.83","119248.2","131142.31"
"123","F3","27","230224.12","120849.06","131106.75"
"123","F3","28","233953.33","122226.05","131067.7"
"123","F3","29","236571.62","123796.61","131084.0"
"123","F3","30","239110.56","124749.3","131070.17"
"123","F3","31","241118.88","125752.28","131021.38"
"123","F3","32","242102.84","126843.445","131084.2"
"123","F3","33","243243.28","127778.805","131100.23"
"123","F3","34","244685.67","128723.734","131177.16"
"123","F3","35","246020.23","129510.76","131179.72"
"123","F3","36","247081.77","130343.5","131354.55"
"123","F3","37","248101.5","131062.61","131297.61"
"123","F3","38","248352.81","131870.95","131156.39"
"123","F3","39","249097.05","132708.52","131081.45"
"123","F3","40","249701.48","133433.61","131169.03"
"123","F3","41","249948.97","134163.16","131294.34"
"123","F3","42","250568.55","134919.78","131487.77"
"123","F3","43","251997.98","135155.14","131369.31"
"123","F3","44","252200.02","135823.52","131235.78"
"123","F3","45","252484.67","136603.67","131193.55"
"123","F3","46","253195.03","137265.06","131339.45"
"123","F3","47","253873.39","137696.5","131422.9"
"123","F3","48","254065.0","138359.39","131362.11"
"123","F3","49","254226.9","139145.75","131379.16"
"123","F3","50","254858.34","139751.48","131412.62"
"123","F3","51","255177.36","140395.38","131407.3"
"123","F3","52","255793.98","140833.08","131303.42"
"123","F3","53","255963.88","141697.3","131204.75"
"123","F3","54","256254.97","142175.66","131207.14"
"123","F3","55","256629.36","142605.47","131241.72"
"123","F3","56","257309.53","143277.03","131219.17"
"123","F3","57","258032.8","143845.11","131367.61"
"123","F3","58","258622.72","144619.78","131362.98"
"123","F3","59","258966.19","145439.02","131246.73"
"123","F3","60","259640.97","146115.02","131147.9"
"123","F3","61","259988.28","147003.05","131113.95"
"123","F3","62","261243.34","148000.53","131042.5"
"123","F3","63","262157.28","149208.11","131007.766"
"123","F3","64","263755.16","150763.9","131057.37"
"123","F3","65","265895.7","152853.7","131510.72"
"123","F3","66","268532.3","155461.98","131599.31"
"123","F3","67","271982.66","159051.5","131490.62"
"123","F3","68","275901.75","163455.44","131390.8"
"123","F3","69","280308.25","168422.06","131374.03"
"123","F3","70","285461.06","174402.69","131354.55"
"123","F3","71","290488.1","180777.03","131385.62"
"123","F3","72","295668.53","187374.8","131491.66"
"123","F3","73","300665.53","194581.9","131788.75"
"123","F3","74","306121.53","201862.56","131917.02"
"123","F3","75","311489.25","208964.98","131848.94"
"123","F3","76","316655.97","216062.14","131909.66"
"123","F3","77","322601.34","223241.4","132042.73"
"123","F3","78","327886.38","230481.22","132105.47"
"123","F3","79","333393.53","237576.6","132225.56"
"123","F3","80","338505.97","244655.22","132288.66"
"123","F3","81","344199.75","251228.12","132442.66"
"123","F3","82","349001.16","257936.88","132527.86"
"123","F3","83","354168.88","264522.34","132741.0"
"123","F3","84","360062.8","271064.16","132742.2"
"123","F3","85","364858.03","277168.72","132758.78"
"123","F3","86","369973.47","282872.2","132683.22"
"123","F3","87","375858.1","288784.5","132805.11"
"123","F3","88","380731.03","294755.84","132853.08"
"123","F3","89","385616.0","299949.78","132789.83"
"123","F3","90","388592.8","304819.88","132648.73"
"124","F4","1","59694.715","56843.492","127258.42"
"124","F4","2","59597.7","56857.434","127050.516"
"124","F4","3","59318.62","57077.63","126608.15"
"124","F4","4","58968.24","57403.477","126410.72"
"124","F4","5","58919.508","57658.727","126174.02"
"124","F4","6","59075.883","57756.293","125987.48"
"124","F4","7","59253.32","57909.594","125962.84"
"124","F4","8","59420.824","58104.105","126107.85"
"124","F4","9","59960.03","58272.93","126158.07"
"124","F4","10","60930.07","58508.49","126070.8"
"124","F4","11","62595.098","58746.695","125865.664"
"124","F4","12","65602.19","59120.293","125900.03"
"124","F4","13","70395.65","59539.934","126228.66"
"124","F4","14","77658.66","60371.133","126227.13"
"124","F4","15","87827.35","61747.965","126079.73"
"124","F4","16","100278.25","63605.234","126049.03"
"124","F4","17","113770.65","66870.49","126186.69"
"124","F4","18","127360.33","71654.52","126254.2"
"124","F4","19","140377.83","78361.89","126425.77"
"124","F4","20","153382.6","86373.39","126509.33"
"124","F4","21","166244.53","94877.8","126565.26"
"124","F4","22","178295.23","102912.19","126616.055"
"124","F4","23","189233.22","109901.6","126824.11"
"124","F4","24","198701.66","115194.55","126901.68"
"124","F4","25","206387.92","119147.836","126859.6"
"124","F4","26","212396.16","121782.41","126875.484"
"124","F4","27","216735.25","123555.5","126899.836"
"124","F4","28","220147.61","125023.59","126966.5"
"124","F4","29","222994.34","126384.94","127192.02"
"124","F4","30","224961.69","127559.13","127274.414"
"124","F4","31","226476.23","128617.98","127259.38"
"124","F4","32","228328.33","129558.49","127281.164"
"124","F4","33","229614.25","130612.67","127245.81"
"124","F4","34","230422.66","131241.0","127313.94"
"124","F4","35","231609.73","132080.62","127298.945"
"124","F4","36","232669.81","133015.75","127274.41"
"124","F4","37","232858.39","133968.75","127233.695"
"124","F4","38","233417.98","134602.27","127274.695"
"124","F4","39","234075.61","135263.73","127188.164"
"124","F4","40","234706.83","135930.75","127127.99"
"124","F4","41","235565.23","136769.31","127148.2"
"124","F4","42","235497.45","137682.48","127177.22"
"124","F4","43","236074.2","138216.88","127132.34"
"124","F4","44","236405.33","138925.81","127078.62"
"124","F4","45","236937.23","139550.19","127218.22"
"124","F4","46","237359.36","140315.75","127192.59"
"124","F4","47","237802.16","140998.23","127265.05"
"124","F4","48","238617.61","141488.5","127266.45"
"124","F4","49","238682.03","142199.58","127269.7"
"124","F4","50","239184.3","142566.44","127179.695"
"124","F4","51","239488.84","143204.8","127094.22"
"124","F4","52","239449.67","144003.53","127197.625"
"124","F4","53","239891.53","144542.12","127305.28"
"124","F4","54","240582.9","144790.75","127322.54"
"124","F4","55","241004.31","145623.47","127230.88"
"124","F4","56","241711.81","146184.33","127192.2"
"124","F4","57","241553.03","146826.45","127135.125"
"124","F4","58","242047.53","147461.45","127242.805"
"124","F4","59","242362.64","148032.06","127202.38"
"124","F4","60","243122.66","148583.38","127129.78"
"124","F4","61","242639.14","149377.67","127228.68"
"124","F4","62","243020.53","150154.39","127180.34"
"124","F4","63","244137.28","151144.44","127170.31"
"124","F4","64","245573.9","152058.56","127202.33"
"124","F4","65","246232.36","153359.66","127151.04"
"124","F4","66","247726.2","155079.86","127248.625"
"124","F4","67","249013.62","157354.28","127245.38"
"124","F4","68","251294.62","160256.92","127167.62"
"124","F4","69","254615.06","163602.83","127214.61"
"124","F4","70","257628.6","168206.45","127175.55"
"124","F4","71","261518.89","173225.25","127190.15"
"124","F4","72","265802.72","179035.3","127318.82"
"124","F4","73","269945.8","185737.14","127588.39"
"124","F4","74","274414.06","192622.73","127584.72"
"124","F4","75","278779.97","199586.34","127647.21"
"124","F4","76","283237.3","206607.56","127866.62"
"124","F4","77","287501.94","213902.14","127804.85"
"124","F4","78","292350.62","221061.9","127824.82"
"124","F4","79","296106.03","228146.55","128055.484"
"124","F4","80","300916.22","234709.17","128054.164"
"124","F4","81","304652.3","241812.61","128074.66"
"124","F4","82","308910.25","248590.33","128049.3"
"124","F4","83","313238.22","254969.9","128212.27"
"124","F4","84","316959.75","261261.34","128264.43"
"124","F4","85","321000.38","267489.2","128413.45"
"124","F4","86","325442.47","273339.75","128474.45"
"124","F4","87","329513.53","278887.62","128634.6"
"124","F4","88","333706.56","284417.12","128459.76"
"124","F4","89","337994.1","289665.0","128341.27"
"124","F4","90","342071.94","293709.97","128565.41"
"125","F5","1","56053.81","59490.66","133483.77"
"125","F5","2","55955.42","59500.3","133230.0"
"125","F5","3","55784.516","59655.51","132927.12"
"125","F5","4","55683.742","59902.906","132738.84"
"125","F5","5","55684.22","60241.402","132679.5"
"125","F5","6","55762.867","60600.51","132674.27"
"125","F5","7","55823.12","60860.285","132751.95"
"125","F5","8","56119.016","60986.93","133003.45"
"125","F5","9","56568.613","60953.523","132952.78"
"125","F5","10","57730.27","61069.945","132760.7"
"125","F5","11","59330.453","61384.934","132735.61"
"125","F5","12","62139.797","61982.37","132851.78"
"125","F5","13","67123.27","62606.965","132853.64"
"125","F5","14","74526.38","63235.984","132885.52"
"125","F5","15","84803.93","64391.945","132938.16"
"125","F5","16","97376.47","66570.77","132813.97"
"125","F5","17","110826.664","69978.11","132777.2"
"125","F5","18","123595.0","74971.555","132866.1"
"125","F5","19","135934.11","81906.03","132952.36"
"125","F5","20","147370.69","90329.195","133077.78"
"125","F5","21","157772.69","99680.82","133120.34"
"125","F5","22","167413.8","109372.766","133395.23"
"125","F5","23","176671.62","117912.78","133588.23"
"125","F5","24","184789.23","124704.68","133592.34"
"125","F5","25","191622.69","129781.69","133666.61"
"125","F5","26","197182.9","133646.62","133582.86"
"125","F5","27","201563.45","135988.23","133537.08"
"125","F5","28","205070.73","137850.39","133710.64"
"125","F5","29","208037.22","139384.06","133719.98"
"125","F5","30","209985.84","140442.75","133822.8"
"125","F5","31","211452.12","141839.56","133676.3"
"125","F5","32","213005.83","142911.73","133574.88"
"125","F5","33","214162.14","144061.67","133612.38"
"125","F5","34","214963.81","144874.02","133591.73"
"125","F5","35","215500.25","145582.67","133709.83"
"125","F5","36","216203.73","146870.02","133655.38"
"125","F5","37","216807.48","147637.94","133638.05"
"125","F5","38","217216.72","148379.06","133799.61"
"125","F5","39","217543.05","149217.61","133801.4"
"125","F5","40","218102.69","149928.66","133691.61"
"125","F5","41","218930.83","150615.81","133651.5"
"125","F5","42","219086.58","151396.84","133849.03"
"125","F5","43","219520.3","152092.58","133804.52"
"125","F5","44","219579.17","152549.45","133773.39"
"125","F5","45","219958.6","153455.97","134010.56"
"125","F5","46","220201.66","154099.34","133893.89"
"125","F5","47","220561.58","154706.14","133784.12"
"125","F5","48","221144.73","155237.8","133832.47"
"125","F5","49","221418.67","155805.42","133791.06"
"125","F5","50","221402.31","156435.66","133714.94"
"125","F5","51","222202.61","156988.08","133748.66"
"125","F5","52","222747.12","157876.7","133672.02"
"125","F5","53","222296.39","158491.34","133630.34"
"125","F5","54","222550.05","158984.48","133716.0"
"125","F5","55","223109.56","159797.81","133723.0"
"125","F5","56","223111.56","160357.5","133626.89"
"125","F5","57","223259.62","160877.83","133566.27"
"125","F5","58","223638.81","161655.39","133606.95"
"125","F5","59","224204.08","162054.12","133576.73"
"125","F5","60","224166.83","162657.72","133710.73"
"125","F5","61","224557.02","163193.11","133871.42"
"125","F5","62","224872.42","163709.23","133893.62"
"125","F5","63","224542.55","164667.48","133874.97"
"125","F5","64","224892.25","165444.03","133795.53"
"125","F5","65","225435.2","165927.16","133777.56"
"125","F5","66","225357.88","166704.75","133656.83"
"125","F5","67","225840.64","167328.69","133611.16"
"125","F5","68","225922.62","168191.05","133828.92"
"125","F5","69","226478.23","169083.3","133866.14"
"125","F5","70","227450.55","170326.36","133821.31"
"125","F5","71","227997.48","171820.7","133684.25"
"125","F5","72","228596.38","173686.88","133614.97"
"125","F5","73","229558.55","176337.42","133731.06"
"125","F5","74","230031.34","179704.31","133697.64"
"125","F5","75","232122.64","184206.05","133744.02"
"125","F5","76","234660.45","189063.5","133806.62"
"125","F5","77","236651.83","195275.53","133773.38"
"125","F5","78","238214.12","202371.75","133907.11"
"125","F5","79","240379.47","210147.92","134035.05"
"125","F5","80","242619.89","217848.9","134210.39"
"125","F5","81","245050.64","225816.05","134230.52"
"125","F5","82","247253.53","233876.05","134483.27"
"125","F5","83","249276.62","242038.36","134461.1"
"125","F5","84","251454.42","249828.73","134472.72"
"125","F5","85","253299.69","257529.78","134429.61"
"125","F5","86","255408.98","264863.2","134524.31"
"125","F5","87","257964.3","271837.44","134706.61"
"125","F5","88","259998.52","278765.47","134693.61"
"125","F5","89","261821.22","285283.78","134927.47"
"125","F5","90","263660.9","290942.62","135127.33"
"126","F6","1","57697.375","60074.68","136106.95"
"126","F6","2","57460.664","60097.445","135901.97"
"126","F6","3","57117.086","60357.527","135586.88"
"126","F6","4","56991.516","60496.293","135420.83"
"126","F6","5","56854.582","60750.42","135191.69"
"126","F6","6","56860.805","61006.73","135069.05"
"126","F6","7","57043.113","61312.523","134922.78"
"126","F6","8","57226.984","61499.19","134941.92"
"126","F6","9","57667.227","61581.566","135167.06"
"126","F6","10","58671.625","61621.195","135204.19"
"126","F6","11","60347.75","61865.918","135099.12"
"126","F6","12","63143.77","62344.355","135048.52"
"126","F6","13","68165.29","62914.992","135073.38"
"126","F6","14","75795.29","63595.785","135096.27"
"126","F6","15","86092.54","64832.63","135048.52"
"126","F6","16","98827.59","66925.75","135067.39"
"126","F6","17","112077.836","70221.46","135287.55"
"126","F6","18","125266.08","75364.586","135343.28"
"126","F6","19","137551.73","82060.93","135514.11"
"126","F6","20","149010.4","90772.195","135537.52"
"126","F6","21","159942.28","100587.13","135700.97"
"126","F6","22","169936.72","110020.55","135804.66"
"126","F6","23","178901.48","118537.01","135781.3"
"126","F6","24","187201.38","125666.51","135906.34"
"126","F6","25","194499.83","131171.64","135986.16"
"126","F6","26","200227.44","134826.64","136057.02"
"126","F6","27","204840.77","137202.4","136110.7"
"126","F6","28","208593.75","139289.34","136200.23"
"126","F6","29","211196.16","140640.42","136324.73"
"126","F6","30","213621.92","141842.7","136190.55"
"126","F6","31","215270.39","143117.4","136080.89"
"126","F6","32","216589.88","144412.03","136109.47"
"126","F6","33","217771.22","145518.75","136043.64"
"126","F6","34","218408.39","146344.39","136036.52"
"126","F6","35","218758.78","147175.0","136029.45"
"126","F6","36","220008.83","148171.48","136096.0"
"126","F6","37","220604.81","149292.72","136039.81"
"126","F6","38","221156.38","149879.47","136033.77"
"126","F6","39","221755.27","150392.66","135988.67"
"126","F6","40","221652.77","151356.22","136135.56"
"126","F6","41","222328.62","152163.19","136301.34"
"126","F6","42","223082.3","152743.67","136242.97"
"126","F6","43","223465.52","153332.39","136164.72"
"126","F6","44","223483.8","154270.94","136234.28"
"126","F6","45","223746.5","154880.11","136319.67"
"126","F6","46","224263.23","155278.5","136343.52"
"126","F6","47","224633.28","156139.69","136217.77"
"126","F6","48","224286.14","156964.77","136077.78"
"126","F6","49","224536.08","157466.92","135987.17"
"126","F6","50","225171.1","157719.2","136031.89"
"126","F6","51","225545.22","158551.17","136133.66"
"126","F6","52","225644.0","159529.06","136274.03"
"126","F6","53","226043.97","160073.61","136186.66"
"126","F6","54","226267.66","160559.17","136064.77"
"126","F6","55","226301.81","160865.53","136040.38"
"126","F6","56","226406.94","161635.78","136127.61"
"126","F6","57","227010.69","162399.36","136180.12"
"126","F6","58","227177.61","163102.27","136092.44"
"126","F6","59","227206.58","163701.52","136008.03"
"126","F6","60","227460.55","164162.75","135878.86"
"126","F6","61","227672.4","164589.48","135816.66"
"126","F6","62","228089.95","164980.23","135966.72"
"126","F6","63","227792.69","165701.36","135992.02"
"126","F6","64","228397.1","166248.58","135944.62"
"126","F6","65","228510.36","167016.81","136055.31"
"126","F6","66","228727.4","167674.97","136010.42"
"126","F6","67","229258.7","168494.28","135925.36"
"126","F6","68","229608.42","169331.78","135936.75"
"126","F6","69","229864.52","170177.1","135824.36"
"126","F6","70","229941.06","171164.62","135771.56"
"126","F6","71","230093.6","172811.69","135967.2"
"126","F6","72","231130.73","174411.28","136086.33"
"126","F6","73","232378.6","176501.28","136179.69"
"126","F6","74","233693.97","179122.72","136135.86"
"126","F6","75","235022.92","183204.73","136182.56"
"126","F6","76","236730.94","188036.9","136145.83"
"126","F6","77","238079.39","193624.14","136233.98"
"126","F6","78","240192.72","200288.34","136245.53"
"126","F6","79","242126.9","207558.72","136519.86"
"126","F6","80","244075.16","215313.52","136599.69"
"126","F6","81","246349.08","223144.58","136652.5"
"126","F6","82","248947.11","231238.38","136853.98"
"126","F6","83","250412.36","239797.33","137020.83"
"126","F6","84","252775.64","247407.3","137098.88"
"126","F6","85","254924.62","254809.61","137238.2"
"126","F6","86","257570.72","262560.97","137357.47"
"126","F6","87","259643.64","269859.0","137414.5"
"126","F6","88","261116.88","276701.78","137687.69"
"126","F6","89","263791.72","283033.0","137635.6"
"126","F6","90","265681.8","288662.72","137634.95"
"127","F7","1","60929.523","60221.76","133850.11"
"127","F7","2","60725.062","60263.465","133417.61"
"127","F7","3","60514.984","60754.617","133164.83"
"127","F7","4","60430.45","61074.688","133203.84"
"127","F7","5","60321.49","61400.914","133139.88"
"127","F7","6","60345.117","61704.207","132977.66"
"127","F7","7","60594.484","61940.145","132663.78"
"127","F7","8","60897.78","61924.902","132614.62"
"127","F7","9","61410.4","62015.68","132733.72"
"127","F7","10","62396.016","62040.938","132813.33"
"127","F7","11","64067.31","62326.184","132824.52"
"127","F7","12","67078.84","62665.316","132819.11"
"127","F7","13","72093.68","63208.355","132919.23"
"127","F7","14","79839.6","64287.266","132896.14"
"127","F7","15","90486.27","65415.8","132891.45"
"127","F7","16","103330.945","67348.92","132995.98"
"127","F7","17","116988.2","70739.734","132935.39"
"127","F7","18","130496.34","75351.58","132932.23"
"127","F7","19","143028.6","82323.87","133099.78"
"127","F7","20","154533.86","90680.77","132870.53"
"127","F7","21","165224.25","100098.484","132850.67"
"127","F7","22","174686.42","109937.46","133169.17"
"127","F7","23","183226.53","118893.805","133232.69"
"127","F7","24","190977.66","126440.11","133466.31"
"127","F7","25","197776.39","132170.4","133762.2"
"127","F7","26","203572.36","136298.81","133631.83"
"127","F7","27","208249.72","139004.94","133523.28"
"127","F7","28","211461.45","140735.05","133585.95"
"127","F7","29","214222.64","142497.62","133692.8"
"127","F7","30","216360.55","143921.34","133825.31"
"127","F7","31","218129.75","145088.48","133696.23"
"127","F7","32","219364.61","146218.58","133606.1"
"127","F7","33","220199.33","146985.16","133684.03"
"127","F7","34","221297.55","148165.67","133613.06"
"127","F7","35","221934.08","149177.7","133577.52"
"127","F7","36","222692.14","149958.84","133718.95"
"127","F7","37","223279.67","150760.89","133616.48"
"127","F7","38","223796.52","151639.44","133534.52"
"127","F7","39","224168.66","152512.06","133650.94"
"127","F7","40","224700.38","153221.69","133718.77"
"127","F7","41","225072.31","154106.66","133702.03"
"127","F7","42","225201.64","154878.53","133770.45"
"127","F7","43","225479.36","155512.95","133386.45"
"127","F7","44","225747.72","156291.25","133299.28"
"127","F7","45","225990.53","156962.23","133592.55"
"127","F7","46","226593.58","157462.38","133634.06"
"127","F7","47","226772.7","157761.1","133727.08"
"127","F7","48","226937.81","158477.28","133497.83"
"127","F7","49","227194.22","159295.62","133382.83"
"127","F7","50","227420.06","160129.11","133472.25"
"127","F7","51","227785.56","160725.11","133555.62"
"127","F7","52","228066.22","161217.11","133527.1"
"127","F7","53","228044.31","161919.56","133612.9"
"127","F7","54","228433.64","162489.9","133542.78"
"127","F7","55","228344.02","163408.06","133457.52"
"127","F7","56","228427.31","163948.3","133491.23"
"127","F7","57","228948.9","164787.14","133520.44"
"127","F7","58","229148.31","165371.47","133418.12"
"127","F7","59","229313.23","165499.98","133348.95"
"127","F7","60","229629.23","165979.53","133422.3"
"127","F7","61","229786.16","166758.56","133404.56"
"127","F7","62","229876.95","167262.77","133436.77"
"127","F7","63","229915.25","167838.44","133394.77"
"127","F7","64","230245.17","168631.08","133357.14"
"127","F7","65","230556.16","168931.55","133407.89"
"127","F7","66","230911.56","169623.16","133512.05"
"127","F7","67","230926.58","170230.64","133463.66"
"127","F7","68","231256.22","170530.2","133463.16"
"127","F7","69","231410.81","171339.53","133499.25"
"127","F7","70","231740.23","172291.05","133411.83"
"127","F7","71","231898.84","172783.73","133306.39"
"127","F7","72","232139.14","173356.77","133287.89"
"127","F7","73","232262.53","174426.6","133470.34"
"127","F7","74","232540.75","175229.92","133434.83"
"127","F7","75","232952.45","176805.1","133327.45"
"127","F7","76","233614.11","178724.3","133224.48"
"127","F7","77","233956.31","180822.03","133205.86"
"127","F7","78","234650.78","183632.0","133422.53"
"127","F7","79","235608.4","187098.19","133436.52"
"127","F7","80","236896.36","191398.86","133465.94"
"127","F7","81","238111.7","196908.47","133495.12"
"127","F7","82","240254.22","203504.55","133599.64"
"127","F7","83","242134.11","210901.88","133675.5"
"127","F7","84","243600.88","218681.9","133703.33"
"127","F7","85","245240.67","227365.39","133910.84"
"127","F7","86","246686.42","235676.88","134119.17"
"127","F7","87","248980.06","244358.97","134123.02"
"127","F7","88","250815.47","252194.86","134140.02"
"127","F7","89","253012.38","260293.53","134349.5"
"127","F7","90","253980.66","267235.25","134454.31"
"128","F8","1","63871.87","63660.5","134133.0"
"128","F8","2","63667.203","63687.516","133945.16"
"128","F8","3","63402.453","63900.656","133669.23"
"128","F8","4","63319.777","64154.297","133488.27"
"128","F8","5","63251.086","64490.438","133358.83"
"128","F8","6","63248.96","64774.12","133315.28"
"128","F8","7","63355.12","65096.066","133321.84"
"128","F8","8","63623.652","65209.934","133169.06"
"128","F8","9","64161.27","65362.145","133205.6"
"128","F8","10","65210.35","65687.36","133521.53"
"128","F8","11","66883.12","65795.51","133531.83"
"128","F8","12","69817.516","66101.97","133363.02"
"128","F8","13","74783.664","66748.88","133337.83"
"128","F8","14","82378.37","67397.49","133512.75"
"128","F8","15","92786.234","68540.11","133535.73"
"128","F8","16","105228.336","70963.88","133496.9"
"128","F8","17","118895.914","74212.766","133455.5"
"128","F8","18","132158.27","79049.12","133409.75"
"128","F8","19","144549.67","86148.54","133396.83"
"128","F8","20","155920.69","94859.88","133540.78"
"128","F8","21","166390.4","104606.12","133686.77"
"128","F8","22","175873.34","114474.35","133964.61"
"128","F8","23","184143.47","123759.43","134215.66"
"128","F8","24","191841.47","131732.17","134419.77"
"128","F8","25","198325.34","137699.97","134404.36"
"128","F8","26","204190.81","142247.88","134483.56"
"128","F8","27","208747.77","145360.47","134398.58"
"128","F8","28","212440.39","147402.2","134357.75"
"128","F8","29","215022.39","149114.34","134557.75"
"128","F8","30","217128.56","150303.28","134406.98"
"128","F8","31","218854.84","151609.16","134285.58"
"128","F8","32","220731.53","152686.55","134375.12"
"128","F8","33","221560.9","153656.08","134567.98"
"128","F8","34","222206.89","154958.3","134555.73"
"128","F8","35","223059.36","155664.61","134381.69"
"128","F8","36","223705.78","156835.39","134252.55"
"128","F8","37","224332.02","157544.08","134195.22"
"128","F8","38","224989.08","158442.78","134123.64"
"128","F8","39","225434.6","159435.25","134179.05"
"128","F8","40","225611.23","159963.5","134253.95"
"128","F8","41","225986.6","160807.52","134273.92"
"128","F8","42","226276.19","161727.44","134290.31"
"128","F8","43","226411.66","162098.06","134263.44"
"128","F8","44","226948.42","162333.16","134205.61"
"128","F8","45","227141.77","163072.19","134286.36"
"128","F8","46","227477.95","163913.47","134260.55"
"128","F8","47","227798.73","164907.61","134344.45"
"128","F8","48","228022.44","165820.12","134282.2"
"128","F8","49","228116.92","166442.44","134224.62"
"128","F8","50","228105.53","166973.97","134184.48"
"128","F8","51","228459.94","167636.48","134316.67"
"128","F8","52","228681.83","168283.89","134182.4"
"128","F8","53","228876.95","168660.73","134049.7"
"128","F8","54","229143.7","169493.94","134035.11"
"128","F8","55","229270.67","170084.38","134214.16"
"128","F8","56","229101.64","170356.3","134169.25"
"128","F8","57","229404.19","170930.72","134118.42"
"128","F8","58","229766.58","171590.03","134150.84"
"128","F8","59","230014.89","172200.14","134106.4"
"128","F8","60","230027.84","172564.97","134116.73"
"128","F8","61","230034.88","173187.73","133888.73"
"128","F8","62","230423.17","174012.6","133790.08"
"128","F8","63","230760.56","174673.34","133861.08"
"128","F8","64","230729.86","174955.64","133838.92"
"128","F8","65","230733.33","175553.88","133955.11"
"128","F8","66","231118.5","176107.72","134140.92"
"128","F8","67","231057.89","176704.6","134076.52"
"128","F8","68","231154.45","177450.02","133993.1"
"128","F8","69","231431.2","178003.44","134021.64"
"128","F8","70","231609.45","178623.64","133977.84"
"128","F8","71","231961.55","179213.84","133988.45"
"128","F8","72","231916.03","179821.83","133841.33"
"128","F8","73","231785.12","180186.61","133728.14"
"128","F8","74","232164.19","180539.22","133718.83"
"128","F8","75","232202.52","181101.28","133901.48"
"128","F8","76","232131.55","181764.23","133909.02"
"128","F8","77","232648.75","182379.22","133985.11"
"128","F8","78","232906.73","183175.45","133939.62"
"128","F8","79","233114.77","183440.4","133911.94"
"128","F8","80","233132.98","183714.36","133846.72"
"128","F8","81","233714.4","184393.55","133834.72"
"128","F8","82","233738.55","185003.2","133799.02"
"128","F8","83","233634.94","185540.19","133759.64"
"128","F8","84","233872.53","185985.77","133668.5"
"128","F8","85","234107.3","186479.05","133619.66"
"128","F8","86","234332.66","187085.36","133699.89"
"128","F8","87","234311.25","187865.27","133659.36"
"128","F8","88","234453.16","188397.7","133580.81"
"128","F8","89","234787.27","188934.27","133520.11"
"128","F8","90","235048.75","189891.52","133461.89"
"129","F9","1","63690.387","60529.84","119105.63"
"129","F9","2","63498.59","60583.383","119071.73"
"129","F9","3","63293.633","61284.164","119004.98"
"129","F9","4","63201.984","61972.52","118929.29"
"129","F9","5","63180.03","62378.52","118827.81"
"129","F9","6","63218.07","62702.98","118642.21"
"129","F9","7","63090.53","62907.984","118605.26"
"129","F9","8","63057.703","63177.277","118649.86"
"129","F9","9","63100.61","63283.527","118593.22"
"129","F9","10","63219.86","63551.2","118596.16"
"129","F9","11","63410.71","63698.13","118685.125"
"129","F9","12","63560.926","63925.766","118689.59"
"129","F9","13","63829.145","64050.906","118735.14"
"129","F9","14","64432.805","64736.83","118888.086"
"129","F9","15","65413.207","65963.49","118838.195"
"129","F9","16","67301.516","68086.85","118762.336"
"129","F9","17","70704.86","71988.664","118676.82"
"129","F9","18","76496.13","77964.984","118695.43"
"129","F9","19","85499.555","86973.28","118975.87"
"129","F9","20","97767.54","98517.77","119250.36"
"129","F9","21","112041.266","110338.93","119264.54"
"129","F9","22","126033.42","120671.766","119121.44"
"129","F9","23","138108.34","128370.86","119071.24"
"129","F9","24","148010.69","134077.05","119228.79"
"129","F9","25","155459.4","138229.73","119360.34"
"129","F9","26","161205.64","141535.69","119452.51"
"129","F9","27","165512.44","144180.36","119440.39"
"129","F9","28","168589.48","146119.81","119381.62"
"129","F9","29","170760.53","147554.5","119420.36"
"129","F9","30","172472.17","149008.27","119345.78"
"129","F9","31","173648.58","150465.58","119326.766"
"129","F9","32","175085.22","151863.5","119586.414"
"129","F9","33","176335.33","153200.7","119627.02"
"129","F9","34","177164.19","154439.7","119530.16"
"129","F9","35","178034.81","155628.75","119406.87"
"129","F9","36","179061.55","156773.14","119331.78"
"129","F9","37","180070.53","158270.27","119394.195"
"129","F9","38","180917.05","159375.55","119414.76"
"129","F9","39","181851.7","160454.4","119333.85"
"129","F9","40","182424.5","161444.78","119277.69"
"129","F9","41","183209.72","162654.27","119341.71"
"129","F9","42","184213.81","163786.94","119485.79"
"129","F9","43","185203.3","164994.89","119554.61"
"129","F9","44","185724.03","166257.66","119492.42"
"129","F9","45","186477.75","167263.73","119467.15"
"129","F9","46","187467.31","168050.58","119413.86"
"129","F9","47","188312.52","169140.98","119376.87"
"129","F9","48","189108.4","170259.34","118995.59"
"129","F9","49","189703.97","171109.81","118925.805"
"129","F9","50","190592.64","172106.64","119195.336"
"129","F9","51","191082.38","172949.94","119247.305"
"129","F9","52","191755.4","174059.06","119262.48"
"129","F9","53","192606.14","175175.6","119296.23"
"129","F9","54","193535.56","175990.58","119355.51"
"129","F9","55","194113.2","177167.56","119326.12"
"129","F9","56","195183.61","178259.23","119259.9"
"129","F9","57","196071.95","179405.6","119232.23"
"129","F9","58","197062.36","180694.86","119293.47"
"129","F9","59","198233.5","181997.86","119090.57"
"129","F9","60","199497.48","183663.81","118978.27"
"129","F9","61","201246.33","185665.89","119010.96"
"129","F9","62","203461.03","188115.28","119243.61"
"129","F9","63","206482.14","191278.23","119272.38"
"129","F9","64","209943.34","195070.77","119402.92"
"129","F9","65","214003.95","200071.73","119467.164"
"129","F9","66","219404.14","205973.17","119412.2"
"129","F9","67","224807.19","212474.3","119223.95"
"129","F9","68","230210.77","219310.08","119197.02"
"129","F9","69","236233.03","226913.14","119483.36"
"129","F9","70","242050.98","234968.2","119536.164"
"129","F9","71","247877.22","242860.31","119521.1"
"129","F9","72","253585.52","250493.16","119393.52"
"129","F9","73","259265.0","257754.92","119321.05"
"129","F9","74","265094.12","265184.34","119435.21"
"129","F9","75","270923.9","272054.9","119512.54"
"129","F9","76","276971.0","278939.75","119357.09"
"129","F9","77","282545.97","285774.44","119353.06"
"129","F9","78","288625.47","292034.94","119749.61"
"129","F9","79","294675.06","298011.22","119795.86"
"129","F9","80","300896.53","304224.3","119740.6"
"129","F9","81","306880.2","310731.38","119864.06"
"129","F9","82","312955.53","316357.3","119775.51"
"129","F9","83","319212.28","322053.66","119671.06"
"129","F9","84","326357.03","327832.66","119720.77"
"129","F9","85","333630.75","334072.06","119871.2"
"129","F9","86","340176.1","340208.28","119948.086"
"129","F9","87","348187.72","346174.1","119878.055"
"129","F9","88","356496.8","352883.4","119915.92"
"129","F9","89","365598.06","359276.03","120055.25"
"129","F9","90","373956.84","364741.62","120152.29"
"130","F10","1","62501.832","61340.344","119773.484"
"130","F10","2","62375.176","61617.246","119716.266"
"130","F10","3","62171.773","62214.293","119489.64"
"130","F10","4","61960.76","62641.03","119320.54"
"130","F10","5","61630.793","63271.258","119036.67"
"130","F10","6","61472.203","63568.19","118939.05"
"130","F10","7","61452.55","63764.965","118958.13"
"130","F10","8","61480.12","64096.625","119080.64"
"130","F10","9","61569.89","64358.516","119128.24"
"130","F10","10","61774.2","64375.777","119145.836"
"130","F10","11","61783.83","64611.625","119118.03"
"130","F10","12","61836.586","64773.707","119110.46"
"130","F10","13","62056.094","65106.723","119077.55"
"130","F10","14","62438.746","65824.086","119062.9"
"130","F10","15","63283.508","66682.5","119073.43"
"130","F10","16","64873.453","68847.63","119055.35"
"130","F10","17","67648.05","72564.5","119097.18"
"130","F10","18","72558.336","78745.65","119241.16"
"130","F10","19","80196.555","87996.61","119351.875"
"130","F10","20","90681.18","100112.41","119181.39"
"130","F10","21","103251.2","112860.016","119182.35"
"130","F10","22","116168.39","124165.7","119502.81"
"130","F10","23","127798.76","132803.2","119537.47"
"130","F10","24","137256.69","139126.69","119530.52"
"130","F10","25","144672.81","143910.23","119772.32"
"130","F10","26","150212.95","146901.06","119800.17"
"130","F10","27","154498.5","149210.14","119592.68"
"130","F10","28","157459.66","151324.38","119540.49"
"130","F10","29","159348.25","153033.08","119742.6"
"130","F10","30","160914.98","154511.33","119734.914"
"130","F10","31","162238.86","155851.84","119746.445"
"130","F10","32","163362.14","157274.2","119733.91"
"130","F10","33","164442.69","158528.02","119730.74"
"130","F10","34","165341.98","159747.31","119715.24"
"130","F10","35","166437.42","161055.27","119670.805"
"130","F10","36","167417.45","162540.27","119740.46"
"130","F10","37","168160.6","163667.55","119706.36"
"130","F10","38","168846.52","164706.38","119723.32"
"130","F10","39","169731.67","165834.02","119661.59"
"130","F10","40","170503.67","166916.53","119615.51"
"130","F10","41","170989.77","168063.56","119548.336"
"130","F10","42","171820.05","169432.98","119548.36"
"130","F10","43","172639.83","170798.89","119595.82"
"130","F10","44","173444.75","171779.78","119611.555"
"130","F10","45","174107.22","172948.31","119515.24"
"130","F10","46","174852.92","173929.53","119342.26"
"130","F10","47","175518.33","174790.78","119326.44"
"130","F10","48","176155.16","175654.86","119567.016"
"130","F10","49","176937.92","176707.72","119530.97"
"130","F10","50","177827.4","177935.05","119379.14"
"130","F10","51","178308.31","179187.77","119077.89"
"130","F10","52","178821.08","180291.45","119067.2"
"130","F10","53","179705.75","181326.02","119367.7"
"130","F10","54","180490.81","182288.83","119368.87"
"130","F10","55","181207.36","183054.02","119248.25"
"130","F10","56","181804.05","184076.8","119133.35"
"130","F10","57","182601.2","185225.95","119097.59"
"130","F10","58","183422.66","186424.94","119144.7"
"130","F10","59","184371.72","187208.77","119088.62"
"130","F10","60","184898.25","188645.47","119082.81"
"130","F10","61","186015.66","190199.05","119230.266"
"130","F10","62","187044.4","191691.61","119247.74"
"130","F10","63","188368.72","193651.02","119199.945"
"130","F10","64","190282.56","195979.44","119207.22"
"130","F10","65","192325.73","199112.84","119293.695"
"130","F10","66","195155.2","202771.88","119261.9"
"130","F10","67","198806.64","207927.48","119213.48"
"130","F10","68","202769.08","213544.4","119178.11"
"130","F10","69","206708.19","220281.31","119193.914"
"130","F10","70","211360.38","227551.5","119405.33"
"130","F10","71","216461.97","235532.88","119405.0"
"130","F10","72","221116.58","243456.47","119428.055"
"130","F10","73","226276.56","251476.11","119642.61"
"130","F10","74","231052.34","259375.7","119873.836"
"130","F10","75","235852.64","266727.88","119838.27"
"130","F10","76","240622.95","274367.47","119830.85"
"130","F10","77","245431.81","281582.3","120018.44"
"130","F10","78","249969.02","288534.47","120139.19"
"130","F10","79","255157.55","295372.97","120077.85"
"130","F10","80","259596.9","301911.66","120038.3"
"130","F10","81","263734.4","308145.84","120218.45"
"130","F10","82","269212.78","314211.62","120180.52"
"130","F10","83","273903.9","319796.34","120141.06"
"130","F10","84","278821.28","325252.8","120139.97"
"130","F10","85","283770.7","331004.94","120416.96"
"130","F10","86","290038.94","336132.44","120421.02"
"130","F10","87","295894.7","341112.0","120406.93"
"130","F10","88","302275.97","347629.5","120440.89"
"130","F10","89","309103.97","353672.78","120373.87"
"130","F10","90","314795.12","358516.3","120413.61"
"131","F11","1","61868.87","63178.086","123555.09"
"131","F11","2","61655.945","63415.586","123523.77"
"131","F11","3","61463.97","64182.39","123479.586"
"131","F11","4","61267.934","64714.54","123372.09"
"131","F11","5","61238.52","65291.125","123304.445"
"131","F11","6","61315.094","65757.984","123368.664"
"131","F11","7","61324.562","66165.32","123633.04"
"131","F11","8","61266.035","66148.055","123630.516"
"131","F11","9","61231.73","66326.81","123580.06"
"131","F11","10","61256.23","66569.89","123510.03"
"131","F11","11","61384.33","66667.36","123494.26"
"131","F11","12","61454.734","66940.84","123595.81"
"131","F11","13","61780.25","67464.03","123473.805"
"131","F11","14","62194.867","68093.51","123092.836"
"131","F11","15","63027.93","69278.586","123054.6"
"131","F11","16","64482.367","71507.766","123299.39"
"131","F11","17","67163.2","75448.336","123490.664"
"131","F11","18","71441.74","81838.0","123651.8"
"131","F11","19","78266.31","91753.625","123632.06"
"131","F11","20","87930.24","104439.68","123749.22"
"131","F11","21","99412.02","118574.13","124148.37"
"131","F11","22","111293.05","131283.58","124219.234"
"131","F11","23","122200.03","141600.16","124279.0"
"131","F11","24","131454.53","149140.98","124313.94"
"131","F11","25","138777.56","154441.28","124268.82"
"131","F11","26","144194.69","158124.17","124372.836"
"131","F11","27","148633.84","160681.25","124366.836"
"131","F11","28","151523.0","162684.62","124531.6"
"131","F11","29","153434.34","164507.73","124500.1"
"131","F11","30","154927.25","166124.52","124522.05"
"131","F11","31","156300.7","167711.36","124423.2"
"131","F11","32","157362.19","169714.44","124399.836"
"131","F11","33","158256.22","170772.45","124625.016"
"131","F11","34","159032.94","172183.5","124579.06"
"131","F11","35","159940.64","173633.44","124502.82"
"131","F11","36","160772.98","175028.5","124434.55"
"131","F11","37","161738.5","175990.8","124544.91"
"131","F11","38","162398.36","177505.9","124534.59"
"131","F11","39","163247.77","178903.86","124559.14"
"131","F11","40","163912.39","180014.48","124447.8"
"131","F11","41","164661.97","181252.83","124358.555"
"131","F11","42","165161.55","182411.16","124443.81"
"131","F11","43","165769.84","183685.75","124396.39"
"131","F11","44","166453.56","184934.16","124421.13"
"131","F11","45","167240.9","186217.44","124344.69"
"131","F11","46","168073.48","187228.2","124402.56"
"131","F11","47","168719.47","188278.98","124666.28"
"131","F11","48","169194.97","189316.05","124622.76"
"131","F11","49","169687.14","190628.67","124551.38"
"131","F11","50","170418.2","191532.97","124456.63"
"131","F11","51","171163.62","192281.95","124309.67"
"131","F11","52","171812.64","193324.6","124255.47"
"131","F11","53","172379.17","194731.78","124465.125"
"131","F11","54","172938.22","196186.52","124392.195"
"131","F11","55","173375.84","197021.31","124266.51"
"131","F11","56","174208.77","198123.05","124285.7"
"131","F11","57","174920.86","198747.34","124478.484"
"131","F11","58","175499.53","199944.97","124445.375"
"131","F11","59","176208.0","201255.78","124463.55"
"131","F11","60","176561.36","202105.33","124355.84"
"131","F11","61","177334.11","203121.98","123944.94"
"131","F11","62","178057.94","204552.92","123867.23"
"131","F11","63","178937.67","206157.39","124196.91"
"131","F11","64","179841.58","207657.39","124214.36"
"131","F11","65","180470.16","208839.08","124240.38"
"131","F11","66","181403.48","211090.31","124172.77"
"131","F11","67","182775.38","213419.08","124150.88"
"131","F11","68","184223.66","216253.22","124119.95"
"131","F11","69","186317.92","220459.23","124291.28"
"131","F11","70","188824.14","225740.95","124293.445"
"131","F11","71","191686.95","232040.62","124243.375"
"131","F11","72","194970.27","239169.94","124164.15"
"131","F11","73","198477.4","246791.25","124300.15"
"131","F11","74","202216.34","255152.47","124709.414"
"131","F11","75","205817.86","264033.88","124805.92"
"131","F11","76","209866.2","272407.06","124842.31"
"131","F11","77","213790.88","280809.16","124899.82"
"131","F11","78","217531.88","288816.06","124984.72"
"131","F11","79","221540.38","296592.1","125116.6"
"131","F11","80","225077.6","304440.25","125488.7"
"131","F11","81","228962.56","311612.03","125650.6"
"131","F11","82","232883.47","318333.03","125537.09"
"131","F11","83","237016.55","325418.6","125500.68"
"131","F11","84","241052.39","331905.6","125562.49"
"131","F11","85","244810.45","338387.9","125516.555"
"131","F11","86","249132.2","344207.72","125696.12"
"131","F11","87","254066.16","350575.1","125674.125"
"131","F11","88","258869.56","356391.28","125822.1"
"131","F11","89","263999.28","362896.97","125738.375"
"131","F11","90","269154.1","368281.3","125712.305"
"132","F12","1","63868.062","63303.82","123299.766"
"132","F12","2","63721.91","63472.28","123229.97"
"132","F12","3","63359.76","64179.734","123136.05"
"132","F12","4","63141.516","64867.844","123098.88"
"132","F12","5","63070.746","65301.133","123045.8"
"132","F12","6","63045.535","65508.426","122975.4"
"132","F12","7","62945.355","65790.19","122687.13"
"132","F12","8","62881.848","66069.625","122662.445"
"132","F12","9","62890.426","66360.3","122853.8"
"132","F12","10","62969.086","66547.99","122873.016"
"132","F12","11","62977.47","66543.516","122914.22"
"132","F12","12","63101.54","66783.61","122966.336"
"132","F12","13","63479.797","67196.94","123005.68"
"132","F12","14","63903.406","67852.984","122983.38"
"132","F12","15","64784.34","69066.0","122913.98"
"132","F12","16","66136.21","71187.555","122818.234"
"132","F12","17","68629.99","74770.1","122740.555"
"132","F12","18","72916.02","81241.38","122782.59"
"132","F12","19","79748.26","90943.54","123114.25"
"132","F12","20","89195.41","103559.59","123309.91"
"132","F12","21","99891.55","117505.86","123549.664"
"132","F12","22","111290.164","130425.2","123539.55"
"132","F12","23","122036.55","140800.03","123633.78"
"132","F12","24","131108.67","148259.84","123989.46"
"132","F12","25","138267.2","153624.33","124018.43"
"132","F12","26","143885.34","157430.44","124054.13"
"132","F12","27","147950.55","160085.44","123746.32"
"132","F12","28","150881.94","162495.44","123621.336"
"132","F12","29","152838.44","164157.19","123799.34"
"132","F12","30","154302.62","165643.52","124006.43"
"132","F12","31","155504.19","166989.28","123945.77"
"132","F12","32","156436.44","168700.47","123910.945"
"132","F12","33","157775.62","169966.28","124032.766"
"132","F12","34","158654.48","171231.83","124022.79"
"132","F12","35","159288.78","172813.94","123940.68"
"132","F12","36","159843.95","174114.31","123868.78"
"132","F12","37","160538.1","175512.06","123915.73"
"132","F12","38","161268.9","176663.92","123663.53"
"132","F12","39","162152.6","177654.45","123584.305"
"132","F12","40","162769.0","179252.64","123810.414"
"132","F12","41","163365.05","180377.61","123775.945"
"132","F12","42","163902.0","181355.67","123754.72"
"132","F12","43","164852.14","182584.72","123907.76"
"132","F12","44","165628.53","183767.4","123902.75"
"132","F12","45","166291.16","184876.1","123868.21"
"132","F12","46","166506.9","185914.16","123736.25"
"132","F12","47","167284.8","187187.14","123640.33"
"132","F12","48","168101.2","188387.25","123691.055"
"132","F12","49","168517.7","189259.72","123748.38"
"132","F12","50","169268.55","190291.06","123796.53"
"132","F12","51","169897.62","191460.92","123688.91"
"132","F12","52","170301.03","192969.48","123591.836"
"132","F12","53","170917.33","193577.28","123596.55"
"132","F12","54","171605.45","194227.95","123521.836"
"132","F12","55","172077.39","195362.8","123466.81"
"132","F12","56","172675.12","196752.39","123413.766"
"132","F12","57","173328.1","197907.94","123438.945"
"132","F12","58","173861.75","199075.53","123540.15"
"132","F12","59","174224.72","199712.17","123548.6"
"132","F12","60","174990.2","201172.12","123605.01"
"132","F12","61","175490.86","202055.94","123406.89"
"132","F12","62","175879.48","203012.94","123297.53"
"132","F12","63","176628.39","203842.78","123346.04"
"132","F12","64","177162.0","205223.44","123431.13"
"132","F12","65","177695.3","206238.5","123438.68"
"132","F12","66","178272.05","207487.23","123422.77"
"132","F12","67","178987.64","208777.88","123379.81"
"132","F12","68","179841.36","210642.75","123455.9"
"132","F12","69","180725.06","212704.77","123453.3"
"132","F12","70","182043.34","215320.72","123598.375"
"132","F12","71","183479.98","218642.17","123559.984"
"132","F12","72","185129.83","223127.78","123495.945"
"132","F12","73","187291.08","228290.16","123598.34"
"132","F12","74","189662.45","234629.12","123622.76"
"132","F12","75","192556.27","241801.27","123552.4"
"132","F12","76","195733.31","249778.17","123540.75"
"132","F12","77","198807.05","258264.6","123544.09"
"132","F12","78","202034.69","266999.84","123850.7"
"132","F12","79","205634.75","275239.4","124072.04"
"132","F12","80","209208.83","283799.72","124268.78"
"132","F12","81","212610.56","292062.8","124292.61"
"132","F12","82","215810.61","299852.75","124195.24"
"132","F12","83","219276.5","307590.38","124328.04"
"132","F12","84","222839.03","314725.1","124846.44"
"132","F12","85","226269.06","321601.12","124824.88"
"132","F12","86","229857.0","328522.22","124662.36"
"132","F12","87","233862.14","334996.53","124661.25"
"132","F12","88","238364.83","341353.56","124910.27"
"132","F12","89","242983.1","347730.16","124893.3"
"132","F12","90","246981.34","353259.47","125015.57"
"133","F13","1","66492.375","64033.695","125795.016"
"133","F13","2","66165.04","64145.61","125716.31"
"133","F13","3","65972.125","64838.438","125454.53"
"133","F13","4","65967.93","65582.61","125336.266"
"133","F13","5","65913.09","66418.984","125297.1"
"133","F13","6","65857.31","66566.73","125240.414"
"133","F13","7","65790.914","66700.36","125220.555"
"133","F13","8","65746.46","67363.41","125150.19"
"133","F13","9","65759.27","67478.03","125044.945"
"133","F13","10","65835.516","67424.5","124967.88"
"133","F13","11","65787.55","67540.26","124874.945"
"133","F13","12","65830.516","67670.17","124877.72"
"133","F13","13","66182.33","68125.445","125037.92"
"133","F13","14","66639.914","68481.21","125068.36"
"133","F13","15","67416.766","69786.02","124962.055"
"133","F13","16","68715.016","72016.01","124823.375"
"133","F13","17","71199.305","75927.17","124807.9"
"133","F13","18","75490.58","82423.26","124911.016"
"133","F13","19","82068.89","92387.734","125067.305"
"133","F13","20","91202.51","105363.98","125124.7"
"133","F13","21","102199.44","119297.53","125444.22"
"133","F13","22","113377.01","132361.4","125747.35"
"133","F13","23","123913.53","143195.64","125566.74"
"133","F13","24","132564.0","150844.83","125528.586"
"133","F13","25","139889.72","156021.3","125866.32"
"133","F13","26","145463.62","159710.14","125914.21"
"133","F13","27","149235.66","162631.0","125753.79"
"133","F13","28","151965.06","164622.44","125610.234"
"133","F13","29","153994.97","166655.61","125554.95"
"133","F13","30","155433.9","168048.28","125682.67"
"133","F13","31","156556.48","169630.73","125668.016"
"133","F13","32","157555.03","171145.78","125636.63"
"133","F13","33","158333.83","172755.0","125649.31"
"133","F13","34","159179.4","173940.78","125593.76"
"133","F13","35","160059.67","175426.67","125532.336"
"133","F13","36","160932.08","176704.34","125581.39"
"133","F13","37","161696.78","178016.4","125565.5"
"133","F13","38","162123.22","179120.38","125671.03"
"133","F13","39","162717.47","180420.14","125635.91"
"133","F13","40","163536.28","181896.34","125687.38"
"133","F13","41","163929.84","183074.34","125861.664"
"133","F13","42","164332.61","184356.19","125835.0"
"133","F13","43","165102.12","185732.27","125756.695"
"133","F13","44","165909.5","186529.19","125783.7"
"133","F13","45","166657.1","187807.22","125663.664"
"133","F13","46","166916.2","188904.12","125367.65"
"133","F13","47","167599.66","190214.06","125267.26"
"133","F13","48","168184.81","191262.08","125296.59"
"133","F13","49","168833.28","192298.58","125133.77"
"133","F13","50","169527.98","193427.67","125111.24"
"133","F13","51","170090.94","194644.33","125339.67"
"133","F13","52","170475.67","195441.31","125389.11"
"133","F13","53","171054.03","196560.12","125528.56"
"133","F13","54","171884.9","198052.4","125429.38"
"133","F13","55","172026.36","198965.06","125255.23"
"133","F13","56","172462.0","199942.81","125211.93"
"133","F13","57","173104.66","200781.92","125300.5"
"133","F13","58","174085.33","201809.25","125068.77"
"133","F13","59","174283.6","202870.14","125014.445"
"133","F13","60","174758.81","203909.23","125178.84"
"133","F13","61","175271.89","204551.86","125182.96"
"133","F13","62","175941.4","205636.72","125178.54"
"133","F13","63","176420.73","207113.34","125053.85"
"133","F13","64","176904.97","207810.98","125054.57"
"133","F13","65","177409.84","208643.5","125234.3"
"133","F13","66","178125.44","209368.6","124943.62"
"133","F13","67","178571.97","210375.86","124923.766"
"133","F13","68","178961.88","211910.89","125238.914"
"133","F13","69","179672.86","213647.27","125193.12"
"133","F13","70","179930.1","214431.5","125060.82"
"133","F13","71","180853.55","215939.67","125020.7"
"133","F13","72","181988.55","217552.33","125117.09"
"133","F13","73","182783.38","219726.19","125201.25"
"133","F13","74","183440.44","222072.86","125212.84"
"133","F13","75","184669.92","225354.7","125356.71"
"133","F13","76","186328.02","229506.72","125297.586"
"133","F13","77","187971.83","234714.5","125242.07"
"133","F13","78","189742.83","241045.62","125300.86"
"133","F13","79","192380.23","248229.98","125364.96"
"133","F13","80","195557.64","256778.44","125726.16"
"133","F13","81","198631.11","265340.44","125688.23"
"133","F13","82","201737.84","273824.72","125628.336"
"133","F13","83","205089.81","282416.72","125850.4"
"133","F13","84","209072.03","291728.38","126137.49"
"133","F13","85","212433.14","300456.34","126216.04"
"133","F13","86","216219.45","308677.97","126409.336"
"133","F13","87","220752.19","317559.28","126553.836"
"133","F13","88","225589.22","326470.66","126480.305"
"133","F13","89","230540.4","334112.97","126491.98"
"133","F13","90","235428.14","340478.84","126599.68"
"134","F14","1","62321.188","63909.875","124563.875"
"134","F14","2","62189.9","63996.023","124426.26"
"134","F14","3","61989.28","64696.465","124308.49"
"134","F14","4","61685.43","65399.914","124313.18"
"134","F14","5","61581.51","66088.5","124240.25"
"134","F14","6","61586.46","66240.32","124127.04"
"134","F14","7","61560.55","66325.4","124133.7"
"134","F14","8","61538.457","66601.03","124429.46"
"134","F14","9","61367.316","66705.77","124500.19"
"134","F14","10","61415.95","66866.516","124395.46"
"134","F14","11","61786.52","67004.8","124281.25"
"134","F14","12","61836.766","67294.92","124140.266"
"134","F14","13","61980.496","67570.5","124050.29"
"134","F14","14","62489.883","68014.69","123943.38"
"134","F14","15","63164.504","69495.555","123782.75"
"134","F14","16","64565.027","71760.17","123828.92"
"134","F14","17","67034.8","75239.984","124137.72"
"134","F14","18","71373.15","81607.266","124077.125"
"134","F14","19","78097.23","91416.88","124082.76"
"134","F14","20","87402.7","104382.79","124424.805"
"134","F14","21","98303.55","118570.25","124626.766"
"134","F14","22","109602.695","131698.6","124768.64"
"134","F14","23","119786.14","142252.45","124863.91"
"134","F14","24","128563.24","150037.12","124836.766"
"134","F14","25","136033.53","155634.1","124940.03"
"134","F14","26","141419.55","159394.52","124933.414"
"134","F14","27","145379.81","162342.78","125031.94"
"134","F14","28","148360.1","164412.83","124842.42"
"134","F14","29","150267.66","165866.8","124723.41"
"134","F14","30","151786.98","167612.89","124832.51"
"134","F14","31","152992.47","169299.62","125092.08"
"134","F14","32","154032.86","170692.3","125017.734"
"134","F14","33","155089.39","171824.25","124795.16"
"134","F14","34","156021.14","173384.39","124692.99"
"134","F14","35","156699.95","174864.75","124744.78"
"134","F14","36","157003.92","176187.25","124735.195"
"134","F14","37","158030.8","177392.72","124946.7"
"134","F14","38","158671.88","178861.44","125079.85"
"134","F14","39","159311.28","180084.08","124888.48"
"134","F14","40","159995.72","180972.38","124809.06"
"134","F14","41","160606.02","182209.19","124968.32"
"134","F14","42","161387.86","183591.4","124828.375"
"134","F14","43","162067.14","184755.36","124741.92"
"134","F14","44","162546.97","185934.3","124942.17"
"134","F14","45","163170.88","186942.75","125218.62"
"134","F14","46","163730.47","188306.48","125158.914"
"134","F14","47","164233.88","189438.1","124927.914"
"134","F14","48","164814.4","190613.6","124788.38"
"134","F14","49","165522.45","191742.3","124721.78"
"134","F14","50","166155.27","192585.48","124639.914"
"134","F14","51","166723.78","193638.77","124685.87"
"134","F14","52","167326.7","195100.34","124834.25"
"134","F14","53","167856.22","196089.92","124622.08"
"134","F14","54","168288.11","197116.42","124480.67"
"134","F14","55","168994.17","197962.42","124412.34"
"134","F14","56","169625.66","198931.53","124374.62"
"134","F14","57","170013.0","199971.44","124441.35"
"134","F14","58","170684.23","201095.95","124221.336"
"134","F14","59","171201.23","202269.16","124158.664"
"134","F14","60","171603.53","203193.4","124371.734"
"134","F14","61","172452.05","204227.05","124551.71"
"134","F14","62","172849.03","205083.88","124576.69"
"134","F14","63","173307.39","206071.27","124522.87"
"134","F14","64","173656.67","207782.12","124569.66"
"134","F14","65","174321.0","208146.3","124559.92"
"134","F14","66","174488.7","208988.05","124513.73"
"134","F14","67","174933.45","210347.08","124600.52"
"134","F14","68","175768.56","211535.23","124575.4"
"134","F14","69","176354.84","212541.4","124475.43"
"134","F14","70","176873.27","213711.72","124442.63"
"134","F14","71","177832.81","215077.97","124620.82"
"134","F14","72","178241.61","216572.92","124593.09"
"134","F14","73","179115.8","218331.97","124525.31"
"134","F14","74","179835.66","220770.94","124364.164"
"134","F14","75","180731.52","223625.4","124289.38"
"134","F14","76","181836.11","228056.61","124420.22"
"134","F14","77","183453.3","233318.28","124667.2"
"134","F14","78","184908.3","238903.17","124700.586"
"134","F14","79","186972.45","246020.67","124879.64"
"134","F14","80","189519.78","254267.9","124907.32"
"134","F14","81","191776.5","262500.3","125046.2"
"134","F14","82","194385.22","271596.25","125223.66"
"134","F14","83","197295.7","280940.38","125232.28"
"134","F14","84","200191.33","289179.03","125445.01"
"134","F14","85","203100.78","297991.03","125427.22"
"134","F14","86","206447.42","307160.38","125536.336"
"134","F14","87","210255.03","315205.25","125771.93"
"134","F14","88","214319.31","323345.03","126058.83"
"134","F14","89","218939.45","331292.3","126021.09"
"134","F14","90","222509.47","338212.75","126066.69"
"135","F15","1","68985.93","67013.17","127475.516"
"135","F15","2","68843.42","67271.26","127239.64"
"135","F15","3","68653.81","67836.4","127020.164"
"135","F15","4","68419.51","68259.73","126832.72"
"135","F15","5","68261.33","68506.336","126599.48"
"135","F15","6","68047.24","68692.086","126528.45"
"135","F15","7","67937.94","69139.47","126601.62"
"135","F15","8","67941.63","69574.86","126582.28"
"135","F15","9","68024.91","69726.86","126573.57"
"135","F15","10","68023.7","69829.555","126441.45"
"135","F15","11","68043.87","69998.99","126370.12"
"135","F15","12","68206.72","70228.54","126346.4"
"135","F15","13","68440.11","70768.08","126346.88"
"135","F15","14","68884.34","71507.914","126462.65"
"135","F15","15","69767.38","72697.164","126470.84"
"135","F15","16","71442.64","74750.02","126529.59"
"135","F15","17","73988.555","78889.95","126556.305"
"135","F15","18","78317.19","85442.414","126673.75"
"135","F15","19","85434.53","95871.76","126621.16"
"135","F15","20","94979.17","109026.52","126602.945"
"135","F15","21","106222.47","123900.47","126783.21"
"135","F15","22","117652.76","137965.86","126812.234"
"135","F15","23","128457.97","148806.6","126963.1"
"135","F15","24","137723.66","156503.64","127007.45"
"135","F15","25","144886.62","162199.53","127085.16"
"135","F15","26","150554.81","166331.45","127184.8"
"135","F15","27","154557.27","169335.61","127166.66"
"135","F15","28","157488.06","171904.55","127170.93"
"135","F15","29","159696.83","173581.1","127123.73"
"135","F15","30","161418.52","175343.16","127116.78"
"135","F15","31","162488.47","177137.03","127191.48"
"135","F15","32","163557.64","178357.22","127190.31"
"135","F15","33","164510.28","179742.69","127341.945"
"135","F15","34","165187.22","181322.66","127154.234"
"135","F15","35","166031.1","182712.98","127013.695"
"135","F15","36","167034.23","184150.77","126940.8"
"135","F15","37","167684.02","185751.12","126826.98"
"135","F15","38","168132.08","187014.56","126791.02"
"135","F15","39","168708.42","188081.17","126940.164"
"135","F15","40","169613.38","189682.89","126831.9"
"135","F15","41","170433.33","191082.1","126732.77"
"135","F15","42","170881.11","192001.25","126769.48"
"135","F15","43","171538.58","193148.31","126995.62"
"135","F15","44","172374.33","194772.56","127011.0"
"135","F15","45","172890.1","196272.9","126928.4"
"135","F15","46","173349.73","197306.16","126878.99"
"135","F15","47","173893.66","198487.17","126807.22"
"135","F15","48","174761.19","199434.36","126769.84"
"135","F15","49","175576.12","200747.28","126698.8"
"135","F15","50","176102.4","201668.0","126665.766"
"135","F15","51","176571.23","202625.34","126716.945"
"135","F15","52","177302.78","203721.89","126688.195"
"135","F15","53","177841.11","205277.12","126611.195"
"135","F15","54","178145.94","206323.95","126566.56"
"135","F15","55","178692.1","207370.75","126622.63"
"135","F15","56","179613.1","208660.75","126652.48"
"135","F15","57","179880.6","209613.1","126879.56"
"135","F15","58","180376.7","210911.05","126777.125"
"135","F15","59","181168.03","212099.23","126345.234"
"135","F15","60","181780.9","213147.75","126291.38"
"135","F15","61","182253.73","214030.78","126563.65"
"135","F15","62","183040.84","214953.97","126648.945"
"135","F15","63","183473.88","216043.3","126620.85"
"135","F15","64","183875.44","217300.25","126664.36"
"135","F15","65","184595.83","218340.17","126597.695"
"135","F15","66","184823.42","219257.84","126579.92"
"135","F15","67","185551.89","220423.44","126689.27"
"135","F15","68","186430.33","221995.03","126406.68"
"135","F15","69","187018.98","222681.9","126308.45"
"135","F15","70","187521.36","223590.16","126339.19"
"135","F15","71","188567.97","225005.28","126333.08"
"135","F15","72","189829.86","226529.84","126373.79"
"135","F15","73","190530.0","228061.1","126347.16"
"135","F15","74","191675.06","229929.28","126341.12"
"135","F15","75","193260.88","232232.45","126391.06"
"135","F15","76","194801.89","234103.05","126223.77"
"135","F15","77","196519.45","236954.42","126272.54"
"135","F15","78","199039.89","240541.23","126619.44"
"135","F15","79","201613.55","244363.98","126495.88"
"135","F15","80","204147.9","248918.11","126429.06"
"135","F15","81","207565.06","254767.31","126554.875"
"135","F15","82","211733.14","261713.75","126725.695"
"135","F15","83","216061.73","269767.84","126838.46"
"135","F15","84","220631.33","278221.16","126916.336"
"135","F15","85","225301.58","288151.0","126911.49"
"135","F15","86","230806.11","298425.03","127057.17"
"135","F15","87","236085.42","308518.66","127044.53"
"135","F15","88","241978.12","318818.25","127085.65"
"135","F15","89","248041.75","329285.53","127092.37"
"135","F15","90","253178.8","337730.5","127340.53"
"136","F16","1","67095.05","62910.113","121869.35"
"136","F16","2","67010.89","62992.316","121622.27"
"136","F16","3","66744.11","63681.625","121256.05"
"136","F16","4","66510.91","64213.684","121141.17"
"136","F16","5","66253.24","64640.1","121137.96"
"136","F16","6","66143.266","65009.97","121103.24"
"136","F16","7","66130.24","65256.344","121113.17"
"136","F16","8","66173.05","65396.96","120933.49"
"136","F16","9","66282.836","65655.6","120871.875"
"136","F16","10","66271.414","65770.44","120957.664"
"136","F16","11","66319.36","66026.05","120928.88"
"136","F16","12","66647.51","66441.27","120901.98"
"136","F16","13","66813.34","66758.08","120992.73"
"136","F16","14","67295.41","67319.555","120964.52"
"136","F16","15","68037.47","68309.62","120920.03"
"136","F16","16","69391.414","70331.53","120826.945"
"136","F16","17","72040.7","73971.61","120637.85"
"136","F16","18","76455.875","80365.54","120704.69"
"136","F16","19","83518.61","89864.78","121146.65"
"136","F16","20","93063.22","102489.945","121217.82"
"136","F16","21","104147.86","116519.94","121401.195"
"136","F16","22","115702.53","129397.16","121835.64"
"136","F16","23","126645.29","139679.45","121891.31"
"136","F16","24","135873.03","146802.45","122014.5"
"136","F16","25","143339.25","152242.86","121955.39"
"136","F16","26","148890.73","155997.53","121924.05"
"136","F16","27","153087.64","158726.6","121921.13"
"136","F16","28","156145.22","161202.7","121847.164"
"136","F16","29","158258.31","162962.95","121857.09"
"136","F16","30","159648.06","164210.06","121847.42"
"136","F16","31","161035.2","165652.48","122106.06"
"136","F16","32","162154.45","167194.94","122178.56"
"136","F16","33","162936.03","168661.22","122082.125"
"136","F16","34","164041.06","170106.42","121987.72"
"136","F16","35","164577.78","171407.86","122014.555"
"136","F16","36","165331.92","172693.66","122130.3"
"136","F16","37","166045.44","174129.31","122020.484"
"136","F16","38","166643.34","175199.58","121803.48"
"136","F16","39","167514.22","176414.1","121686.875"
"136","F16","40","168237.48","177757.17","121695.87"
"136","F16","41","168966.58","178825.58","121631.65"
"136","F16","42","169558.47","179963.61","121686.71"
"136","F16","43","170144.98","181210.47","121886.305"
"136","F16","44","170849.95","182142.48","121977.23"
"136","F16","45","171362.1","183143.0","121885.414"
"136","F16","46","172065.02","184333.03","121785.086"
"136","F16","47","172808.64","185768.67","121701.945"
"136","F16","48","173239.55","186546.28","121735.586"
"136","F16","49","173965.03","187681.39","121721.45"
"136","F16","50","174504.53","189075.86","121841.98"
"136","F16","51","175080.36","190210.77","121825.94"
"136","F16","52","175726.1","191155.81","121925.35"
"136","F16","53","176431.62","192102.83","121899.36"
"136","F16","54","177219.4","193130.5","121980.234"
"136","F16","55","177805.98","194074.14","121876.41"
"136","F16","56","178447.33","195161.11","121757.98"
"136","F16","57","178851.05","196033.6","121753.336"
"136","F16","58","179281.53","197077.61","121807.94"
"136","F16","59","179746.42","198209.56","121757.52"
"136","F16","60","180420.34","199308.0","121690.734"
"136","F16","61","181015.28","200274.27","121786.43"
"136","F16","62","181651.67","201033.78","121762.0"
"136","F16","63","182061.9","202023.17","121671.734"
"136","F16","64","182647.36","203397.62","121690.2"
"136","F16","65","183160.36","204303.47","121752.22"
"136","F16","66","183487.53","205205.7","121668.84"
"136","F16","67","184112.45","205936.39","121597.44"
"136","F16","68","184808.48","206975.69","121608.96"
"136","F16","69","185468.31","207851.88","121562.88"
"136","F16","70","185724.62","208679.95","121674.22"
"136","F16","71","186429.53","209914.94","121785.84"
"136","F16","72","186751.7","210666.1","121586.82"
"136","F16","73","187281.89","211403.14","121496.87"
"136","F16","74","188171.4","212812.95","121631.14"
"136","F16","75","188652.98","213922.94","121659.27"
"136","F16","76","189282.5","214673.67","121798.35"
"136","F16","77","189861.69","215929.95","121798.57"
"136","F16","78","190515.06","217440.52","121575.805"
"136","F16","79","191109.05","218362.17","121517.08"
"136","F16","80","191905.3","220018.58","121777.55"
"136","F16","81","192789.58","221699.97","121822.18"
"136","F16","82","193696.72","223679.56","121753.31"
"136","F16","83","194757.55","226164.14","121715.414"
"136","F16","84","196508.8","229710.38","121904.914"
"136","F16","85","198596.14","234631.92","121822.65"
"136","F16","86","200856.08","240361.77","121700.41"
"136","F16","87","203894.34","247627.58","121772.01"
"136","F16","88","208219.77","256546.12","122207.5"
"136","F16","89","212633.33","265830.97","122296.0"
"136","F16","90","216399.33","273988.62","122299.58"
"137","F17","1","66908.945","54360.332","133040.38"
"137","F17","2","66846.82","54395.69","132915.47"
"137","F17","3","66554.99","54826.42","132645.27"
"137","F17","4","66317.555","55220.71","132251.77"
"137","F17","5","66146.37","55747.66","132057.42"
"137","F17","6","66046.68","55891.77","131854.55"
"137","F17","7","66063.97","56182.246","131833.62"
"137","F17","8","66194.266","56176.4","132093.75"
"137","F17","9","66145.266","56276.85","132157.03"
"137","F17","10","66107.945","56406.992","132103.9"
"137","F17","11","66118.41","56449.234","132079.31"
"137","F17","12","66130.15","56490.402","132238.34"
"137","F17","13","66298.695","56726.098","132243.11"
"137","F17","14","66565.74","56673.535","132190.5"
"137","F17","15","66693.04","56707.797","131722.3"
"137","F17","16","66937.484","56823.92","131621.92"
"137","F17","17","67370.08","56868.46","131793.75"
"137","F17","18","68144.51","57253.35","131844.8"
"137","F17","19","69557.55","57510.543","131916.3"
"137","F17","20","72038.73","58112.406","132110.27"
"137","F17","21","76283.336","58926.68","132092.52"
"137","F17","22","83394.9","60359.098","132089.08"
"137","F17","23","94229.17","62868.008","132191.6"
"137","F17","24","108964.98","66455.44","132208.61"
"137","F17","25","126733.36","70705.32","132133.62"
"137","F17","26","145510.9","75365.32","132064.92"
"137","F17","27","162901.39","78981.01","132040.73"
"137","F17","28","177048.08","81766.03","132237.42"
"137","F17","29","188127.72","83859.85","132353.38"
"137","F17","30","197157.31","85106.06","132154.83"
"137","F17","31","204290.08","86257.36","132058.02"
"137","F17","32","209880.14","87342.41","132105.61"
"137","F17","33","214358.33","88222.1","132092.45"
"137","F17","34","218046.58","89014.43","132127.61"
"137","F17","35","220996.53","89970.94","132109.8"
"137","F17","36","222982.8","90382.914","132049.19"
"137","F17","37","224805.1","90843.18","132027.36"
"137","F17","38","226319.17","91689.44","131906.36"
"137","F17","39","227391.48","92256.36","131882.23"
"137","F17","40","228495.66","92634.68","132068.7"
"137","F17","41","229673.81","92959.836","132083.88"
"137","F17","42","230468.62","93651.86","132154.75"
"137","F17","43","231048.03","94297.14","132065.97"
"137","F17","44","231808.4","94617.57","131844.94"
"137","F17","45","232879.75","94994.984","131759.69"
"137","F17","46","233327.4","95632.38","131831.73"
"137","F17","47","233893.03","95920.46","132061.88"
"137","F17","48","234457.12","96319.5","132058.08"
"137","F17","49","235043.03","96872.66","132036.03"
"137","F17","50","235652.66","97198.11","132033.3"
"137","F17","51","235906.45","97721.305","132085.34"
"137","F17","52","236400.56","98180.31","131937.34"
"137","F17","53","237067.28","98805.58","131832.73"
"137","F17","54","237755.16","99161.28","131750.44"
"137","F17","55","238422.89","99476.12","131735.84"
"137","F17","56","238872.73","99885.83","131872.47"
"137","F17","57","239333.53","100440.68","131854.12"
"137","F17","58","239946.1","100987.445","131747.25"
"137","F17","59","240847.02","101720.86","131607.12"
"137","F17","60","241641.16","102428.3","131507.12"
"137","F17","61","242219.16","103076.125","131581.55"
"137","F17","62","243341.02","104098.91","131944.06"
"137","F17","63","245263.3","105231.516","131937.55"
"137","F17","64","247448.19","107054.88","131874.45"
"137","F17","65","250386.62","108846.14","131931.81"
"137","F17","66","254083.97","111438.35","132013.1"
"137","F17","67","259220.5","114692.52","131821.47"
"137","F17","68","265162.12","118156.016","131618.44"
"137","F17","69","271740.3","121686.94","131560.39"
"137","F17","70","278853.47","125486.6","131606.89"
"137","F17","71","286530.6","130012.664","131815.34"
"137","F17","72","295169.78","134429.44","131949.73"
"137","F17","73","303691.1","138648.39","131920.78"
"137","F17","74","312153.06","142886.94","131938.64"
"137","F17","75","321238.9","147184.75","132042.89"
"137","F17","76","329679.47","151700.72","132025.69"
"137","F17","77","338387.75","156266.22","132111.06"
"137","F17","78","347581.06","160631.6","132293.8"
"137","F17","79","356445.6","164901.48","132328.56"
"137","F17","80","365657.12","169558.78","132396.42"
"137","F17","81","375331.2","173879.48","132323.1"
"137","F17","82","385127.22","178218.83","132285.69"
"137","F17","83","394276.3","182315.6","132520.44"
"137","F17","84","402949.6","186712.73","132689.66"
"137","F17","85","412406.6","191160.22","132586.58"
"137","F17","86","420804.4","195782.3","132291.64"
"137","F17","87","428884.7","200482.6","132248.8"
"137","F17","88","437083.8","204957.06","132590.1"
"137","F17","89","445890.88","209253.44","132662.72"
"137","F17","90","453496.56","212651.52","132687.61"
"138","F18","1","69097.72","55690.496","136570.52"
"138","F18","2","68924.61","55740.992","136464.48"
"138","F18","3","68641.336","56078.473","136158.33"
"138","F18","4","68593.17","56433.11","136026.67"
"138","F18","5","68648.67","56740.21","135935.33"
"138","F18","6","68540.82","56959.105","135886.81"
"138","F18","7","68508.305","57330.098","135899.0"
"138","F18","8","68515.59","57439.664","135902.83"
"138","F18","9","68511.69","57607.125","136037.7"
"138","F18","10","68511.14","57531.777","136020.81"
"138","F18","11","68532.484","57545.37","135731.47"
"138","F18","12","68606.69","58023.367","135728.78"
"138","F18","13","68627.82","58102.113","136009.42"
"138","F18","14","68718.234","58105.64","136042.95"
"138","F18","15","68849.16","58088.55","136065.97"
"138","F18","16","68970.73","58185.195","136006.56"
"138","F18","17","69499.47","58383.17","135902.12"
"138","F18","18","70233.43","58598.047","135876.95"
"138","F18","19","71420.68","58941.02","135983.7"
"138","F18","20","73568.8","59285.53","135960.28"
"138","F18","21","77377.28","60178.25","135905.89"
"138","F18","22","83446.24","61940.805","135920.16"
"138","F18","23","92328.3","64475.027","136150.2"
"138","F18","24","104729.29","67921.99","136203.33"
"138","F18","25","120343.24","72870.25","136216.23"
"138","F18","26","137863.2","78407.83","136182.64"
"138","F18","27","155669.05","83609.79","136265.61"
"138","F18","28","171436.73","87862.77","136355.66"
"138","F18","29","184386.2","90617.37","136264.0"
"138","F18","30","194206.55","92547.36","136198.62"
"138","F18","31","202140.72","94015.74","136288.05"
"138","F18","32","208497.72","95391.23","136400.17"
"138","F18","33","213169.9","96680.125","136414.77"
"138","F18","34","216924.8","97359.24","136456.98"
"138","F18","35","220010.48","97798.21","136491.19"
"138","F18","36","222176.62","98504.016","136453.1"
"138","F18","37","223808.23","99256.6","136536.98"
"138","F18","38","225101.9","99849.48","136543.25"
"138","F18","39","226315.52","100514.02","136380.08"
"138","F18","40","227719.39","101187.79","136317.12"
"138","F18","41","228771.42","101612.18","136427.69"
"138","F18","42","229594.62","102068.52","136304.12"
"138","F18","43","230385.75","102707.65","136266.02"
"138","F18","44","230933.69","103305.13","136483.14"
"138","F18","45","231625.64","103682.47","136475.3"
"138","F18","46","232388.88","104156.234","136387.53"
"138","F18","47","232885.89","104668.33","136367.17"
"138","F18","48","233463.3","105238.43","136393.11"
"138","F18","49","234300.64","105639.61","136345.95"
"138","F18","50","235012.48","105995.945","136353.02"
"138","F18","51","235319.69","106410.65","136276.39"
"138","F18","52","235625.95","106936.85","136213.38"
"138","F18","53","236546.05","107291.26","136236.72"
"138","F18","54","237177.02","107713.22","136131.08"
"138","F18","55","237620.58","108193.06","136102.77"
"138","F18","56","237912.98","108447.766","136230.56"
"138","F18","57","238597.0","108997.19","136005.67"
"138","F18","58","239155.73","109720.82","135959.88"
"138","F18","59","239609.66","110121.41","136277.06"
"138","F18","60","240301.44","110495.3","136602.2"
"138","F18","61","241214.4","111401.94","136408.08"
"138","F18","62","241699.8","112317.48","136206.78"
"138","F18","63","242756.23","113391.74","135894.56"
"138","F18","64","244291.05","114594.6","135901.23"
"138","F18","65","246180.19","116138.55","136335.53"
"138","F18","66","248711.28","118381.555","136416.72"
"138","F18","67","252373.53","121119.27","136245.84"
"138","F18","68","256764.1","124568.82","136151.22"
"138","F18","69","262413.47","127860.94","136147.7"
"138","F18","70","268169.88","131758.11","136173.94"
"138","F18","71","274585.38","136344.69","136318.34"
"138","F18","72","281145.94","141020.53","136414.2"
"138","F18","73","288598.28","145744.02","136519.0"
"138","F18","74","296313.94","150451.64","136616.14"
"138","F18","75","304270.84","155652.12","136538.2"
"138","F18","76","313192.6","160468.05","136461.03"
"138","F18","77","321250.72","164938.27","136497.27"
"138","F18","78","329393.72","169936.47","136535.33"
"138","F18","79","338013.3","174857.44","136875.1"
"138","F18","80","347155.03","179383.95","136936.28"
"138","F18","81","355991.72","183865.52","137151.12"
"138","F18","82","364401.78","188984.27","137172.73"
"138","F18","83","373175.06","194115.39","137082.4"
"138","F18","84","382619.66","198522.73","137120.31"
"138","F18","85","391354.03","203207.92","137257.98"
"138","F18","86","400272.22","207705.75","137418.2"
"138","F18","87","409457.53","211925.4","137378.66"
"138","F18","88","418401.1","216478.61","137451.9"
"138","F18","89","427081.6","221053.75","137434.11"
"138","F18","90","434170.84","224827.56","137495.52"
"139","F19","1","66859.49","55896.38","132958.86"
"139","F19","2","66806.484","55922.52","132814.08"
"139","F19","3","66532.71","56301.76","132685.08"
"139","F19","4","66335.55","56784.18","132675.11"
"139","F19","5","66310.84","57146.613","132695.23"
"139","F19","6","66357.72","57456.22","132655.92"
"139","F19","7","66355.75","57486.957","132487.2"
"139","F19","8","66384.7","57748.734","132426.38"
"139","F19","9","66468.5","57900.867","132548.97"
"139","F19","10","66522.74","57928.15","132752.14"
"139","F19","11","66493.47","58077.367","132695.16"
"139","F19","12","66508.56","58187.258","132623.83"
"139","F19","13","66653.48","58260.496","132632.48"
"139","F19","14","66657.46","58277.914","132594.45"
"139","F19","15","66710.45","58380.76","132601.11"
"139","F19","16","66901.52","58361.055","132603.22"
"139","F19","17","67250.98","58469.723","132790.58"
"139","F19","18","67917.96","58690.285","132860.22"
"139","F19","19","68785.51","59046.375","132822.39"
"139","F19","20","70710.016","59622.887","132924.6"
"139","F19","21","73972.92","60475.12","133039.62"
"139","F19","22","79190.4","62319.938","132834.72"
"139","F19","23","86538.13","64942.797","132707.7"
"139","F19","24","96574.38","68606.05","132657.86"
"139","F19","25","108789.38","73718.336","132666.48"
"139","F19","26","122545.57","80254.875","132742.47"
"139","F19","27","137205.05","86638.9","132655.0"
"139","F19","28","151566.52","92424.38","132594.56"
"139","F19","29","164317.25","96840.43","132720.62"
"139","F19","30","174949.81","100180.81","132977.62"
"139","F19","31","182787.48","102128.61","132964.53"
"139","F19","32","188792.78","103431.02","132972.62"
"139","F19","33","193461.5","104753.375","133097.47"
"139","F19","34","196951.39","105804.94","133125.97"
"139","F19","35","199528.36","106577.08","133051.25"
"139","F19","36","201747.55","107322.36","132936.97"
"139","F19","37","203314.16","108118.85","132805.34"
"139","F19","38","204838.89","108499.586","132755.28"
"139","F19","39","205864.03","109156.8","132872.7"
"139","F19","40","206927.1","109685.35","132829.22"
"139","F19","41","207864.77","110527.67","132800.42"
"139","F19","42","208596.78","110971.95","132901.77"
"139","F19","43","209376.64","111454.85","132836.72"
"139","F19","44","209902.75","112039.875","132809.05"
"139","F19","45","210474.66","112481.21","133032.19"
"139","F19","46","211460.34","113272.07","133079.72"
"139","F19","47","211892.69","113812.79","132923.81"
"139","F19","48","212149.44","114337.46","132797.81"
"139","F19","49","213097.2","114747.664","132680.2"
"139","F19","50","213558.62","115221.516","132590.86"
"139","F19","51","213851.55","115709.414","132518.73"
"139","F19","52","214104.25","115975.72","132541.06"
"139","F19","53","214573.9","116491.86","132842.72"
"139","F19","54","215400.25","116934.24","132797.38"
"139","F19","55","215704.3","117275.38","132471.22"
"139","F19","56","216178.95","117874.79","132371.2"
"139","F19","57","216645.25","118475.65","132450.89"
"139","F19","58","216897.89","119062.36","132634.88"
"139","F19","59","217460.38","119461.86","132739.34"
"139","F19","60","217979.6","119806.08","132558.28"
"139","F19","61","218478.11","120372.2","132418.44"
"139","F19","62","219266.25","121186.43","132393.03"
"139","F19","63","219999.62","121918.2","132507.19"
"139","F19","64","220593.17","122933.945","132521.61"
"139","F19","65","221809.17","124205.89","132616.25"
"139","F19","66","223113.0","125918.76","132600.19"
"139","F19","67","225070.06","127926.16","132545.45"
"139","F19","68","227776.97","130448.39","132229.83"
"139","F19","69","231285.17","133779.62","132256.6"
"139","F19","70","235205.31","137919.48","132705.05"
"139","F19","71","240215.92","142331.9","132851.86"
"139","F19","72","245559.22","147064.8","132937.16"
"139","F19","73","251032.27","151971.33","133005.78"
"139","F19","74","256812.67","157056.98","132955.58"
"139","F19","75","262649.56","162133.22","132954.52"
"139","F19","76","268981.84","167302.0","132917.08"
"139","F19","77","275247.78","172564.52","132905.61"
"139","F19","78","282033.16","178006.03","132950.14"
"139","F19","79","288336.72","183230.89","133112.73"
"139","F19","80","295548.88","188190.47","133089.27"
"139","F19","81","302887.34","193524.0","133099.03"
"139","F19","82","309955.4","198507.58","133109.45"
"139","F19","83","317082.06","203518.6","133379.06"
"139","F19","84","325075.9","208372.88","133337.83"
"139","F19","85","333194.2","213106.95","133186.73"
"139","F19","86","341611.78","217797.19","133112.6"
"139","F19","87","349747.06","223055.02","133207.23"
"139","F19","88","357721.94","227835.02","133135.55"
"139","F19","89","365270.53","232382.45","133094.58"
"139","F19","90","372321.7","236683.52","133320.36"
"140","F20","1","65027.32","53580.668","128086.445"
"140","F20","2","64853.613","53617.195","127909.586"
"140","F20","3","64642.418","53888.785","127656.89"
"140","F20","4","64337.855","54202.156","127539.79"
"140","F20","5","64285.676","54736.777","127387.77"
"140","F20","6","64367.992","55072.977","127246.64"
"140","F20","7","64367.24","55149.676","127299.8"
"140","F20","8","64368.2","55372.08","127591.64"
"140","F20","9","64362.375","55507.918","127480.43"
"140","F20","10","64442.574","55410.74","127407.81"
"140","F20","11","64552.973","55303.625","127470.266"
"140","F20","12","64564.617","55361.797","127645.51"
"140","F20","13","64650.14","55359.434","127702.66"
"140","F20","14","64587.004","55694.598","127418.09"
"140","F20","15","64597.68","55887.895","127395.15"
"140","F20","16","64910.43","55824.26","127722.7"
"140","F20","17","65197.996","55917.72","127820.13"
"140","F20","18","65792.516","56011.836","127600.85"
"140","F20","19","66767.055","56220.8","127480.66"
"140","F20","20","68572.2","56933.54","127383.04"
"140","F20","21","71485.625","57800.65","127427.414"
"140","F20","22","76131.79","59375.836","127752.266"
"140","F20","23","82871.52","61816.254","127661.23"
"140","F20","24","91585.2","65444.48","127627.77"
"140","F20","25","101855.06","70673.68","127835.85"
"140","F20","26","113124.32","76843.82","127880.555"
"140","F20","27","124965.64","83310.34","127996.75"
"140","F20","28","136735.95","89866.586","127726.03"
"140","F20","29","148114.73","95393.164","127680.39"
"140","F20","30","158169.4","99704.64","127935.26"
"140","F20","31","166480.75","102854.77","127738.37"
"140","F20","32","172843.45","104989.195","127704.76"
"140","F20","33","177318.3","106300.125","128016.49"
"140","F20","34","181114.83","107090.055","128004.32"
"140","F20","35","183944.25","107977.17","127939.94"
"140","F20","36","185824.34","108475.83","128007.32"
"140","F20","37","187545.64","109108.96","127902.44"
"140","F20","38","189019.55","109746.44","127638.46"
"140","F20","39","190220.8","110374.4","127602.84"
"140","F20","40","191130.16","111054.04","127885.945"
"140","F20","41","191774.78","111596.54","128013.73"
"140","F20","42","192548.16","112160.51","128000.64"
"140","F20","43","193415.88","112669.9","127878.68"
"140","F20","44","194273.3","113043.63","127805.88"
"140","F20","45","194676.39","113663.81","127841.93"
"140","F20","46","195187.64","114130.54","127834.336"
"140","F20","47","195662.02","114299.52","128004.234"
"140","F20","48","196058.3","114860.2","128123.27"
"140","F20","49","196625.5","115557.1","128019.67"
"140","F20","50","197012.2","115922.25","127896.28"
"140","F20","51","197398.52","116201.07","127762.836"
"140","F20","52","197671.28","116694.836","127695.914"
"140","F20","53","198162.81","117262.836","127729.18"
"140","F20","54","198781.44","117571.05","127697.66"
"140","F20","55","199138.11","118051.336","127788.83"
"140","F20","56","199416.28","118470.09","128032.88"
"140","F20","57","199971.14","118771.55","127994.016"
"140","F20","58","200536.22","119001.7","127853.33"
"140","F20","59","200717.06","119535.85","127690.48"
"140","F20","60","201054.48","120139.2","127546.12"
"140","F20","61","201450.7","120635.016","127552.414"
"140","F20","62","201704.58","120964.21","127826.36"
"140","F20","63","201915.22","121402.61","127758.01"
"140","F20","64","202719.02","121969.16","127458.92"
"140","F20","65","203395.27","122288.2","127377.13"
"140","F20","66","203870.81","123134.89","127495.0"
"140","F20","67","204976.6","124694.17","127723.53"
"140","F20","68","206145.6","126480.45","127693.66"
"140","F20","69","207594.83","128386.695","127644.43"
"140","F20","70","209739.4","130989.81","127740.89"
"140","F20","71","212524.36","134632.58","127826.25"
"140","F20","72","215873.02","138771.52","127757.76"
"140","F20","73","219521.72","143451.55","127688.31"
"140","F20","74","223371.64","148370.0","127741.54"
"140","F20","75","227381.3","153426.0","127932.09"
"140","F20","76","231635.02","158383.27","127999.56"
"140","F20","77","235908.55","163495.44","127983.42"
"140","F20","78","240567.42","168932.38","128152.125"
"140","F20","79","245344.6","174074.53","128247.31"
"140","F20","80","250012.25","178885.83","128352.99"
"140","F20","81","255836.53","183849.16","128342.85"
"140","F20","82","261092.98","188979.47","128367.29"
"140","F20","83","266481.97","193310.44","128460.734"
"140","F20","84","271957.47","198354.03","128462.5"
"140","F20","85","277990.78","203192.39","128400.336"
"140","F20","86","284168.38","208127.08","128498.08"
"140","F20","87","290732.22","212512.12","128537.0"
"140","F20","88","297612.1","217315.77","128517.875"
"140","F20","89","304347.56","221544.12","128734.99"
"140","F20","90","310562.28","225042.12","128695.89"
"141","F21","1","59208.19","64355.06","128850.0"
"141","F21","2","59120.332","64457.773","128667.72"
"141","F21","3","58939.03","64776.355","128346.26"
"141","F21","4","58805.617","65496.824","127949.91"
"141","F21","5","58580.645","65835.54","127922.67"
"141","F21","6","58565.195","65997.164","128204.695"
"141","F21","7","58716.254","66123.72","128355.625"
"141","F21","8","58718.887","66568.91","128335.04"
"141","F21","9","58701.58","66676.445","128299.86"
"141","F21","10","58704.11","66584.23","128303.78"
"141","F21","11","58819.645","66702.55","128285.91"
"141","F21","12","58886.59","66871.66","128190.96"
"141","F21","13","58909.52","66984.086","128161.88"
"141","F21","14","58971.293","67194.95","128307.78"
"141","F21","15","59010.08","67366.5","128390.734"
"141","F21","16","59305.44","67355.984","128372.42"
"141","F21","17","59663.043","67695.42","128450.73"
"141","F21","18","60174.434","67792.766","128413.85"
"141","F21","19","61088.48","67996.945","128259.59"
"141","F21","20","62740.152","68468.09","128258.48"
"141","F21","21","65773.43","69334.46","128538.555"
"141","F21","22","70408.63","70790.28","128481.12"
"141","F21","23","77133.7","73499.31","128398.41"
"141","F21","24","85497.5","77468.945","128470.46"
"141","F21","25","95239.195","83034.016","128745.87"
"141","F21","26","105354.56","89933.48","128976.98"
"141","F21","27","115324.17","97180.555","128891.16"
"141","F21","28","124947.53","104069.82","128862.97"
"141","F21","29","133610.45","111061.51","129148.22"
"141","F21","30","141775.44","116910.53","129134.21"
"141","F21","31","148961.95","121513.445","129117.99"
"141","F21","32","154642.23","124973.914","129211.58"
"141","F21","33","159106.44","126897.28","129443.016"
"141","F21","34","162478.97","128386.766","129452.69"
"141","F21","35","165180.03","129351.32","129368.78"
"141","F21","36","167404.53","130171.22","129276.59"
"141","F21","37","168783.27","131334.92","129355.01"
"141","F21","38","169680.78","131758.8","129504.84"
"141","F21","39","170868.17","132359.6","129642.32"
"141","F21","40","171740.42","132997.17","129561.92"
"141","F21","41","172566.67","133702.66","129487.1"
"141","F21","42","173130.98","134197.58","129375.77"
"141","F21","43","173885.3","134633.03","129338.76"
"141","F21","44","174157.67","135091.48","129384.6"
"141","F21","45","174803.31","135879.92","129607.484"
"141","F21","46","175512.14","136309.2","129630.73"
"141","F21","47","175933.02","136592.6","129506.87"
"141","F21","48","176135.28","137309.92","129445.87"
"141","F21","49","176376.27","137549.48","129513.87"
"141","F21","50","176747.27","138142.78","129482.67"
"141","F21","51","177272.66","138531.52","129422.96"
"141","F21","52","177773.84","138939.77","129398.19"
"141","F21","53","178007.8","139522.52","129352.18"
"141","F21","54","178099.98","139794.52","129331.22"
"141","F21","55","178530.11","140020.75","129261.31"
"141","F21","56","178776.69","140728.5","129238.766"
"141","F21","57","178935.64","140954.8","129182.5"
"141","F21","58","179151.73","141204.88","129134.29"
"141","F21","59","179519.56","141867.61","129336.26"
"141","F21","60","180225.75","142465.3","129413.336"
"141","F21","61","180438.27","142675.62","129381.74"
"141","F21","62","180430.77","143426.94","129494.11"
"141","F21","63","180724.22","143739.36","129508.555"
"141","F21","64","181152.39","144233.92","129406.1"
"141","F21","65","181849.03","144518.27","129355.4"
"141","F21","66","181707.78","145004.5","129281.36"
"141","F21","67","181916.78","145565.25","129393.195"
"141","F21","68","182251.84","146095.72","129548.38"
"141","F21","69","182472.55","146969.31","129572.04"
"141","F21","70","182964.89","148179.55","129589.836"
"141","F21","71","183554.17","149906.38","129314.516"
"141","F21","72","184104.1","152343.64","129238.46"
"141","F21","73","185352.56","155319.12","129561.766"
"141","F21","74","186436.5","158909.36","129637.48"
"141","F21","75","187375.3","164271.38","129661.09"
"141","F21","76","188923.28","169422.45","129654.375"
"141","F21","77","190621.8","175454.5","129949.1"
"141","F21","78","192545.69","181702.52","129926.67"
"141","F21","79","194907.25","188192.81","129936.67"
"141","F21","80","197110.69","194819.08","129983.516"
"141","F21","81","199265.48","201478.95","130265.91"
"141","F21","82","201882.9","208019.81","130452.336"
"141","F21","83","204210.23","214498.27","130172.68"
"141","F21","84","206692.45","220886.94","130059.875"
"141","F21","85","209918.08","227673.16","130401.12"
"141","F21","86","212927.8","234440.27","130633.77"
"141","F21","87","215828.44","241214.75","130731.19"
"141","F21","88","219552.1","247866.69","130806.94"
"141","F21","89","223250.19","254403.86","130858.9"
"141","F21","90","225824.67","259829.83","130731.56"
"142","F22","1","63610.613","58521.652","131768.17"
"142","F22","2","63379.17","58532.26","131656.61"
"142","F22","3","62986.39","58754.387","131285.69"
"142","F22","4","62912.56","59264.21","131134.67"
"142","F22","5","62916.047","59776.133","131006.07"
"142","F22","6","62925.73","60111.688","130945.36"
"142","F22","7","62972.477","60292.758","130896.1"
"142","F22","8","62993.145","60395.133","130892.64"
"142","F22","9","63080.754","60573.64","130927.89"
"142","F22","10","63115.77","60514.37","130949.78"
"142","F22","11","63106.758","60520.73","131070.58"
"142","F22","12","63169.645","60659.94","131149.58"
"142","F22","13","63202.61","60952.12","131180.92"
"142","F22","14","63403.87","60962.945","131166.34"
"142","F22","15","63424.92","61000.594","131226.62"
"142","F22","16","63451.324","61024.14","131233.72"
"142","F22","17","63857.65","61182.74","131344.45"
"142","F22","18","64447.605","61223.45","131364.52"
"142","F22","19","65662.14","61741.188","131503.88"
"142","F22","20","67233.71","62192.082","131502.75"
"142","F22","21","70092.35","63159.508","131591.06"
"142","F22","22","74969.75","64854.9","131661.05"
"142","F22","23","81462.93","67337.74","131610.67"
"142","F22","24","90049.71","71396.55","131594.69"
"142","F22","25","99962.2","76705.71","131545.47"
"142","F22","26","110339.0","83114.91","131618.12"
"142","F22","27","120599.07","90249.06","131750.81"
"142","F22","28","130073.766","97579.17","131709.66"
"142","F22","29","139094.31","104037.336","131755.33"
"142","F22","30","147389.4","109737.07","131998.89"
"142","F22","31","154645.3","114279.67","132063.39"
"142","F22","32","160384.16","117294.64","132165.9"
"142","F22","33","164902.48","119462.88","132268.08"
"142","F22","34","168482.08","120563.89","132208.88"
"142","F22","35","170916.16","121883.125","132199.48"
"142","F22","36","173047.83","122554.56","132138.7"
"142","F22","37","174614.31","123379.5","132133.22"
"142","F22","38","175966.34","124189.37","132124.27"
"142","F22","39","176742.97","124901.08","132090.66"
"142","F22","40","177471.34","125469.12","132263.69"
"142","F22","41","178193.92","126227.266","132226.0"
"142","F22","42","178698.72","126728.734","132174.53"
"142","F22","43","179451.52","127258.92","132149.12"
"142","F22","44","179945.19","127870.92","132368.8"
"142","F22","45","180354.53","128350.19","132280.98"
"142","F22","46","180901.5","128939.61","132157.88"
"142","F22","47","181278.77","129590.086","132163.38"
"142","F22","48","181849.52","129994.34","132192.17"
"142","F22","49","182259.19","130419.16","132111.45"
"142","F22","50","182445.6","131175.81","132068.75"
"142","F22","51","182850.89","131513.42","131997.31"
"142","F22","52","183145.3","131923.02","132057.97"
"142","F22","53","183414.45","132363.17","132134.12"
"142","F22","54","183959.78","132800.16","132081.03"
"142","F22","55","184324.16","133192.22","131960.72"
"142","F22","56","184714.19","133833.05","131837.86"
"142","F22","57","185011.8","133782.25","131768.9"
"142","F22","58","185286.52","134257.56","131896.1"
"142","F22","59","185616.33","134654.14","132048.36"
"142","F22","60","186176.73","135276.47","132077.47"
"142","F22","61","186670.81","135801.52","132002.61"
"142","F22","62","186764.44","136386.16","131909.72"
"142","F22","63","186532.52","136630.25","131892.84"
"142","F22","64","186969.34","136997.0","131805.62"
"142","F22","65","187452.94","137436.14","131735.22"
"142","F22","66","187822.27","138111.3","131699.88"
"142","F22","67","188210.16","138802.69","131663.56"
"142","F22","68","188895.84","139301.48","131812.52"
"142","F22","69","189206.3","140512.8","131920.39"
"142","F22","70","189639.9","141907.08","131973.39"
"142","F22","71","190215.05","143646.53","132051.8"
"142","F22","72","191193.66","146189.69","132070.52"
"142","F22","73","192326.0","149367.33","132144.34"
"142","F22","74","193752.95","153706.2","131989.03"
"142","F22","75","195421.86","158940.2","131928.89"
"142","F22","76","197616.22","163721.31","132164.56"
"142","F22","77","200027.19","169454.25","132264.53"
"142","F22","78","202357.66","175596.36","132441.25"
"142","F22","79","204733.42","180899.02","132514.11"
"142","F22","80","207586.2","187101.16","132581.47"
"142","F22","81","210477.16","193331.89","132735.92"
"142","F22","82","213416.48","199189.45","132650.44"
"142","F22","83","216395.17","204977.02","132618.48"
"142","F22","84","219589.42","210603.23","133012.61"
"142","F22","85","223133.11","216539.1","133183.84"
"142","F22","86","226446.84","222833.47","133233.92"
"142","F22","87","229943.75","228391.0","133185.23"
"142","F22","88","234067.78","233667.36","133388.36"
"142","F22","89","238500.94","239033.2","133405.81"
"142","F22","90","242373.3","243767.38","133385.67"
"143","F23","1","61974.156","63450.527","126707.62"
"143","F23","2","61734.707","63553.04","126279.15"
"143","F23","3","61579.12","64170.184","126055.96"
"143","F23","4","61534.395","64435.504","126071.7"
"143","F23","5","61325.38","65038.97","125944.29"
"143","F23","6","61314.855","65315.23","125913.23"
"143","F23","7","61485.86","65474.727","125990.03"
"143","F23","8","61510.73","65801.76","126178.74"
"143","F23","9","61624.008","65968.62","126122.195"
"143","F23","10","61791.21","66083.02","126111.4"
"143","F23","11","61678.965","66232.445","126279.766"
"143","F23","12","61642.414","66133.95","126281.26"
"143","F23","13","61806.168","66200.34","126287.83"
"143","F23","14","61786.184","66596.125","126269.16"
"143","F23","15","61866.344","66650.3","126204.55"
"143","F23","16","62364.64","66591.11","126214.11"
"143","F23","17","62623.727","66965.695","126445.195"
"143","F23","18","63118.938","67224.15","126447.375"
"143","F23","19","63960.47","67461.2","126462.72"
"143","F23","20","65711.87","68077.62","126546.055"
"143","F23","21","68889.54","69032.16","126412.164"
"143","F23","22","73751.22","70603.56","126332.16"
"143","F23","23","80253.82","73354.234","126349.89"
"143","F23","24","88559.65","77621.195","126345.85"
"143","F23","25","98250.97","83139.32","126501.3"
"143","F23","26","108310.95","89912.74","126620.0"
"143","F23","27","117742.03","97440.8","126711.92"
"143","F23","28","126619.14","104446.89","126765.19"
"143","F23","29","134434.88","110933.766","126970.03"
"143","F23","30","140854.62","116988.98","127186.68"
"143","F23","31","146781.22","121568.195","127248.805"
"143","F23","32","151551.8","124642.67","127165.57"
"143","F23","33","155071.39","126977.82","127135.14"
"143","F23","34","157922.19","128792.29","127145.05"
"143","F23","35","160144.25","130409.96","127385.39"
"143","F23","36","161858.39","131387.69","127761.59"
"143","F23","37","162939.53","132144.47","127573.04"
"143","F23","38","163592.75","132890.58","127414.39"
"143","F23","39","164559.52","133597.8","127424.24"
"143","F23","40","165115.11","134462.78","127434.15"
"143","F23","41","165783.2","135122.11","127444.164"
"143","F23","42","166255.2","135742.92","127373.34"
"143","F23","43","166677.28","136321.78","127432.81"
"143","F23","44","167012.16","136654.53","127428.05"
"143","F23","45","167684.48","137651.53","127383.85"
"143","F23","46","168219.6","138504.58","127607.04"
"143","F23","47","168380.52","139094.69","127691.63"
"143","F23","48","168571.83","139549.11","127459.336"
"143","F23","49","169008.92","140034.72","127336.99"
"143","F23","50","169287.84","140322.4","127487.78"
"143","F23","51","169724.08","140800.02","127661.555"
"143","F23","52","169752.66","141502.4","127572.06"
"143","F23","53","169817.78","141993.88","127365.07"
"143","F23","54","170008.42","142361.12","127314.76"
"143","F23","55","170360.75","142975.4","127629.28"
"143","F23","56","170609.73","143599.19","127666.64"
"143","F23","57","170932.61","144146.1","127587.47"
"143","F23","58","171233.05","144430.86","127481.55"
"143","F23","59","171359.0","145021.62","127470.695"
"143","F23","60","171534.45","145314.23","127376.984"
"143","F23","61","171671.36","146007.78","127347.79"
"143","F23","62","172177.69","146561.81","127361.9"
"143","F23","63","172200.1","147251.56","127404.055"
"143","F23","64","172214.61","147713.6","127536.0"
"143","F23","65","172613.44","147960.45","127583.836"
"143","F23","66","172882.94","148522.67","127563.79"
"143","F23","67","173186.58","148981.06","127750.53"
"143","F23","68","173579.83","149166.9","127442.71"
"143","F23","69","173354.94","150075.25","127322.36"
"143","F23","70","173386.62","150806.44","127538.0"
"143","F23","71","173771.08","151471.75","127486.95"
"143","F23","72","173949.55","152776.89","127429.25"
"143","F23","73","174360.3","153850.11","127473.84"
"143","F23","74","174703.17","155635.56","127520.1"
"143","F23","75","174750.69","157985.11","127607.02"
"143","F23","76","174916.52","161105.92","127733.14"
"143","F23","77","175139.14","165453.06","127745.09"
"143","F23","78","175707.38","170330.03","127861.47"
"143","F23","79","176208.33","175793.69","127984.64"
"143","F23","80","176842.86","182023.98","127895.52"
"143","F23","81","177572.97","188371.23","127931.26"
"143","F23","82","178132.16","195306.11","128200.47"
"143","F23","83","178468.36","202061.1","128126.555"
"143","F23","84","179407.47","208655.12","128081.836"
"143","F23","85","180248.14","215586.53","128432.555"
"143","F23","86","181445.67","221721.36","128732.61"
"143","F23","87","182341.06","228382.1","128797.305"
"143","F23","88","183618.31","235121.5","128845.08"
"143","F23","89","184796.67","242185.95","128994.84"
"143","F23","90","185711.64","247933.42","129034.39"
"144","F24","1","65500.848","57994.95","124435.11"
"144","F24","2","65407.996","58035.266","124294.016"
"144","F24","3","65262.414","58428.93","123944.195"
"144","F24","4","65055.67","59027.734","123832.45"
"144","F24","5","64957.137","59478.76","123766.18"
"144","F24","6","64861.28","59699.89","123783.98"
"144","F24","7","64878.42","60064.715","123933.36"
"144","F24","8","65036.13","60167.81","123986.03"
"144","F24","9","65048.96","60176.195","123925.47"
"144","F24","10","65099.83","60540.13","123955.78"
"144","F24","11","65223.773","60441.805","124207.47"
"144","F24","12","65316.87","60290.996","124084.37"
"144","F24","13","65337.03","60418.54","123980.48"
"144","F24","14","65330.05","60709.766","123982.414"
"144","F24","15","65509.934","60663.32","124134.91"
"144","F24","16","65854.41","60714.42","124015.766"
"144","F24","17","66146.28","60865.92","123953.91"
"144","F24","18","66693.87","61145.934","124034.36"
"144","F24","19","67708.055","61304.688","124193.04"
"144","F24","20","69356.41","61777.742","124260.68"
"144","F24","21","72594.27","62731.945","124239.47"
"144","F24","22","77502.05","64340.47","124287.266"
"144","F24","23","84437.56","66775.57","124322.97"
"144","F24","24","93198.414","70566.0","124087.26"
"144","F24","25","103156.24","75459.9","124114.08"
"144","F24","26","113389.125","81580.625","124603.74"
"144","F24","27","123414.62","88458.17","124675.72"
"144","F24","28","132410.47","95153.79","124779.35"
"144","F24","29","140420.94","101337.8","124900.39"
"144","F24","30","147314.27","106677.04","124908.56"
"144","F24","31","152984.98","110892.69","125162.05"
"144","F24","32","157682.81","114449.93","125239.65"
"144","F24","33","161189.47","116937.41","125171.92"
"144","F24","34","164086.64","118543.22","125142.03"
"144","F24","35","166256.72","119708.625","125138.47"
"144","F24","36","167958.02","120623.836","125074.62"
"144","F24","37","169453.45","121378.67","125143.32"
"144","F24","38","170326.4","122117.016","125152.17"
"144","F24","39","170791.73","122822.33","125242.63"
"144","F24","40","171453.6","123701.78","125184.555"
"144","F24","41","172222.25","124013.34","125180.17"
"144","F24","42","172721.0","124685.85","125298.33"
"144","F24","43","173105.88","125549.1","125412.92"
"144","F24","44","173451.61","126083.09","125323.58"
"144","F24","45","173657.33","126586.77","125190.05"
"144","F24","46","174104.39","126808.484","125147.06"
"144","F24","47","174001.97","127403.13","125266.56"
"144","F24","48","174447.25","127875.17","125449.84"
"144","F24","49","174683.06","128353.836","125396.51"
"144","F24","50","174702.73","128880.625","125396.586"
"144","F24","51","174961.22","129503.2","125365.83"
"144","F24","52","175479.12","129743.37","125255.99"
"144","F24","53","175553.28","130272.3","125192.16"
"144","F24","54","175677.44","130559.39","125098.9"
"144","F24","55","175706.28","130847.45","125119.47"
"144","F24","56","175926.0","131466.12","125196.766"
"144","F24","57","176037.69","132086.67","125272.05"
"144","F24","58","176426.95","132476.23","125304.836"
"144","F24","59","176429.66","132791.4","125248.94"
"144","F24","60","176603.31","133418.34","125337.516"
"144","F24","61","176878.1","133582.11","125301.66"
"144","F24","62","177035.39","133959.77","125385.45"
"144","F24","63","177093.16","134304.69","125344.66"
"144","F24","64","177343.47","134742.81","125414.53"
"144","F24","65","177509.0","135211.44","125403.31"
"144","F24","66","177615.33","135615.94","125419.12"
"144","F24","67","177852.14","135970.22","125310.29"
"144","F24","68","177771.66","136431.94","125192.28"
"144","F24","69","177935.45","136651.66","125109.21"
"144","F24","70","178043.05","137223.11","125211.84"
"144","F24","71","178102.39","137850.39","125230.35"
"144","F24","72","178325.75","138164.39","125186.02"
"144","F24","73","178533.1","139109.36","125343.8"
"144","F24","74","178702.78","139678.86","125344.914"
"144","F24","75","178805.28","140968.78","125459.54"
"144","F24","76","178744.33","142324.92","125175.42"
"144","F24","77","178747.97","144365.9","125066.79"
"144","F24","78","178703.33","147200.66","125306.85"
"144","F24","79","178728.22","151049.62","125401.836"
"144","F24","80","178615.1","155660.25","125416.19"
"144","F24","81","178534.44","160890.81","125475.875"
"144","F24","82","178440.0","166599.28","125672.99"
"144","F24","83","178309.92","172608.95","125780.7"
"144","F24","84","178070.03","178753.16","125835.55"
"144","F24","85","177889.8","185196.58","125954.375"
"144","F24","86","177786.44","191720.9","126072.0"
"144","F24","87","177812.45","197916.98","126331.01"
"144","F24","88","178062.17","204085.62","126326.59"
"144","F24","89","178026.22","210005.36","126390.016"
"144","F24","90","177556.62","215424.66","126282.94"
"145","G1","1","72737.75","55979.34","138756.2"
"145","G1","2","72442.55","55983.633","138386.34"
"145","G1","3","72019.18","56040.527","137843.83"
"145","G1","4","71740.72","56184.766","137465.47"
"145","G1","5","71669.21","56377.33","137185.39"
"145","G1","6","71649.55","56561.613","137107.4"
"145","G1","7","71666.875","56598.273","137116.02"
"145","G1","8","71856.42","56814.004","137070.44"
"145","G1","9","72396.21","56916.57","136977.73"
"145","G1","10","73324.87","57132.25","136980.77"
"145","G1","11","75175.055","57252.223","137080.5"
"145","G1","12","78672.04","57655.953","137082.92"
"145","G1","13","84384.73","58234.66","137094.53"
"145","G1","14","93265.09","59129.656","137087.84"
"145","G1","15","106006.75","60568.027","137082.8"
"145","G1","16","122411.664","62894.285","137206.16"
"145","G1","17","142098.52","66088.48","137365.33"
"145","G1","18","163582.36","70429.44","137354.23"
"145","G1","19","185611.78","75378.414","137347.94"
"145","G1","20","206492.28","80080.586","137348.2"
"145","G1","21","224560.28","83939.51","137491.44"
"145","G1","22","239490.33","86581.21","137452.7"
"145","G1","23","251482.11","88555.47","137385.47"
"145","G1","24","261240.08","89986.13","137375.8"
"145","G1","25","269296.6","91308.86","137369.28"
"145","G1","26","276942.56","92361.07","137514.44"
"145","G1","27","282924.5","93078.72","137516.52"
"145","G1","28","287104.88","93756.66","137447.0"
"145","G1","29","290502.66","94736.63","137423.02"
"145","G1","30","293648.34","95363.234","137480.5"
"145","G1","31","296175.3","95855.31","137567.75"
"145","G1","32","298010.16","96454.38","137544.27"
"145","G1","33","299794.88","97052.266","137588.95"
"145","G1","34","301293.94","97429.805","137587.02"
"145","G1","35","302517.7","97886.945","137610.0"
"145","G1","36","303833.16","98369.21","137549.08"
"145","G1","37","305021.75","98590.06","137490.58"
"145","G1","38","305982.53","98960.93","137554.45"
"145","G1","39","306648.2","99576.94","137622.19"
"145","G1","40","307298.62","100092.93","137602.44"
"145","G1","41","308691.66","100611.664","137540.33"
"145","G1","42","309013.03","101036.14","137425.14"
"145","G1","43","309663.2","101383.65","137345.2"
"145","G1","44","310251.66","101656.9","137315.02"
"145","G1","45","310963.94","102085.86","137319.64"
"145","G1","46","311102.5","102428.16","137347.47"
"145","G1","47","311341.84","102967.41","137329.38"
"145","G1","48","312307.1","103171.13","137401.84"
"145","G1","49","313121.47","103691.555","137401.0"
"145","G1","50","314232.12","103952.83","137354.86"
"145","G1","51","314357.16","104319.65","137363.56"
"145","G1","52","314774.84","104689.945","137310.62"
"145","G1","53","315045.38","105086.59","137244.33"
"145","G1","54","315587.84","105196.86","137216.38"
"145","G1","55","316393.66","105452.09","137289.8"
"145","G1","56","316731.12","106243.27","137273.78"
"145","G1","57","317466.53","106545.46","137279.88"
"145","G1","58","318754.2","107013.16","137257.0"
"145","G1","59","319446.34","107450.68","137316.36"
"145","G1","60","320149.34","108327.37","137337.27"
"145","G1","61","320646.75","109198.484","137187.98"
"145","G1","62","322459.62","110199.97","137111.42"
"145","G1","63","324494.47","111838.27","137074.53"
"145","G1","64","327422.44","113840.586","137124.11"
"145","G1","65","331192.78","116599.32","137420.89"
"145","G1","66","336181.47","119908.89","137405.94"
"145","G1","67","342045.34","123869.49","137351.84"
"145","G1","68","348125.44","128686.95","137477.11"
"145","G1","69","355316.6","133780.92","137740.16"
"145","G1","70","362808.66","139256.52","137693.33"
"145","G1","71","370184.38","145026.19","137611.19"
"145","G1","72","378017.3","150713.5","137636.67"
"145","G1","73","386034.12","156678.83","137722.56"
"145","G1","74","393665.06","162750.28","137968.97"
"145","G1","75","401722.03","168696.22","138075.72"
"145","G1","76","409662.3","174565.95","138047.52"
"145","G1","77","416936.3","180828.06","138061.88"
"145","G1","78","423619.44","187141.6","138033.14"
"145","G1","79","431188.34","193136.56","138206.81"
"145","G1","80","438565.8","199360.92","138340.06"
"145","G1","81","445863.34","205684.52","138448.88"
"145","G1","82","452502.62","211943.75","138460.53"
"145","G1","83","459246.16","218275.98","138608.9"
"145","G1","84","466579.12","224531.66","138648.47"
"145","G1","85","473341.97","231049.42","138769.2"
"145","G1","86","479060.03","237120.5","138726.16"
"145","G1","87","484739.1","243067.02","138844.77"
"145","G1","88","490624.62","249087.6","139018.23"
"145","G1","89","496180.28","254646.84","139022.14"
"145","G1","90","500449.38","260541.88","139073.44"
"146","G2","1","64719.844","58416.78","136408.52"
"146","G2","2","64523.78","58446.457","136087.06"
"146","G2","3","64254.473","58805.61","135619.53"
"146","G2","4","63892.043","59074.305","135405.47"
"146","G2","5","63825.035","59344.37","135268.89"
"146","G2","6","63896.6","59406.363","135155.58"
"146","G2","7","63963.168","59470.754","135059.53"
"146","G2","8","64301.344","59707.367","134887.22"
"146","G2","9","64763.62","59981.62","134742.66"
"146","G2","10","65753.63","59974.516","134644.55"
"146","G2","11","67456.336","60107.0","134562.33"
"146","G2","12","70615.36","60439.082","134631.03"
"146","G2","13","76207.82","61066.586","134689.27"
"146","G2","14","84556.195","61965.086","134676.17"
"146","G2","15","96326.92","63054.645","134602.52"
"146","G2","16","111158.234","65137.87","134672.16"
"146","G2","17","127890.93","68551.09","134779.95"
"146","G2","18","146278.05","73103.0","134796.05"
"146","G2","19","165773.14","78685.664","134692.6"
"146","G2","20","185152.62","84879.78","134597.6"
"146","G2","21","203490.81","90334.28","134500.83"
"146","G2","22","218478.19","94488.414","134493.1"
"146","G2","23","230882.19","97278.984","134510.8"
"146","G2","24","240721.42","99499.96","134553.31"
"146","G2","25","248951.9","100916.125","134523.77"
"146","G2","26","255909.72","102083.055","134484.08"
"146","G2","27","261527.61","102772.305","134644.25"
"146","G2","28","266206.7","103721.516","134606.11"
"146","G2","29","269979.5","104458.31","134587.42"
"146","G2","30","272644.84","105092.29","134562.06"
"146","G2","31","274555.94","105755.32","134580.5"
"146","G2","32","276714.44","106353.555","134522.17"
"146","G2","33","278360.72","106902.664","134443.94"
"146","G2","34","279528.5","107504.16","134494.17"
"146","G2","35","281009.9","107928.16","134533.67"
"146","G2","36","281469.75","108431.14","134551.42"
"146","G2","37","282708.9","108844.27","134456.78"
"146","G2","38","283729.84","109064.016","134366.86"
"146","G2","39","284488.56","109634.26","134345.27"
"146","G2","40","285839.97","109876.195","134340.16"
"146","G2","41","286707.22","110318.3","134343.9"
"146","G2","42","286941.66","110882.22","134392.5"
"146","G2","43","287729.25","111311.14","134342.8"
"146","G2","44","288496.03","111579.16","134263.62"
"146","G2","45","288840.3","112242.54","134308.67"
"146","G2","46","289486.84","112408.79","134399.72"
"146","G2","47","289953.8","112814.375","134317.88"
"146","G2","48","290524.7","113408.54","134205.02"
"146","G2","49","291192.5","113565.01","134108.61"
"146","G2","50","291904.03","113816.805","134020.44"
"146","G2","51","292654.72","114124.15","134003.27"
"146","G2","52","293078.38","114416.695","134088.72"
"146","G2","53","293421.47","115015.99","134096.45"
"146","G2","54","294024.78","115290.664","134240.16"
"146","G2","55","294880.28","115351.53","134134.38"
"146","G2","56","295173.12","115886.67","134041.5"
"146","G2","57","295323.5","116429.13","134080.81"
"146","G2","58","296299.6","116857.07","134173.52"
"146","G2","59","297150.4","117471.25","134131.98"
"146","G2","60","297937.9","118195.03","134137.2"
"146","G2","61","299091.12","119028.914","134174.45"
"146","G2","62","300322.53","120086.52","133984.03"
"146","G2","63","302579.56","121590.21","133950.83"
"146","G2","64","304741.9","123854.92","134216.9"
"146","G2","65","308002.06","126851.766","134206.86"
"146","G2","66","312688.9","130313.47","134098.3"
"146","G2","67","317989.5","134650.9","133999.4"
"146","G2","68","323268.34","139780.38","133910.81"
"146","G2","69","329512.8","145455.23","133840.67"
"146","G2","70","336544.22","151095.45","133872.11"
"146","G2","71","343371.4","157051.02","133996.23"
"146","G2","72","350069.66","163371.23","133776.73"
"146","G2","73","356893.9","169762.1","133701.12"
"146","G2","74","363887.88","176422.31","133801.62"
"146","G2","75","370999.66","182843.84","133769.98"
"146","G2","76","378443.7","188940.62","133702.75"
"146","G2","77","385115.94","195441.84","133639.94"
"146","G2","78","391389.1","202077.31","133579.88"
"146","G2","79","398184.47","208482.8","133574.27"
"146","G2","80","404601.66","214793.3","133715.77"
"146","G2","81","411455.53","220972.56","133762.69"
"146","G2","82","417946.4","227103.78","133732.38"
"146","G2","83","424642.6","233224.02","133753.73"
"146","G2","84","431157.44","239451.28","133711.81"
"146","G2","85","436719.75","245023.14","133655.48"
"146","G2","86","442476.0","250995.0","133544.81"
"146","G2","87","448764.16","257063.6","133428.33"
"146","G2","88","454168.97","262764.84","133408.14"
"146","G2","89","460100.8","267597.34","133429.42"
"146","G2","90","464537.22","272399.66","133423.23"
"147","G3","1","64946.023","59120.434","132701.27"
"147","G3","2","64717.188","59119.375","132394.56"
"147","G3","3","64390.62","59158.062","131894.58"
"147","G3","4","64124.773","59377.926","131715.53"
"147","G3","5","64073.42","59734.75","131524.58"
"147","G3","6","64134.34","59939.598","131460.58"
"147","G3","7","64323.82","60159.324","131436.12"
"147","G3","8","64617.08","60496.26","131479.88"
"147","G3","9","65147.086","60545.61","131676.42"
"147","G3","10","66060.43","60640.254","131693.52"
"147","G3","11","67734.01","60885.2","131695.61"
"147","G3","12","70663.24","61276.664","131616.47"
"147","G3","13","75678.24","61826.332","131569.05"
"147","G3","14","83382.36","62610.914","131583.66"
"147","G3","15","93884.72","64054.07","131623.58"
"147","G3","16","106815.08","66093.75","131626.05"
"147","G3","17","121245.59","69404.695","131647.45"
"147","G3","18","136297.42","74249.625","131579.27"
"147","G3","19","151332.25","80847.65","131563.17"
"147","G3","20","166520.17","88355.02","131702.77"
"147","G3","21","181626.9","96048.49","131862.0"
"147","G3","22","196246.34","102673.69","131940.9"
"147","G3","23","208192.25","107825.695","131990.0"
"147","G3","24","218296.95","111203.33","131946.92"
"147","G3","25","226766.48","113682.07","131963.86"
"147","G3","26","233504.36","115198.59","132027.69"
"147","G3","27","238569.45","116545.38","132017.6"
"147","G3","28","242409.95","117501.164","132123.86"
"147","G3","29","245834.0","118457.7","132107.47"
"147","G3","30","248541.7","119021.5","132095.78"
"147","G3","31","251049.2","119844.375","132038.92"
"147","G3","32","253064.45","120428.305","132013.23"
"147","G3","33","253889.0","120937.414","131902.28"
"147","G3","34","255533.72","121450.07","131905.3"
"147","G3","35","257103.08","122044.4","132200.39"
"147","G3","36","258225.14","122548.44","132146.39"
"147","G3","37","258994.94","123030.055","131870.28"
"147","G3","38","259503.44","123661.336","131852.12"
"147","G3","39","260046.72","124221.39","132198.52"
"147","G3","40","260883.27","124681.945","132211.52"
"147","G3","41","261889.73","124745.17","132015.66"
"147","G3","42","262491.8","125346.42","131912.31"
"147","G3","43","263336.2","125613.086","131875.31"
"147","G3","44","263766.5","126101.45","131856.06"
"147","G3","45","264412.6","126643.21","131992.81"
"147","G3","46","264705.7","127052.86","132052.12"
"147","G3","47","264743.16","127586.51","132070.03"
"147","G3","48","265741.9","127937.44","132140.47"
"147","G3","49","266484.78","128561.37","132121.64"
"147","G3","50","266986.34","128709.94","132195.48"
"147","G3","51","267015.0","129158.6","132256.94"
"147","G3","52","267357.53","129397.01","132148.17"
"147","G3","53","268619.9","129807.06","132017.17"
"147","G3","54","268965.22","130264.99","131837.1"
"147","G3","55","269125.7","130816.26","131799.08"
"147","G3","56","268958.78","131054.54","131962.3"
"147","G3","57","269355.12","131419.33","131955.5"
"147","G3","58","269892.75","131988.05","131985.08"
"147","G3","59","270716.97","132623.73","132048.83"
"147","G3","60","271723.4","133181.44","131996.5"
"147","G3","61","272316.22","133776.45","131928.67"
"147","G3","62","273110.84","134711.67","131813.45"
"147","G3","63","274748.8","135964.83","131766.3"
"147","G3","64","276950.94","137466.42","131836.9"
"147","G3","65","279269.38","139690.47","131811.02"
"147","G3","66","281803.56","142525.55","131795.08"
"147","G3","67","285271.75","146206.56","131775.06"
"147","G3","68","289330.62","150614.05","131889.34"
"147","G3","69","293638.1","155665.03","132024.25"
"147","G3","70","298482.22","161305.81","132121.62"
"147","G3","71","303365.2","167690.94","132224.44"
"147","G3","72","308738.9","174170.14","132220.88"
"147","G3","73","314216.44","180902.84","132369.47"
"147","G3","74","319272.7","187612.02","132413.33"
"147","G3","75","324154.72","194573.56","132445.67"
"147","G3","76","329982.53","201299.06","132368.97"
"147","G3","77","334898.7","208010.83","132333.22"
"147","G3","78","339966.3","214874.97","132385.22"
"147","G3","79","345125.88","221645.23","132392.5"
"147","G3","80","350790.38","227839.86","132651.55"
"147","G3","81","356162.1","234469.98","132767.61"
"147","G3","82","361441.78","240941.11","132848.66"
"147","G3","83","366423.97","247181.55","132932.62"
"147","G3","84","371194.1","253352.38","132986.36"
"147","G3","85","376349.3","259055.67","132882.27"
"147","G3","86","381084.34","264845.34","132815.55"
"147","G3","87","385764.16","270353.28","132979.08"
"147","G3","88","391426.84","275684.3","133174.17"
"147","G3","89","396188.44","281256.12","133123.5"
"147","G3","90","399771.2","285869.97","133145.0"
"148","G4","1","57332.67","61312.324","138330.53"
"148","G4","2","57249.293","61323.805","138113.22"
"148","G4","3","57172.766","61529.785","137731.14"
"148","G4","4","57136.445","61929.39","137611.88"
"148","G4","5","56937.723","62354.117","137613.66"
"148","G4","6","56900.656","62582.133","137542.27"
"148","G4","7","57039.594","62686.285","137453.44"
"148","G4","8","57430.57","62814.496","137378.06"
"148","G4","9","57950.703","62954.16","137298.83"
"148","G4","10","58885.676","63104.48","137249.39"
"148","G4","11","60553.664","63260.35","137226.62"
"148","G4","12","63467.33","63555.176","137229.69"
"148","G4","13","68583.6","64223.418","137312.61"
"148","G4","14","76617.59","65011.04","137183.75"
"148","G4","15","87472.38","66369.13","137108.89"
"148","G4","16","100512.34","68578.484","137115.55"
"148","G4","17","114893.2","72022.945","137195.84"
"148","G4","18","129520.125","77065.586","137240.55"
"148","G4","19","143553.98","83853.664","137265.3"
"148","G4","20","157387.23","92072.02","137382.28"
"148","G4","21","171004.78","100794.56","137599.66"
"148","G4","22","183980.0","109138.53","137598.56"
"148","G4","23","195892.66","116021.24","137587.53"
"148","G4","24","206500.61","121009.69","137563.77"
"148","G4","25","214623.92","124484.74","137677.52"
"148","G4","26","221694.4","126781.055","137766.81"
"148","G4","27","227175.97","128131.82","137741.92"
"148","G4","28","231359.6","129379.27","137698.39"
"148","G4","29","235241.53","130258.81","137765.56"
"148","G4","30","237595.55","131161.58","137681.47"
"148","G4","31","239275.31","132237.86","137642.7"
"148","G4","32","241318.27","132939.78","137789.34"
"148","G4","33","242875.53","133461.62","137791.66"
"148","G4","34","244565.81","133921.05","137859.25"
"148","G4","35","245334.2","134593.33","137775.72"
"148","G4","36","246489.66","135168.47","137687.02"
"148","G4","37","247868.03","135835.05","137652.02"
"148","G4","38","248578.06","136129.19","137618.23"
"148","G4","39","249100.61","136696.75","137718.58"
"148","G4","40","249983.47","137265.36","137782.47"
"148","G4","41","250771.1","137723.31","137776.16"
"148","G4","42","250958.64","138427.11","137721.88"
"148","G4","43","251799.58","138644.92","137712.92"
"148","G4","44","252228.14","139081.89","137559.33"
"148","G4","45","253213.14","139545.31","137529.67"
"148","G4","46","253316.12","139972.9","137768.05"
"148","G4","47","253419.55","140614.45","137871.92"
"148","G4","48","253622.5","141054.31","137840.14"
"148","G4","49","254535.97","141375.6","137767.4"
"148","G4","50","254934.75","141933.03","137734.58"
"148","G4","51","255477.12","141929.0","137618.42"
"148","G4","52","255825.64","142383.33","137556.95"
"148","G4","53","256223.92","142664.1","137628.39"
"148","G4","54","256466.75","143021.05","137661.0"
"148","G4","55","256695.9","143814.61","137644.33"
"148","G4","56","256925.5","144274.31","137586.42"
"148","G4","57","257506.22","144679.48","137303.53"
"148","G4","58","258046.92","144925.1","137254.61"
"148","G4","59","258704.48","145134.92","137429.3"
"148","G4","60","259224.48","145592.48","137445.89"
"148","G4","61","259789.39","146144.34","137496.8"
"148","G4","62","260175.39","146760.6","137492.62"
"148","G4","63","260568.61","147527.16","137475.17"
"148","G4","64","262172.2","148477.84","137469.0"
"148","G4","65","263026.62","149704.56","137595.22"
"148","G4","66","264248.28","150977.38","137500.77"
"148","G4","67","265949.06","153104.69","137415.89"
"148","G4","68","268115.34","155825.11","137376.94"
"148","G4","69","271446.5","159279.11","137405.22"
"148","G4","70","274725.56","163620.83","137556.06"
"148","G4","71","278067.53","169426.81","137578.12"
"148","G4","72","282791.75","175528.31","137583.08"
"148","G4","73","287160.06","182637.78","137794.81"
"148","G4","74","291455.66","189464.44","137838.08"
"148","G4","75","296151.2","196827.39","138031.31"
"148","G4","76","300692.75","204532.6","138085.38"
"148","G4","77","305457.75","212390.98","138138.61"
"148","G4","78","309287.66","220004.16","138139.53"
"148","G4","79","313399.25","227530.38","138083.36"
"148","G4","80","318015.7","234794.86","138174.56"
"148","G4","81","322640.75","242091.25","138299.9"
"148","G4","82","326557.97","249090.95","138496.3"
"148","G4","83","330583.6","255822.36","138535.25"
"148","G4","84","335094.1","262231.62","138465.72"
"148","G4","85","339855.16","268595.7","138536.1"
"148","G4","86","344304.25","274902.72","138541.45"
"148","G4","87","348025.0","281351.28","138462.6"
"148","G4","88","352644.88","287041.47","138539.17"
"148","G4","89","356576.53","292550.03","138770.77"
"148","G4","90","359779.2","297117.47","138846.42"
"149","G5","1","58802.47","59137.95","130283.14"
"149","G5","2","58524.48","59148.28","130046.21"
"149","G5","3","58264.645","59301.83","129719.66"
"149","G5","4","58218.234","59518.72","129144.56"
"149","G5","5","58226.715","59849.086","129016.72"
"149","G5","6","58142.48","60083.95","129063.06"
"149","G5","7","58184.12","60103.715","129013.414"
"149","G5","8","58538.156","60279.023","129039.17"
"149","G5","9","59076.492","60434.223","129196.32"
"149","G5","10","60006.98","60488.582","129145.414"
"149","G5","11","61761.875","60800.184","129111.27"
"149","G5","12","64548.344","61051.254","129154.734"
"149","G5","13","69290.086","61744.39","129172.48"
"149","G5","14","76846.266","62707.465","129294.25"
"149","G5","15","87074.2","64077.57","129319.95"
"149","G5","16","99520.836","65849.195","129442.805"
"149","G5","17","112736.93","69135.97","129419.1"
"149","G5","18","125762.17","73917.83","129329.99"
"149","G5","19","138092.92","80635.63","129372.32"
"149","G5","20","149632.05","88982.445","129760.336"
"149","G5","21","160342.72","97843.55","129823.62"
"149","G5","22","170861.69","106736.164","129901.18"
"149","G5","23","180325.67","114488.05","129920.6"
"149","G5","24","188803.66","120504.97","130145.01"
"149","G5","25","196247.55","124976.08","130051.82"
"149","G5","26","202498.48","127975.695","129936.96"
"149","G5","27","207434.83","130040.4","129904.08"
"149","G5","28","211025.73","131369.45","129903.01"
"149","G5","29","214232.6","132400.73","130186.625"
"149","G5","30","217104.55","133170.05","130248.2"
"149","G5","31","218957.08","134216.3","130121.51"
"149","G5","32","220333.11","134969.52","130060.84"
"149","G5","33","221543.02","135343.2","130223.016"
"149","G5","34","222887.16","135998.95","130195.555"
"149","G5","35","223916.86","136630.19","130212.79"
"149","G5","36","224548.94","137174.4","130151.54"
"149","G5","37","225272.81","137625.62","130065.05"
"149","G5","38","225674.64","138062.52","130126.31"
"149","G5","39","226465.66","138730.03","130240.54"
"149","G5","40","226921.4","139078.67","130143.41"
"149","G5","41","227361.88","139415.7","129954.24"
"149","G5","42","227875.62","140127.06","129872.81"
"149","G5","43","228637.69","140601.64","129963.61"
"149","G5","44","228870.05","141106.73","129940.72"
"149","G5","45","229275.31","141378.45","130016.414"
"149","G5","46","229787.78","141726.45","129992.79"
"149","G5","47","230016.8","142282.81","129912.664"
"149","G5","48","230018.11","142861.61","129965.81"
"149","G5","49","230214.6","143140.12","130174.05"
"149","G5","50","230705.72","143150.84","130283.08"
"149","G5","51","230946.12","143410.42","130179.055"
"149","G5","52","231423.03","144281.73","130002.75"
"149","G5","53","231605.19","144723.36","129886.92"
"149","G5","54","231534.38","145106.92","129846.95"
"149","G5","55","231921.98","145258.73","129810.61"
"149","G5","56","232558.9","145742.33","129758.62"
"149","G5","57","233051.66","146092.86","129738.07"
"149","G5","58","233025.62","146220.12","129927.01"
"149","G5","59","233282.58","146703.8","129909.81"
"149","G5","60","233129.61","147288.34","129903.414"
"149","G5","61","233415.28","147761.11","129833.7"
"149","G5","62","233516.52","147993.48","129726.59"
"149","G5","63","233972.52","148234.6","129663.28"
"149","G5","64","234184.1","148766.7","129769.945"
"149","G5","65","235012.4","149403.95","129889.17"
"149","G5","66","234666.14","150066.8","129781.43"
"149","G5","67","234602.66","150595.05","129717.26"
"149","G5","68","235426.12","151096.78","129841.36"
"149","G5","69","236065.27","152078.1","129856.85"
"149","G5","70","236967.4","153223.0","129811.37"
"149","G5","71","237482.67","154864.14","129822.0"
"149","G5","72","238370.69","156787.23","129817.055"
"149","G5","73","239639.92","159551.33","130012.125"
"149","G5","74","240814.84","163364.11","130041.625"
"149","G5","75","242386.45","168011.03","130229.445"
"149","G5","76","244655.12","173311.19","130194.516"
"149","G5","77","246718.45","179383.14","130033.74"
"149","G5","78","249216.64","186636.7","129962.03"
"149","G5","79","252126.98","194382.05","130155.13"
"149","G5","80","254393.23","202184.88","130429.82"
"149","G5","81","256140.66","210090.06","130576.05"
"149","G5","82","257777.84","217816.75","130561.01"
"149","G5","83","259882.9","225637.16","130768.92"
"149","G5","84","262277.4","233255.5","130816.555"
"149","G5","85","264667.53","240544.31","130788.34"
"149","G5","86","266848.94","247288.2","130817.68"
"149","G5","87","269322.5","253884.34","131118.9"
"149","G5","88","271586.25","260633.36","131251.2"
"149","G5","89","273895.72","267145.22","131346.2"
"149","G5","90","276099.94","272046.0","131267.67"
"150","G6","1","64728.29","61119.01","139831.0"
"150","G6","2","64546.668","61134.12","139714.8"
"150","G6","3","64311.47","61338.547","139023.69"
"150","G6","4","64177.742","61507.273","138724.8"
"150","G6","5","63958.13","61625.863","138578.05"
"150","G6","6","63941.39","61959.527","138516.52"
"150","G6","7","64130.043","62039.46","138486.39"
"150","G6","8","64388.62","62287.633","138326.52"
"150","G6","9","64866.066","62436.38","138324.0"
"150","G6","10","65936.9","62498.81","138465.0"
"150","G6","11","67752.234","62714.973","138405.98"
"150","G6","12","70908.98","63182.145","138368.9"
"150","G6","13","75969.11","63480.184","138412.2"
"150","G6","14","84059.2","64266.336","138478.4"
"150","G6","15","95194.54","65628.48","138520.78"
"150","G6","16","108571.83","67658.84","138540.16"
"150","G6","17","123073.445","70863.05","138552.52"
"150","G6","18","137077.55","75761.61","138495.61"
"150","G6","19","150363.69","82594.555","138504.38"
"150","G6","20","162692.62","91041.76","138798.56"
"150","G6","21","174316.33","100247.16","139143.23"
"150","G6","22","185137.06","109125.81","139148.42"
"150","G6","23","195085.58","117506.51","139142.55"
"150","G6","24","204057.44","124391.34","139117.36"
"150","G6","25","212050.22","129061.79","139234.77"
"150","G6","26","218651.8","132132.48","139383.8"
"150","G6","27","223897.0","134278.44","139296.77"
"150","G6","28","228304.39","135487.72","139232.4"
"150","G6","29","231869.53","136320.11","139380.38"
"150","G6","30","234778.56","137156.8","139444.55"
"150","G6","31","236867.61","138146.0","139509.64"
"150","G6","32","238700.67","138844.08","139439.66"
"150","G6","33","240114.08","139324.31","139437.12"
"150","G6","34","241386.22","140134.88","139580.6"
"150","G6","35","242407.42","140985.83","139738.11"
"150","G6","36","242914.5","141632.33","139574.28"
"150","G6","37","243954.73","141712.1","139492.69"
"150","G6","38","244805.25","142360.84","139631.88"
"150","G6","39","245137.88","143091.38","139428.06"
"150","G6","40","245261.6","143504.62","139311.38"
"150","G6","41","245911.48","144080.98","139374.4"
"150","G6","42","246507.42","144665.34","139329.02"
"150","G6","43","246911.56","145100.53","139372.1"
"150","G6","44","247302.28","145596.31","139459.55"
"150","G6","45","248021.56","146014.66","139641.62"
"150","G6","46","248240.77","146475.39","139699.4"
"150","G6","47","248621.3","146847.98","139627.67"
"150","G6","48","248719.12","147244.44","139649.27"
"150","G6","49","248997.23","147724.8","139559.95"
"150","G6","50","249993.9","148050.22","139341.7"
"150","G6","51","250392.23","148297.14","139289.98"
"150","G6","52","250290.73","148831.34","139548.58"
"150","G6","53","250699.56","149443.0","139521.42"
"150","G6","54","250898.0","149600.31","139452.22"
"150","G6","55","250800.6","149833.62","139401.22"
"150","G6","56","251166.0","150304.0","139410.4"
"150","G6","57","251427.11","150973.19","139324.78"
"150","G6","58","251805.38","151287.8","139278.88"
"150","G6","59","252348.89","151634.78","139319.12"
"150","G6","60","252525.5","151822.84","139259.02"
"150","G6","61","253133.6","152193.7","139250.25"
"150","G6","62","253127.8","152494.42","139269.77"
"150","G6","63","253270.67","152960.08","139471.44"
"150","G6","64","253851.95","153345.25","139571.03"
"150","G6","65","253897.95","153770.6","139475.75"
"150","G6","66","253389.8","154354.92","139345.72"
"150","G6","67","254491.56","154800.34","139267.25"
"150","G6","68","255393.48","155457.23","139348.81"
"150","G6","69","255123.08","156276.62","139364.31"
"150","G6","70","256003.2","156978.0","139313.53"
"150","G6","71","256529.8","158219.42","139310.42"
"150","G6","72","257687.52","160097.78","139379.73"
"150","G6","73","258410.9","162637.7","139337.72"
"150","G6","74","259277.81","165477.0","139376.4"
"150","G6","75","260454.64","169110.25","139360.8"
"150","G6","76","262462.9","173914.92","139545.33"
"150","G6","77","264113.94","179718.14","139653.56"
"150","G6","78","265860.66","186672.48","139817.58"
"150","G6","79","268576.0","194038.2","139910.11"
"150","G6","80","270906.88","202050.64","139933.11"
"150","G6","81","273353.0","210296.58","139904.02"
"150","G6","82","275230.88","218274.92","139845.02"
"150","G6","83","277604.44","226408.88","140077.45"
"150","G6","84","280366.2","234515.06","140385.53"
"150","G6","85","282556.06","242318.56","140378.67"
"150","G6","86","284698.8","249681.19","140486.06"
"150","G6","87","286794.66","256794.69","140443.55"
"150","G6","88","288538.66","264051.38","140585.94"
"150","G6","89","291211.22","271096.2","140682.23"
"150","G6","90","292656.78","276597.53","140654.61"
"151","G7","1","66043.13","63799.348","139802.66"
"151","G7","2","65766.8","63802.895","139501.98"
"151","G7","3","65478.25","63856.094","138925.94"
"151","G7","4","65211.098","63998.887","138305.23"
"151","G7","5","65080.062","64551.996","138000.84"
"151","G7","6","64930.38","64885.832","137977.98"
"151","G7","7","64956.883","64876.156","138099.19"
"151","G7","8","65271.9","64974.832","138007.73"
"151","G7","9","65755.04","65182.477","138005.89"
"151","G7","10","66823.53","65361.04","138164.3"
"151","G7","11","68518.984","65692.82","138054.2"
"151","G7","12","71440.46","65993.336","138001.4"
"151","G7","13","76835.06","66287.22","138032.36"
"151","G7","14","84787.766","67127.445","137997.61"
"151","G7","15","95704.72","68507.1","137920.84"
"151","G7","16","109075.14","70616.8","137915.6"
"151","G7","17","123157.71","73925.0","137980.3"
"151","G7","18","136895.86","78878.875","138046.64"
"151","G7","19","149804.78","85672.77","138325.67"
"151","G7","20","161784.0","94121.88","138388.5"
"151","G7","21","172854.47","103604.336","138500.52"
"151","G7","22","183101.3","113176.94","138689.67"
"151","G7","23","192305.73","121740.49","138650.89"
"151","G7","24","200456.33","128740.74","138567.61"
"151","G7","25","207856.4","134276.61","138476.8"
"151","G7","26","214053.44","137855.62","138482.2"
"151","G7","27","219126.2","140004.64","138779.4"
"151","G7","28","223316.14","141622.1","138821.05"
"151","G7","29","226344.94","142978.67","138779.73"
"151","G7","30","228947.48","143599.55","138846.12"
"151","G7","31","231160.33","144457.44","138560.77"
"151","G7","32","232700.27","145480.97","138493.33"
"151","G7","33","234264.69","145899.7","138743.08"
"151","G7","34","235537.33","146701.11","138730.4"
"151","G7","35","236377.95","147107.81","138670.1"
"151","G7","36","237021.05","147885.16","138599.73"
"151","G7","37","237591.61","148430.17","138624.94"
"151","G7","38","238140.14","149108.2","138731.39"
"151","G7","39","238854.75","149609.98","138817.38"
"151","G7","40","239316.08","150313.8","138719.44"
"151","G7","41","239564.27","150935.9","138500.72"
"151","G7","42","240107.05","151243.48","138378.34"
"151","G7","43","240556.39","151658.89","138354.61"
"151","G7","44","240775.66","152212.14","138520.31"
"151","G7","45","241159.73","152614.7","138527.27"
"151","G7","46","241272.7","153054.06","138447.64"
"151","G7","47","241486.64","153389.48","138390.17"
"151","G7","48","242015.27","154102.19","138450.25"
"151","G7","49","242629.02","154509.73","138502.11"
"151","G7","50","242629.1","154968.72","138446.34"
"151","G7","51","242874.03","155195.61","138395.98"
"151","G7","52","242924.02","155737.66","138346.47"
"151","G7","53","243184.64","156254.44","138297.81"
"151","G7","54","243482.64","156536.27","138174.98"
"151","G7","55","243804.17","156688.92","138153.03"
"151","G7","56","243843.52","156984.34","138308.38"
"151","G7","57","244293.98","157278.06","138237.7"
"151","G7","58","244468.33","157872.58","137973.73"
"151","G7","59","244437.97","158440.55","137996.86"
"151","G7","60","244644.33","159072.61","138343.53"
"151","G7","61","244816.17","159201.98","138296.05"
"151","G7","62","244886.11","159618.61","138155.89"
"151","G7","63","245012.61","160036.9","138129.4"
"151","G7","64","244923.72","160162.92","138284.64"
"151","G7","65","245127.97","160713.8","138360.89"
"151","G7","66","245254.8","161223.78","138187.02"
"151","G7","67","245833.42","161628.06","137945.84"
"151","G7","68","246534.67","161985.31","137962.19"
"151","G7","69","246619.84","162686.73","138245.5"
"151","G7","70","246993.33","163027.8","138320.81"
"151","G7","71","247223.27","163422.06","138307.56"
"151","G7","72","247200.6","164086.23","138287.94"
"151","G7","73","247611.39","165015.94","138310.45"
"151","G7","74","247359.92","166018.19","138151.33"
"151","G7","75","248346.92","167369.8","138114.42"
"151","G7","76","248711.02","168896.83","138299.56"
"151","G7","77","249589.42","171166.23","138403.39"
"151","G7","78","250420.56","174243.62","138168.36"
"151","G7","79","251161.31","177806.75","138067.16"
"151","G7","80","252863.27","182582.98","138104.78"
"151","G7","81","254705.45","188709.2","138312.05"
"151","G7","82","256454.31","195683.5","138282.88"
"151","G7","83","258315.64","203456.23","138272.45"
"151","G7","84","260374.08","211881.94","138498.27"
"151","G7","85","262524.28","220487.2","138611.95"
"151","G7","86","264369.44","229480.84","138618.28"
"151","G7","87","265615.06","238057.1","138620.11"
"151","G7","88","267987.34","246332.84","138856.1"
"151","G7","89","269397.94","254545.19","138859.36"
"151","G7","90","270723.3","261557.69","138911.42"
"152","G8","1","65283.16","63842.95","135653.27"
"152","G8","2","65065.055","63864.277","135508.95"
"152","G8","3","64850.363","64135.74","135153.4"
"152","G8","4","64706.668","64353.06","134429.5"
"152","G8","5","64696.484","64630.2","134286.55"
"152","G8","6","64805.46","65200.71","134452.88"
"152","G8","7","64907.242","65361.938","134345.9"
"152","G8","8","65062.79","65464.703","134316.11"
"152","G8","9","65637.484","65664.03","134403.61"
"152","G8","10","66584.92","65956.09","134205.7"
"152","G8","11","68119.05","66085.73","134196.86"
"152","G8","12","71168.836","66408.22","134395.84"
"152","G8","13","76340.83","66899.47","134404.64"
"152","G8","14","84270.8","67472.84","134410.67"
"152","G8","15","94966.49","68577.53","134472.47"
"152","G8","16","107689.36","70944.28","134417.67"
"152","G8","17","121442.94","74275.91","134380.05"
"152","G8","18","135191.42","79089.24","134454.48"
"152","G8","19","148037.48","86055.22","134562.05"
"152","G8","20","159870.14","94374.664","134698.7"
"152","G8","21","170549.19","103774.42","134755.61"
"152","G8","22","179863.7","113244.74","134873.28"
"152","G8","23","188730.28","122179.82","134913.44"
"152","G8","24","196927.48","129234.77","135199.53"
"152","G8","25","203961.23","134387.33","135287.05"
"152","G8","26","210080.94","137919.3","135361.14"
"152","G8","27","215177.2","140383.88","135235.89"
"152","G8","28","219152.44","142189.3","135129.58"
"152","G8","29","222487.86","143371.9","135249.78"
"152","G8","30","224974.48","144203.86","135588.28"
"152","G8","31","226787.1","145168.73","135307.45"
"152","G8","32","228517.67","145993.8","135177.16"
"152","G8","33","229982.94","146525.03","135308.73"
"152","G8","34","231147.97","147200.33","135260.67"
"152","G8","35","231948.45","148005.14","135253.33"
"152","G8","36","232701.05","148463.3","135375.5"
"152","G8","37","233438.12","149179.28","135487.22"
"152","G8","38","234192.66","149968.8","135459.06"
"152","G8","39","234721.03","150353.39","135510.2"
"152","G8","40","235198.45","150860.45","135516.47"
"152","G8","41","235666.56","151355.42","135411.62"
"152","G8","42","235825.72","151760.05","135325.08"
"152","G8","43","236333.77","152333.22","135253.78"
"152","G8","44","236789.2","153087.55","135160.67"
"152","G8","45","237036.64","153326.08","135154.31"
"152","G8","46","237306.67","153675.22","135184.36"
"152","G8","47","237405.95","154110.31","135129.84"
"152","G8","48","237702.75","154782.31","135152.75"
"152","G8","49","238047.55","155052.56","135145.16"
"152","G8","50","238449.47","155619.1","135347.16"
"152","G8","51","238650.97","155939.2","135380.16"
"152","G8","52","238740.72","156341.44","135437.11"
"152","G8","53","238999.8","156747.67","135285.16"
"152","G8","54","239132.12","157229.36","135171.84"
"152","G8","55","239496.3","157576.88","135212.3"
"152","G8","56","239718.53","158082.81","135280.7"
"152","G8","57","240116.64","158476.66","135165.9"
"152","G8","58","240225.11","158450.44","134934.33"
"152","G8","59","240287.11","158940.58","134923.44"
"152","G8","60","240651.45","159473.83","135266.53"
"152","G8","61","240599.81","159733.5","135084.33"
"152","G8","62","240767.55","160143.64","134968.92"
"152","G8","63","241043.12","160479.06","135015.62"
"152","G8","64","241262.11","160480.81","134864.92"
"152","G8","65","241614.03","160974.94","134861.08"
"152","G8","66","241614.94","161649.64","135190.16"
"152","G8","67","241708.42","162147.02","135012.05"
"152","G8","68","241827.22","162413.4","134886.11"
"152","G8","69","241983.23","162609.0","134893.17"
"152","G8","70","242218.45","162912.47","134894.23"
"152","G8","71","242700.39","163056.78","135111.92"
"152","G8","72","242898.69","163754.31","135128.66"
"152","G8","73","242924.44","164191.14","135060.7"
"152","G8","74","242967.67","164613.11","134940.16"
"152","G8","75","243329.66","164722.9","134876.0"
"152","G8","76","243322.61","165030.39","134958.95"
"152","G8","77","243516.97","165422.4","134907.08"
"152","G8","78","243734.83","165672.34","134872.2"
"152","G8","79","243682.97","166304.98","134879.42"
"152","G8","80","244016.34","166683.34","134702.42"
"152","G8","81","244339.5","166794.8","134653.08"
"152","G8","82","244689.56","167457.94","134794.08"
"152","G8","83","244559.42","167798.75","134624.81"
"152","G8","84","244747.14","168053.3","134523.73"
"152","G8","85","244970.14","168434.55","134568.73"
"152","G8","86","244956.94","168782.42","134755.88"
"152","G8","87","245123.12","169173.3","134701.19"
"152","G8","88","245543.75","169709.95","134608.84"
"152","G8","89","245727.5","170209.83","134534.17"
"152","G8","90","245771.69","170498.78","134473.17"
"153","G9","1","67370.5","62278.01","121075.42"
"153","G9","2","67093.445","62320.785","120856.04"
"153","G9","3","66789.63","62920.11","120658.25"
"153","G9","4","66647.414","63607.52","120463.28"
"153","G9","5","66420.73","63932.234","120324.74"
"153","G9","6","66164.99","64266.758","120280.01"
"153","G9","7","66168.12","64614.543","120279.17"
"153","G9","8","66405.17","64944.285","120333.92"
"153","G9","9","66484.766","64937.68","120442.5"
"153","G9","10","66625.58","65014.047","120434.66"
"153","G9","11","66765.29","65178.504","120432.96"
"153","G9","12","66830.74","65430.684","120451.83"
"153","G9","13","67176.09","65825.48","120339.46"
"153","G9","14","67611.88","66461.91","120295.73"
"153","G9","15","68713.82","67979.836","120287.43"
"153","G9","16","70733.86","70268.58","120349.06"
"153","G9","17","74290.3","74137.04","120623.61"
"153","G9","18","79854.984","81164.64","120672.484"
"153","G9","19","88519.016","91462.48","120656.46"
"153","G9","20","100139.99","104365.4","120708.28"
"153","G9","21","112935.28","117481.664","121113.05"
"153","G9","22","125295.59","129094.55","121308.18"
"153","G9","23","135668.61","137597.61","121514.28"
"153","G9","24","143545.42","144003.11","121625.97"
"153","G9","25","149477.31","148471.5","121612.36"
"153","G9","26","154169.06","152016.64","121514.24"
"153","G9","27","157729.75","154375.92","121458.98"
"153","G9","28","160282.42","156440.73","121394.055"
"153","G9","29","162131.23","158175.86","121519.83"
"153","G9","30","163445.73","159688.58","121754.62"
"153","G9","31","164607.06","161221.23","121891.82"
"153","G9","32","165814.77","162748.12","121821.695"
"153","G9","33","167047.39","164425.61","121784.91"
"153","G9","34","168016.95","165920.12","121700.06"
"153","G9","35","168882.94","167230.4","121746.88"
"153","G9","36","169738.27","168501.23","121829.52"
"153","G9","37","170462.11","170005.6","121725.12"
"153","G9","38","171267.28","171445.7","121609.805"
"153","G9","39","172072.61","172922.92","121635.79"
"153","G9","40","172958.84","174077.94","121726.75"
"153","G9","41","173723.92","175308.11","121751.85"
"153","G9","42","174457.69","176473.05","121730.766"
"153","G9","43","175464.4","177849.98","121635.97"
"153","G9","44","176185.03","178825.33","121675.78"
"153","G9","45","177047.39","180055.16","121884.35"
"153","G9","46","177703.9","181204.75","121870.95"
"153","G9","47","178298.39","182406.83","121758.31"
"153","G9","48","178945.48","183712.03","121709.02"
"153","G9","49","179758.75","185136.88","121629.945"
"153","G9","50","180551.44","185931.55","121678.03"
"153","G9","51","181265.45","186823.12","121685.086"
"153","G9","52","182117.94","188020.84","121694.24"
"153","G9","53","182794.83","189541.5","121842.09"
"153","G9","54","183490.48","190463.83","121841.88"
"153","G9","55","184166.69","191833.81","121756.51"
"153","G9","56","184893.02","193143.81","121728.164"
"153","G9","57","185764.66","194274.47","121523.875"
"153","G9","58","186742.61","195492.52","121457.914"
"153","G9","59","187824.16","196812.47","121695.77"
"153","G9","60","189185.33","198940.19","121692.62"
"153","G9","61","190690.78","201297.66","121747.36"
"153","G9","62","192851.94","203462.98","121707.86"
"153","G9","63","195752.5","206551.2","121819.14"
"153","G9","64","199297.47","210506.33","121819.03"
"153","G9","65","203449.67","215318.31","121752.38"
"153","G9","66","208381.6","221382.16","121885.734"
"153","G9","67","213660.47","228095.72","121938.914"
"153","G9","68","219344.64","235349.89","121886.11"
"153","G9","69","225235.22","242817.5","122002.79"
"153","G9","70","231324.42","250935.25","122014.625"
"153","G9","71","237159.11","258873.19","122299.77"
"153","G9","72","243064.16","266636.16","122330.68"
"153","G9","73","248553.52","274391.66","122266.96"
"153","G9","74","254732.9","281431.22","122487.48"
"153","G9","75","261061.38","289049.22","122609.27"
"153","G9","76","266444.7","296120.0","122595.59"
"153","G9","77","272650.94","302773.9","122491.086"
"153","G9","78","278432.53","309533.94","122576.51"
"153","G9","79","284088.8","316333.12","122747.97"
"153","G9","80","290386.84","322959.5","122810.87"
"153","G9","81","297052.06","329090.25","122840.02"
"153","G9","82","303246.1","334659.16","122939.57"
"153","G9","83","309221.56","341024.38","123216.914"
"153","G9","84","315720.16","347213.44","123220.72"
"153","G9","85","322525.3","353518.53","123106.734"
"153","G9","86","329942.53","359593.0","123176.76"
"153","G9","87","337580.34","365919.56","123159.56"
"153","G9","88","346064.2","372909.75","123035.15"
"153","G9","89","354739.75","379689.66","123117.484"
"153","G9","90","362720.9","385221.3","123331.71"
"154","G10","1","62475.598","62073.484","121450.62"
"154","G10","2","62280.633","62106.344","121239.88"
"154","G10","3","61809.03","62605.31","120875.336"
"154","G10","4","61697.254","63281.168","120744.91"
"154","G10","5","61770.75","63611.934","120618.38"
"154","G10","6","61736.723","63981.23","120625.9"
"154","G10","7","61670.844","64257.195","120774.484"
"154","G10","8","61595.664","64542.047","120774.234"
"154","G10","9","61471.57","64813.957","120748.37"
"154","G10","10","61500.77","64866.28","120721.1"
"154","G10","11","61759.844","64973.625","120733.016"
"154","G10","12","61960.797","65254.938","120891.55"
"154","G10","13","62328.37","65902.87","120910.875"
"154","G10","14","62726.06","66677.33","120928.914"
"154","G10","15","63584.977","67870.016","120889.42"
"154","G10","16","65312.426","70039.02","120869.45"
"154","G10","17","68304.37","74220.42","120867.01"
"154","G10","18","73088.46","81115.55","120883.72"
"154","G10","19","80669.734","91978.72","121090.71"
"154","G10","20","90862.15","105582.086","121143.805"
"154","G10","21","102173.96","120052.27","121203.79"
"154","G10","22","113699.51","132896.27","121246.89"
"154","G10","23","123780.92","142501.72","121584.93"
"154","G10","24","131717.77","149522.02","121748.195"
"154","G10","25","137709.02","154378.75","121959.06"
"154","G10","26","142202.9","158326.6","121819.89"
"154","G10","27","145641.22","160793.48","121512.13"
"154","G10","28","148169.94","162705.94","121465.59"
"154","G10","29","150034.4","164478.6","121847.54"
"154","G10","30","151594.39","166329.56","122075.086"
"154","G10","31","152580.48","168020.11","122138.61"
"154","G10","32","153700.55","169761.92","122132.23"
"154","G10","33","154922.7","171362.0","122022.836"
"154","G10","34","155809.47","172738.72","121997.69"
"154","G10","35","156644.86","174216.44","122131.03"
"154","G10","36","157422.64","175440.66","121998.32"
"154","G10","37","158285.78","177103.97","121916.266"
"154","G10","38","159075.23","178973.66","122078.09"
"154","G10","39","159764.44","180358.5","122020.55"
"154","G10","40","160560.6","181314.66","121896.26"
"154","G10","41","161295.27","182659.97","121823.78"
"154","G10","42","161879.38","183979.53","121714.39"
"154","G10","43","162737.19","185320.56","121654.08"
"154","G10","44","163352.44","186687.97","121842.04"
"154","G10","45","164174.7","187671.9","121979.87"
"154","G10","46","164897.2","188882.23","121835.164"
"154","G10","47","165753.62","190378.62","121460.766"
"154","G10","48","166450.97","191672.3","121371.984"
"154","G10","49","167070.72","192999.58","121665.44"
"154","G10","50","167835.89","193975.86","121907.86"
"154","G10","51","168417.22","194960.7","121891.42"
"154","G10","52","169112.14","196015.77","121883.0"
"154","G10","53","169799.53","197434.52","121782.39"
"154","G10","54","170543.0","198897.16","121728.96"
"154","G10","55","171349.28","199803.02","121832.5"
"154","G10","56","172025.19","201097.45","121782.016"
"154","G10","57","172806.81","202349.12","121786.914"
"154","G10","58","173532.34","203630.98","121787.24"
"154","G10","59","174359.95","204875.98","121697.24"
"154","G10","60","175156.02","206375.23","121668.08"
"154","G10","61","176032.25","207906.88","121701.15"
"154","G10","62","177377.05","209915.67","121649.484"
"154","G10","63","178959.94","211899.38","121682.72"
"154","G10","64","180765.39","214353.11","121587.91"
"154","G10","65","182947.69","217939.39","121570.75"
"154","G10","66","185948.86","221986.78","121893.34"
"154","G10","67","189752.34","227313.34","121979.414"
"154","G10","68","193825.81","233693.3","122042.18"
"154","G10","69","198526.92","240438.23","122027.984"
"154","G10","70","203479.16","247992.28","121882.055"
"154","G10","71","208746.05","256290.72","121789.2"
"154","G10","72","214047.78","264340.72","121947.86"
"154","G10","73","218818.45","272492.84","122257.66"
"154","G10","74","223882.3","280798.2","122416.234"
"154","G10","75","229259.1","288984.44","122529.33"
"154","G10","76","234404.03","296665.25","122458.28"
"154","G10","77","239297.64","304074.47","122388.414"
"154","G10","78","244157.83","311217.47","122641.03"
"154","G10","79","248971.08","318067.75","122841.875"
"154","G10","80","254277.69","324846.75","122791.78"
"154","G10","81","259602.75","331271.7","122819.79"
"154","G10","82","264660.66","337920.34","122798.9"
"154","G10","83","269957.4","344193.75","123078.984"
"154","G10","84","276025.3","349937.28","123067.21"
"154","G10","85","281495.88","355849.3","122917.2"
"154","G10","86","287078.28","361655.06","122892.12"
"154","G10","87","293492.56","367496.06","123032.42"
"154","G10","88","300118.5","373991.7","123185.414"
"154","G10","89","307425.75","380748.47","123439.43"
"154","G10","90","313175.88","386186.53","123363.91"
"155","G11","1","64512.668","64753.3","125157.67"
"155","G11","2","64422.25","64925.03","125089.72"
"155","G11","3","64327.66","65525.78","124951.91"
"155","G11","4","64339.785","66121.48","124863.85"
"155","G11","5","64338.438","66305.945","124853.195"
"155","G11","6","64145.168","66855.26","124898.57"
"155","G11","7","63896.754","67276.375","124864.49"
"155","G11","8","63891.293","67428.016","124663.914"
"155","G11","9","64122.84","67606.16","124528.67"
"155","G11","10","64308.695","68106.84","124338.58"
"155","G11","11","64363.797","68224.3","124370.75"
"155","G11","12","64431.91","68357.54","124689.0"
"155","G11","13","64681.652","68708.26","124752.914"
"155","G11","14","65034.836","69419.66","124713.17"
"155","G11","15","66069.7","70612.24","124750.08"
"155","G11","16","67560.42","73153.36","124741.945"
"155","G11","17","69917.21","77493.55","124740.16"
"155","G11","18","74210.16","84878.49","124736.375"
"155","G11","19","81055.805","95994.016","124887.86"
"155","G11","20","90056.76","110653.336","124912.055"
"155","G11","21","100568.04","126632.83","125160.164"
"155","G11","22","110604.01","140997.64","125574.05"
"155","G11","23","119623.31","152358.12","125712.87"
"155","G11","24","127158.77","160438.55","125752.28"
"155","G11","25","132968.95","166244.27","125677.54"
"155","G11","26","137679.77","169956.47","125608.05"
"155","G11","27","140814.7","172591.39","125754.64"
"155","G11","28","143247.42","174795.34","125839.89"
"155","G11","29","145367.94","176823.48","125914.07"
"155","G11","30","146712.97","178867.19","125814.44"
"155","G11","31","147796.64","180423.4","125744.86"
"155","G11","32","148763.61","181760.8","125936.375"
"155","G11","33","149303.56","183350.36","125955.69"
"155","G11","34","150031.75","185145.45","125863.695"
"155","G11","35","151345.25","186899.3","125888.52"
"155","G11","36","151904.94","188397.16","125867.32"
"155","G11","37","152583.31","189870.16","125826.83"
"155","G11","38","153359.28","191386.53","125634.055"
"155","G11","39","154125.77","192762.23","125538.02"
"155","G11","40","154544.1","194264.55","125686.77"
"155","G11","41","155104.44","195723.27","125803.69"
"155","G11","42","155713.05","197189.12","125853.88"
"155","G11","43","156451.69","198545.06","125663.69"
"155","G11","44","157156.39","199562.94","125546.8"
"155","G11","45","157905.77","200912.25","125592.234"
"155","G11","46","158885.05","202372.11","125580.07"
"155","G11","47","159102.98","203931.14","125767.89"
"155","G11","48","159533.08","205157.97","125744.94"
"155","G11","49","160111.4","206314.69","125790.766"
"155","G11","50","160932.84","207597.78","125710.305"
"155","G11","51","161794.19","208937.31","125400.11"
"155","G11","52","162226.4","210086.05","125288.11"
"155","G11","53","162938.16","211326.25","125469.92"
"155","G11","54","163571.05","212766.1","125713.07"
"155","G11","55","164276.39","213837.53","125891.55"
"155","G11","56","164757.84","214896.44","125808.86"
"155","G11","57","165420.62","216195.58","125522.66"
"155","G11","58","165937.67","217558.92","125408.62"
"155","G11","59","166461.34","218662.8","125506.37"
"155","G11","60","167225.94","219679.6","125448.43"
"155","G11","61","167952.05","221235.47","125423.36"
"155","G11","62","168537.92","222261.58","125422.65"
"155","G11","63","169129.17","223757.12","125288.23"
"155","G11","64","169878.77","225977.52","125282.24"
"155","G11","65","170629.25","227603.0","125597.57"
"155","G11","66","171755.77","229770.3","125345.94"
"155","G11","67","173112.28","232259.75","125249.27"
"155","G11","68","174803.38","235483.88","125476.086"
"155","G11","69","176755.56","239031.14","125493.74"
"155","G11","70","178897.8","244682.08","125610.09"
"155","G11","71","181741.39","250869.94","125737.055"
"155","G11","72","185068.23","257885.6","125676.92"
"155","G11","73","188940.9","266029.4","125750.586"
"155","G11","74","192877.95","274746.0","126008.49"
"155","G11","75","196885.88","283328.03","126012.4"
"155","G11","76","200846.4","291708.97","126165.79"
"155","G11","77","204628.81","301161.1","126202.28"
"155","G11","78","208718.16","309988.94","126161.195"
"155","G11","79","212734.69","317595.97","126222.12"
"155","G11","80","216774.16","325675.34","126210.445"
"155","G11","81","221043.17","333901.72","126381.19"
"155","G11","82","225355.52","341357.84","126710.875"
"155","G11","83","229454.12","348345.28","126832.71"
"155","G11","84","233707.61","355319.3","126762.19"
"155","G11","85","238422.33","362294.47","126872.695"
"155","G11","86","243177.55","369113.44","126870.03"
"155","G11","87","248314.38","375317.28","126946.07"
"155","G11","88","253622.38","381850.28","126944.64"
"155","G11","89","259527.36","388613.8","127079.305"
"155","G11","90","265036.3","395378.62","127192.836"
"156","G12","1","62949.88","63438.86","121778.41"
"156","G12","2","62866.27","63498.52","121792.13"
"156","G12","3","62762.79","64206.367","122031.26"
"156","G12","4","62684.08","64621.5","122026.836"
"156","G12","5","62620.598","64859.44","121963.55"
"156","G12","6","62545.33","65593.93","121929.11"
"156","G12","7","62428.164","65794.23","121891.21"
"156","G12","8","62406.16","65750.086","121914.21"
"156","G12","9","62441.76","66036.37","121920.81"
"156","G12","10","62474.2","66289.36","121718.59"
"156","G12","11","62495.758","66638.695","121690.1"
"156","G12","12","62677.03","67022.125","121793.01"
"156","G12","13","62961.25","67321.836","121779.83"
"156","G12","14","63373.965","68012.57","121724.33"
"156","G12","15","64142.918","69029.88","121718.734"
"156","G12","16","65575.11","71182.305","121855.54"
"156","G12","17","68072.21","75230.336","122093.04"
"156","G12","18","72395.164","82144.15","122112.66"
"156","G12","19","79046.766","93195.516","122183.09"
"156","G12","20","87692.06","106770.72","122330.72"
"156","G12","21","97646.484","121812.53","122444.836"
"156","G12","22","107593.336","135295.78","122670.87"
"156","G12","23","116628.13","146511.53","122657.6"
"156","G12","24","124129.06","154752.33","122665.18"
"156","G12","25","130271.195","160207.11","122710.74"
"156","G12","26","134925.64","164039.34","123044.88"
"156","G12","27","138262.9","167110.55","123078.1"
"156","G12","28","140790.73","168777.64","123069.23"
"156","G12","29","142531.98","170623.36","122985.82"
"156","G12","30","143946.81","172700.66","122984.33"
"156","G12","31","144909.47","174377.81","122970.5"
"156","G12","32","145689.22","176212.86","122869.26"
"156","G12","33","146527.92","177947.06","122791.75"
"156","G12","34","147395.61","179440.56","122699.31"
"156","G12","35","148274.78","180885.97","122677.21"
"156","G12","36","149105.45","182105.06","122987.93"
"156","G12","37","149713.62","183631.42","123159.625"
"156","G12","38","150041.12","185092.62","123083.71"
"156","G12","39","150978.28","186185.83","123006.13"
"156","G12","40","151768.77","187357.61","123093.57"
"156","G12","41","152189.98","188766.89","122932.09"
"156","G12","42","152512.17","189934.9","122838.84"
"156","G12","43","153253.81","191249.86","122955.75"
"156","G12","44","153613.95","192632.98","122905.38"
"156","G12","45","154568.95","193815.52","122872.375"
"156","G12","46","155286.86","195551.84","122820.164"
"156","G12","47","155871.17","196637.97","122885.555"
"156","G12","48","156360.89","197801.11","122697.46"
"156","G12","49","156808.38","198871.81","122534.234"
"156","G12","50","157311.23","200126.9","122459.805"
"156","G12","51","157970.9","201260.19","122529.61"
"156","G12","52","158787.52","202250.36","122447.984"
"156","G12","53","159296.84","203654.62","122090.12"
"156","G12","54","159572.17","205118.78","122097.45"
"156","G12","55","160325.61","206344.61","122658.13"
"156","G12","56","161074.28","207463.33","122843.95"
"156","G12","57","161520.03","208378.03","122759.7"
"156","G12","58","161842.02","209406.4","122661.68"
"156","G12","59","162105.88","210835.45","122617.02"
"156","G12","60","162915.44","211993.03","122419.91"
"156","G12","61","163442.64","213009.64","122317.555"
"156","G12","62","164038.8","214238.55","122328.23"
"156","G12","63","164601.77","215265.67","122300.79"
"156","G12","64","165169.14","217097.45","122415.766"
"156","G12","65","165760.77","218305.06","122510.234"
"156","G12","66","166511.03","219421.34","122493.125"
"156","G12","67","167166.88","220469.08","122601.86"
"156","G12","68","167860.98","222324.11","122541.555"
"156","G12","69","168692.53","224633.47","122468.32"
"156","G12","70","169820.55","227574.05","122498.77"
"156","G12","71","171200.47","230739.06","122484.56"
"156","G12","72","172958.44","234909.1","122621.74"
"156","G12","73","175043.98","240677.34","122630.05"
"156","G12","74","177789.19","246713.2","122742.99"
"156","G12","75","180679.2","254257.75","122564.77"
"156","G12","76","183619.95","262530.8","122560.164"
"156","G12","77","187282.02","271061.38","123050.85"
"156","G12","78","190968.9","279708.44","123251.234"
"156","G12","79","194401.77","289151.03","123189.34"
"156","G12","80","197693.86","297187.97","123139.65"
"156","G12","81","201641.52","305236.8","123351.5"
"156","G12","82","205348.66","313701.3","123433.86"
"156","G12","83","209319.53","321546.72","123881.93"
"156","G12","84","212715.81","328930.78","123854.42"
"156","G12","85","216630.72","336703.72","123764.86"
"156","G12","86","221007.55","344022.25","123951.98"
"156","G12","87","225455.19","351275.7","124032.24"
"156","G12","88","230230.92","358446.75","124055.8"
"156","G12","89","235250.47","365053.66","123997.86"
"156","G12","90","240537.67","371538.16","124129.73"
"157","G13","1","62442.92","60801.26","119215.17"
"157","G13","2","62268.54","60981.887","119153.055"
"157","G13","3","61903.844","61542.22","119122.35"
"157","G13","4","61677.293","62078.695","119239.14"
"157","G13","5","61601.516","62677.086","118843.56"
"157","G13","6","61564.527","62989.977","118667.67"
"157","G13","7","61024.688","63159.215","118543.836"
"157","G13","8","60949.35","63364.52","118529.58"
"157","G13","9","61274.727","63463.98","118668.92"
"157","G13","10","61550.664","63335.523","118798.4"
"157","G13","11","61632.586","63329.61","118559.3"
"157","G13","12","61754.49","63705.58","118551.75"
"157","G13","13","61932.5","64318.043","118755.33"
"157","G13","14","62192.195","65176.117","118583.32"
"157","G13","15","63080.98","66212.19","118566.43"
"157","G13","16","64508.418","68579.055","118775.25"
"157","G13","17","66870.89","72415.12","118794.08"
"157","G13","18","70597.84","79259.734","118760.78"
"157","G13","19","76514.77","89744.95","118885.8"
"157","G13","20","84620.87","103516.56","119184.164"
"157","G13","21","93741.67","118390.945","119297.21"
"157","G13","22","102434.52","132436.64","119696.984"
"157","G13","23","110162.02","143373.12","119751.18"
"157","G13","24","117099.78","151364.31","119881.37"
"157","G13","25","122724.695","156414.75","119889.92"
"157","G13","26","126756.086","160533.92","119808.53"
"157","G13","27","129556.914","163415.78","119826.17"
"157","G13","28","131598.7","165554.36","119765.516"
"157","G13","29","133492.33","167392.16","119818.5"
"157","G13","30","134617.88","169032.73","119839.24"
"157","G13","31","135685.14","170684.55","119765.34"
"157","G13","32","136651.66","172737.84","119744.1"
"157","G13","33","137407.25","174152.88","119825.78"
"157","G13","34","138019.14","175494.86","119813.53"
"157","G13","35","138591.77","177130.55","119938.2"
"157","G13","36","139436.73","178481.45","119679.46"
"157","G13","37","140002.92","179832.89","119516.05"
"157","G13","38","140468.33","181441.22","119510.82"
"157","G13","39","141214.83","182576.64","119706.766"
"157","G13","40","141819.58","183792.83","119895.03"
"157","G13","41","142163.8","185236.75","119878.2"
"157","G13","42","142948.66","186545.9","119884.25"
"157","G13","43","143515.31","187900.72","119806.93"
"157","G13","44","143981.9","189178.33","119789.41"
"157","G13","45","144403.31","190638.19","119684.664"
"157","G13","46","144870.0","191926.83","119592.64"
"157","G13","47","145642.56","192877.27","119625.55"
"157","G13","48","146307.84","193840.19","119672.25"
"157","G13","49","146579.27","194919.31","119651.766"
"157","G13","50","146910.64","196699.6","119841.81"
"157","G13","51","147654.1","198046.3","119857.24"
"157","G13","52","148134.98","199322.08","119736.93"
"157","G13","53","148589.86","200400.17","119639.875"
"157","G13","54","149157.25","201375.83","119659.86"
"157","G13","55","149520.84","202494.05","119631.09"
"157","G13","56","150052.56","203487.38","119762.04"
"157","G13","57","150667.81","204542.48","119714.11"
"157","G13","58","151134.08","206176.9","119699.29"
"157","G13","59","151425.2","207331.14","119717.98"
"157","G13","60","152035.45","208156.42","119734.03"
"157","G13","61","152639.33","209220.34","119662.47"
"157","G13","62","153054.7","210434.97","119661.4"
"157","G13","63","153284.48","211825.06","119570.17"
"157","G13","64","153994.05","212812.62","119433.06"
"157","G13","65","154251.8","213986.58","119382.59"
"157","G13","66","154881.17","215129.36","119570.56"
"157","G13","67","155749.61","216231.2","119631.61"
"157","G13","68","156116.36","217831.44","119668.6"
"157","G13","69","156870.45","218855.42","119685.0"
"157","G13","70","157587.86","220328.52","119550.87"
"157","G13","71","159032.66","222159.56","119296.52"
"157","G13","72","160718.27","224346.22","119227.25"
"157","G13","73","162523.62","226933.89","119416.445"
"157","G13","74","165114.84","230156.64","119436.33"
"157","G13","75","168815.8","233550.9","119502.4"
"157","G13","76","173272.33","238805.14","119737.71"
"157","G13","77","178397.45","244586.47","119741.84"
"157","G13","78","184393.81","251171.9","119675.984"
"157","G13","79","190513.88","258652.17","119625.305"
"157","G13","80","196558.86","267106.1","119781.05"
"157","G13","81","202368.12","275934.25","119828.01"
"157","G13","82","207993.11","284088.8","119881.516"
"157","G13","83","213913.7","292411.62","119857.04"
"157","G13","84","219774.7","300412.72","120104.27"
"157","G13","85","225424.36","308864.5","120379.24"
"157","G13","86","231631.58","316802.72","120367.875"
"157","G13","87","237568.25","325356.97","120488.93"
"157","G13","88","244047.92","333462.03","120485.1"
"157","G13","89","250980.08","341395.44","120495.08"
"157","G13","90","257128.12","348739.88","120389.266"
"158","G14","1","62831.895","60614.332","121263.32"
"158","G14","2","62770.566","60701.65","121087.79"
"158","G14","3","62479.46","61057.105","120894.555"
"158","G14","4","62158.934","61724.18","120675.75"
"158","G14","5","62050.03","62296.98","120590.11"
"158","G14","6","61987.355","62512.047","120549.17"
"158","G14","7","61883.684","62939.39","120414.67"
"158","G14","8","61931.586","63003.473","120413.7"
"158","G14","9","62226.082","63264.402","120522.58"
"158","G14","10","62270.684","63259.75","120427.766"
"158","G14","11","62219.965","63508.844","120453.83"
"158","G14","12","62273.652","63835.6","120702.586"
"158","G14","13","62706.137","64016.133","120697.71"
"158","G14","14","63134.773","64801.125","120628.39"
"158","G14","15","63951.617","66317.04","120561.945"
"158","G14","16","65236.727","68347.68","120547.78"
"158","G14","17","67556.41","72058.445","120702.15"
"158","G14","18","71734.39","78912.83","120954.95"
"158","G14","19","78065.25","88980.56","121189.79"
"158","G14","20","86501.734","101651.28","121328.79"
"158","G14","21","96255.5","116236.96","121358.83"
"158","G14","22","106213.445","129807.93","121639.734"
"158","G14","23","114855.31","140654.7","121614.54"
"158","G14","24","122297.37","148223.2","121517.66"
"158","G14","25","128292.82","153683.55","121377.16"
"158","G14","26","133132.6","157325.97","121360.64"
"158","G14","27","136510.86","160158.08","121723.34"
"158","G14","28","138888.02","162158.45","121893.6"
"158","G14","29","140707.33","163769.2","121936.58"
"158","G14","30","142124.28","165643.66","121984.5"
"158","G14","31","142743.23","167225.12","121875.46"
"158","G14","32","143505.81","168850.38","121732.24"
"158","G14","33","144335.11","170493.12","121609.375"
"158","G14","34","145204.31","171922.86","121622.055"
"158","G14","35","146001.67","173453.81","121836.91"
"158","G14","36","146813.5","174921.4","121786.664"
"158","G14","37","147654.36","176522.97","121694.52"
"158","G14","38","148508.78","177552.1","121638.43"
"158","G14","39","148953.44","178568.5","121820.64"
"158","G14","40","149487.23","179795.39","121898.54"
"158","G14","41","150219.53","181225.75","121825.33"
"158","G14","42","150749.61","182564.89","121831.15"
"158","G14","43","151387.02","183981.1","121791.74"
"158","G14","44","151576.98","185195.17","121944.766"
"158","G14","45","152405.6","186319.67","121972.03"
"158","G14","46","153113.16","187332.23","121951.15"
"158","G14","47","153474.22","188788.05","121803.73"
"158","G14","48","153996.38","189825.27","121635.445"
"158","G14","49","154765.52","191123.08","121425.65"
"158","G14","50","155284.52","192373.45","121373.234"
"158","G14","51","156077.11","193858.45","121609.664"
"158","G14","52","156489.98","194729.44","121561.29"
"158","G14","53","156823.05","195775.27","121531.055"
"158","G14","54","157263.48","196594.16","121791.88"
"158","G14","55","157932.62","197746.6","121677.5"
"158","G14","56","158352.64","198835.55","121558.29"
"158","G14","57","158871.55","200215.72","121583.48"
"158","G14","58","159398.14","201363.78","121539.69"
"158","G14","59","159986.61","202493.78","121476.41"
"158","G14","60","160475.23","203768.83","121639.586"
"158","G14","61","160855.8","204519.06","121899.57"
"158","G14","62","161402.0","205710.27","121965.99"
"158","G14","63","162310.56","206596.73","121867.92"
"158","G14","64","162702.45","207817.33","121761.08"
"158","G14","65","163074.48","208641.06","121667.53"
"158","G14","66","163505.83","209616.52","121505.34"
"158","G14","67","164153.23","210530.84","121231.734"
"158","G14","68","164567.95","211728.1","121205.69"
"158","G14","69","164920.28","213206.78","121581.37"
"158","G14","70","165679.4","214221.0","121608.19"
"158","G14","71","166531.03","215714.73","121604.18"
"158","G14","72","167471.66","217805.75","121409.98"
"158","G14","73","168243.31","220258.88","121338.49"
"158","G14","74","169695.56","222731.53","121517.82"
"158","G14","75","171124.36","225874.2","121451.734"
"158","G14","76","173029.38","229882.98","121384.22"
"158","G14","77","175522.12","235229.16","121527.27"
"158","G14","78","178535.28","241702.08","121554.75"
"158","G14","79","181912.92","249216.22","121553.36"
"158","G14","80","185543.42","257220.95","121947.4"
"158","G14","81","189741.45","265930.2","122321.48"
"158","G14","82","193592.44","274662.34","122302.37"
"158","G14","83","197535.06","283104.2","122245.58"
"158","G14","84","201600.42","291483.6","122359.18"
"158","G14","85","205728.23","299736.25","122323.21"
"158","G14","86","210259.81","307717.66","122506.125"
"158","G14","87","214820.56","315579.66","122731.05"
"158","G14","88","219694.83","323716.28","122694.62"
"158","G14","89","225131.7","331748.47","122631.016"
"158","G14","90","230072.3","338407.5","122797.37"
"159","G15","1","64213.027","63666.51","120865.336"
"159","G15","2","63984.008","63823.758","120720.54"
"159","G15","3","63812.363","64604.465","120515.1"
"159","G15","4","63782.89","65444.67","120196.11"
"159","G15","5","63821.117","65742.164","120049.79"
"159","G15","6","63708.273","65800.96","120052.68"
"159","G15","7","63609.793","66177.48","120230.08"
"159","G15","8","63607.895","66251.625","120295.875"
"159","G15","9","63680.812","66625.1","120276.09"
"159","G15","10","63696.344","66695.8","120329.414"
"159","G15","11","63737.152","66886.555","120240.25"
"159","G15","12","64042.754","67118.73","119992.98"
"159","G15","13","64395.242","67677.77","119961.96"
"159","G15","14","64827.207","68277.49","120073.3"
"159","G15","15","65489.25","69340.33","120146.47"
"159","G15","16","66943.1","71875.28","120456.555"
"159","G15","17","69487.93","75932.055","120581.25"
"159","G15","18","73753.74","82732.32","120558.77"
"159","G15","19","80436.75","93519.79","120660.84"
"159","G15","20","89213.46","107233.82","120802.195"
"159","G15","21","99049.61","122324.875","121076.84"
"159","G15","22","108948.13","136378.14","121155.11"
"159","G15","23","117592.67","147851.05","121156.984"
"159","G15","24","125219.88","156241.6","121526.76"
"159","G15","25","131447.31","162088.95","121808.87"
"159","G15","26","136457.36","165844.53","121670.88"
"159","G15","27","139827.48","168703.75","121592.22"
"159","G15","28","141903.78","171182.66","121812.51"
"159","G15","29","143931.33","172731.52","121712.625"
"159","G15","30","145536.92","174780.77","121611.12"
"159","G15","31","146576.75","176544.25","121724.44"
"159","G15","32","147526.05","178306.8","121646.95"
"159","G15","33","148377.28","179824.62","121611.35"
"159","G15","34","149085.5","181200.3","121697.33"
"159","G15","35","149528.11","182609.38","121657.43"
"159","G15","36","150384.17","184321.72","121538.7"
"159","G15","37","151301.94","185919.86","121506.17"
"159","G15","38","152232.92","187231.2","121816.734"
"159","G15","39","152554.44","188530.25","121826.08"
"159","G15","40","153345.7","190137.81","121906.18"
"159","G15","41","154069.31","191166.33","121820.984"
"159","G15","42","154378.66","192668.62","121775.18"
"159","G15","43","155051.4","193968.86","121782.42"
"159","G15","44","155966.73","195571.28","121843.74"
"159","G15","45","156512.33","197200.03","121757.7"
"159","G15","46","157161.77","198518.4","121807.31"
"159","G15","47","157693.56","199926.89","122030.12"
"159","G15","48","158416.28","200925.58","121982.68"
"159","G15","49","159075.58","201780.4","121861.695"
"159","G15","50","159527.73","203051.9","121712.555"
"159","G15","51","160146.67","204397.48","121677.87"
"159","G15","52","160622.31","205605.39","121929.695"
"159","G15","53","161165.83","206722.33","121948.49"
"159","G15","54","161924.14","207770.6","121922.54"
"159","G15","55","162412.55","209474.67","121976.875"
"159","G15","56","162912.61","210442.83","122008.7"
"159","G15","57","163466.78","211711.77","122111.945"
"159","G15","58","163886.95","212620.19","122038.445"
"159","G15","59","164529.11","213887.62","122093.36"
"159","G15","60","165198.4","215047.53","122192.12"
"159","G15","61","165817.33","216244.28","122084.22"
"159","G15","62","166614.88","217384.39","122006.2"
"159","G15","63","167128.81","218704.77","122035.92"
"159","G15","64","167517.8","219757.45","122104.61"
"159","G15","65","167883.4","220826.81","121940.4"
"159","G15","66","168462.52","221842.28","121824.24"
"159","G15","67","169226.3","222989.06","121955.97"
"159","G15","68","169601.98","224433.97","121992.45"
"159","G15","69","170206.52","225389.39","121893.91"
"159","G15","70","170595.34","226778.05","121805.13"
"159","G15","71","171313.53","227801.81","121775.56"
"159","G15","72","172066.25","228885.16","122115.26"
"159","G15","73","172748.19","230590.77","122177.63"
"159","G15","74","173468.72","231676.55","122078.836"
"159","G15","75","174237.34","233360.53","122120.43"
"159","G15","76","175239.42","235511.97","122283.27"
"159","G15","77","176605.52","237642.45","122105.125"
"159","G15","78","178349.8","240150.08","121916.266"
"159","G15","79","180215.08","244135.4","121897.6"
"159","G15","80","183002.14","249011.73","122222.5"
"159","G15","81","186499.69","254760.06","122181.18"
"159","G15","82","190341.8","261687.7","122130.51"
"159","G15","83","195135.56","270063.3","122252.21"
"159","G15","84","200045.56","279359.03","122604.23"
"159","G15","85","205581.38","289331.84","122833.05"
"159","G15","86","211428.7","299603.9","123002.234"
"159","G15","87","217589.22","310167.3","123191.66"
"159","G15","88","224284.48","321166.62","123278.52"
"159","G15","89","231475.66","331845.62","123281.2"
"159","G15","90","237848.39","340805.4","123338.27"
"160","G16","1","66991.02","60186.24","123767.51"
"160","G16","2","66798.82","60349.863","123529.21"
"160","G16","3","66368.414","60827.273","123070.17"
"160","G16","4","66223.75","61575.293","122944.49"
"160","G16","5","66182.64","61979.246","123032.08"
"160","G16","6","66079.125","62037.758","123064.82"
"160","G16","7","65828.625","62041.008","123024.77"
"160","G16","8","65798.65","62243.215","123064.45"
"160","G16","9","65978.32","62282.996","122928.7"
"160","G16","10","66231.16","62242.3","122864.695"
"160","G16","11","66376.25","62575.85","122863.54"
"160","G16","12","66562.65","62850.37","122433.47"
"160","G16","13","66827.09","63156.816","122403.76"
"160","G16","14","67203.12","63975.0","122740.74"
"160","G16","15","67899.6","65173.99","122782.06"
"160","G16","16","69447.5","67594.29","122797.555"
"160","G16","17","72276.03","71442.96","122759.79"
"160","G16","18","76691.086","78235.695","122826.11"
"160","G16","19","83392.15","88798.85","123027.37"
"160","G16","20","92704.02","102707.51","122987.6"
"160","G16","21","103747.24","117645.24","122979.4"
"160","G16","22","114679.8","131308.44","123272.11"
"160","G16","23","124494.34","142770.14","123421.54"
"160","G16","24","132734.66","151194.94","123611.69"
"160","G16","25","139592.58","156886.4","123585.234"
"160","G16","26","144643.8","161063.62","123618.46"
"160","G16","27","148517.3","163790.45","123605.36"
"160","G16","28","151089.84","165900.72","123651.49"
"160","G16","29","153103.02","167518.02","123762.31"
"160","G16","30","154433.73","169780.58","123676.805"
"160","G16","31","155907.72","171638.73","123566.7"
"160","G16","32","156998.8","172913.98","123489.74"
"160","G16","33","157854.48","174228.7","123435.98"
"160","G16","34","158434.14","176002.52","123562.69"
"160","G16","35","159393.69","177660.1","123474.27"
"160","G16","36","160475.16","179051.81","123275.12"
"160","G16","37","161065.55","180462.28","123148.51"
"160","G16","38","161467.0","181840.3","123106.46"
"160","G16","39","162072.44","183252.78","123234.59"
"160","G16","40","162954.95","184708.67","123457.0"
"160","G16","41","163465.6","185976.47","123446.54"
"160","G16","42","164139.06","187305.98","123493.836"
"160","G16","43","165063.28","188537.22","123416.43"
"160","G16","44","165792.73","189855.94","123328.07"
"160","G16","45","166176.47","191188.78","123230.664"
"160","G16","46","166876.83","192570.62","123219.65"
"160","G16","47","167418.27","193439.06","123337.43"
"160","G16","48","167862.92","194598.36","123304.89"
"160","G16","49","168363.27","195537.86","123080.16"
"160","G16","50","168869.67","196783.53","122991.67"
"160","G16","51","169911.81","198372.55","123076.31"
"160","G16","52","170416.94","199590.8","123021.805"
"160","G16","53","170985.12","200491.89","122936.61"
"160","G16","54","171409.2","201769.28","122884.65"
"160","G16","55","171800.48","202924.27","122950.12"
"160","G16","56","172576.0","204424.11","122912.836"
"160","G16","57","173060.05","205541.02","122874.71"
"160","G16","58","173405.19","206700.88","122978.97"
"160","G16","59","173820.44","207232.86","122960.94"
"160","G16","60","174502.84","208632.6","123019.6"
"160","G16","61","175355.66","209376.89","123085.86"
"160","G16","62","176068.42","210684.0","123043.15"
"160","G16","63","176488.97","211633.55","122980.24"
"160","G16","64","176937.3","212584.17","123046.625"
"160","G16","65","177573.03","213897.36","123060.914"
"160","G16","66","178233.19","215158.67","122686.79"
"160","G16","67","178603.47","216071.81","122576.0"
"160","G16","68","179164.52","217110.77","122663.65"
"160","G16","69","179873.56","218300.17","122710.8"
"160","G16","70","180369.9","219340.66","122856.8"
"160","G16","71","180846.0","220505.25","122832.87"
"160","G16","72","181212.17","221720.14","122763.69"
"160","G16","73","181933.19","222959.64","122605.17"
"160","G16","74","182715.55","224211.9","122588.94"
"160","G16","75","183204.14","225782.44","122823.96"
"160","G16","76","183664.02","227761.69","122908.3"
"160","G16","77","184765.4","230427.52","122855.16"
"160","G16","78","185470.12","232851.14","122786.305"
"160","G16","79","186362.81","235965.12","122591.26"
"160","G16","80","187301.3","240482.0","122619.68"
"160","G16","81","188964.03","247094.6","123073.84"
"160","G16","82","190812.42","254230.31","123190.625"
"160","G16","83","192899.25","262447.56","122942.88"
"160","G16","84","195318.38","272230.5","122922.18"
"160","G16","85","198575.48","283452.12","123301.77"
"160","G16","86","202699.52","294688.06","123376.07"
"160","G16","87","207028.98","305848.16","123444.96"
"160","G16","88","212103.69","317446.28","123406.34"
"160","G16","89","217660.2","329597.9","123399.945"
"160","G16","90","223416.66","340062.25","123740.83"
"161","G17","1","68471.48","53636.15","131019.98"
"161","G17","2","68294.016","53660.92","130781.625"
"161","G17","3","67962.59","53964.797","130412.45"
"161","G17","4","67682.836","54198.734","130197.12"
"161","G17","5","67496.63","54517.285","129941.55"
"161","G17","6","67445.32","54926.707","129862.78"
"161","G17","7","67455.48","55134.848","130080.25"
"161","G17","8","67481.58","55294.57","130077.19"
"161","G17","9","67528.1","55381.88","129906.97"
"161","G17","10","67415.625","55340.64","129684.516"
"161","G17","11","67375.69","55536.344","129600.34"
"161","G17","12","67371.445","55710.035","129711.77"
"161","G17","13","67398.01","55737.953","129693.84"
"161","G17","14","67556.88","55767.605","129764.67"
"161","G17","15","67734.32","55625.293","129719.32"
"161","G17","16","67777.58","55560.062","129736.586"
"161","G17","17","68191.03","55898.285","129740.67"
"161","G17","18","69272.34","56159.066","129804.41"
"161","G17","19","70559.66","56432.348","129618.8"
"161","G17","20","72880.195","56892.777","129526.016"
"161","G17","21","77266.195","57790.61","129675.27"
"161","G17","22","84274.08","59329.504","129842.086"
"161","G17","23","94862.055","61678.824","129746.02"
"161","G17","24","109418.74","64917.664","129664.98"
"161","G17","25","126812.445","69185.14","129722.555"
"161","G17","26","145006.53","73315.69","129564.586"
"161","G17","27","162264.14","77002.836","129516.805"
"161","G17","28","176667.84","79519.07","129711.3"
"161","G17","29","188031.34","81138.56","129517.54"
"161","G17","30","196981.0","82052.766","129452.375"
"161","G17","31","204409.23","82825.016","129713.61"
"161","G17","32","210096.44","83569.13","129807.945"
"161","G17","33","215006.42","84097.59","129690.03"
"161","G17","34","218547.39","84768.68","129621.46"
"161","G17","35","221175.58","85217.34","129737.61"
"161","G17","36","223674.77","85818.59","129676.57"
"161","G17","37","225628.38","85984.24","129598.125"
"161","G17","38","227308.08","86382.18","129593.305"
"161","G17","39","228138.64","86980.03","129535.04"
"161","G17","40","229488.05","87155.84","129406.24"
"161","G17","41","230770.38","87682.6","129288.81"
"161","G17","42","231385.95","87788.266","129255.83"
"161","G17","43","232239.03","88072.25","129447.25"
"161","G17","44","232866.38","88680.69","129501.56"
"161","G17","45","233719.94","88649.74","129261.91"
"161","G17","46","234420.73","89271.37","129145.99"
"161","G17","47","234921.47","89268.234","129131.04"
"161","G17","48","235785.0","89441.84","129151.97"
"161","G17","49","236402.75","89890.125","129285.05"
"161","G17","50","236807.7","90218.76","129265.88"
"161","G17","51","237187.0","90676.3","129310.23"
"161","G17","52","238058.42","90773.28","129436.625"
"161","G17","53","238738.38","91164.945","129384.19"
"161","G17","54","239175.27","91429.71","129272.055"
"161","G17","55","239649.64","91741.89","129173.39"
"161","G17","56","240021.36","92253.07","129070.49"
"161","G17","57","240600.95","92357.07","128976.91"
"161","G17","58","240961.77","92489.75","128847.91"
"161","G17","59","241676.33","92980.87","128788.81"
"161","G17","60","242607.16","93509.875","128760.37"
"161","G17","61","243632.77","93987.03","128768.82"
"161","G17","62","244793.34","94903.05","128868.23"
"161","G17","63","246245.56","96096.81","128793.23"
"161","G17","64","248552.89","97773.22","128745.14"
"161","G17","65","251388.58","99748.74","128728.945"
"161","G17","66","255353.56","102292.46","128746.47"
"161","G17","67","260090.48","104982.5","128886.59"
"161","G17","68","265922.03","108323.3","128945.06"
"161","G17","69","272082.53","111840.79","128898.4"
"161","G17","70","279484.47","115431.484","128725.74"
"161","G17","71","287401.84","119570.66","128694.31"
"161","G17","72","295361.66","123885.27","128741.79"
"161","G17","73","302933.88","128137.586","128772.68"
"161","G17","74","311439.22","132349.34","128997.45"
"161","G17","75","320273.78","136658.53","129303.555"
"161","G17","76","328473.22","140678.73","129153.3"
"161","G17","77","337769.2","145180.92","129023.266"
"161","G17","78","347113.56","149663.81","128898.86"
"161","G17","79","354676.5","154040.5","128903.414"
"161","G17","80","364613.28","158070.38","129137.06"
"161","G17","81","373736.25","162440.22","129228.48"
"161","G17","82","382848.22","166855.95","129537.55"
"161","G17","83","391610.12","171408.89","129522.2"
"161","G17","84","400689.44","175467.86","129427.91"
"161","G17","85","408815.2","179686.98","129387.266"
"161","G17","86","417834.25","184175.16","129306.95"
"161","G17","87","426608.72","188522.97","129193.1"
"161","G17","88","434872.84","192877.98","128974.04"
"161","G17","89","442345.44","197056.64","128946.33"
"161","G17","90","449855.53","200423.1","129181.15"
"162","G18","1","32071.266","-21428.943","112021.25"
"162","G18","2","32025.336","-21065.387","111525.63"
"162","G18","3","31879.516","-19981.418","110699.05"
"162","G18","4","31690.79","-19010.828","110487.18"
"162","G18","5","31551.725","-18502.674","110496.18"
"162","G18","6","31326.13","-18240.754","110520.98"
"162","G18","7","31273.984","-18159.041","110508.055"
"162","G18","8","31309.51","-17927.975","110497.31"
"162","G18","9","31399.486","-18017.545","110452.98"
"162","G18","10","31483.611","-17922.236","110335.76"
"162","G18","11","31829.55","-17535.613","110210.04"
"162","G18","12","31862.309","-17517.875","110008.11"
"162","G18","13","31829.32","-17245.223","110016.06"
"162","G18","14","31950.396","-17314.309","110327.42"
"162","G18","15","31962.041","-17263.06","110319.734"
"162","G18","16","32198.566","-17271.08","110203.19"
"162","G18","17","32696.375","-17315.484","109991.84"
"162","G18","18","33387.875","-16735.424","109824.79"
"162","G18","19","34544.508","-16277.627","109818.445"
"162","G18","20","36809.457","-16170.65","109931.45"
"162","G18","21","40528.105","-15127.823","109975.87"
"162","G18","22","46500.477","-13563.614","109978.47"
"162","G18","23","55663.95","-10977.883","109911.21"
"162","G18","24","68413.92","-7183.265","109896.53"
"162","G18","25","84106.5","-2661.8474","110094.27"
"162","G18","26","101934.95","2493.2515","110577.89"
"162","G18","27","119747.0","7817.5713","110896.61"
"162","G18","28","135811.77","11499.123","111126.29"
"162","G18","29","148924.75","13983.803","111164.086"
"162","G18","30","159542.56","15805.199","111072.07"
"162","G18","31","167804.58","16884.355","111022.62"
"162","G18","32","174486.0","17732.162","110947.125"
"162","G18","33","179814.55","18658.229","110986.83"
"162","G18","34","183756.7","18864.027","110995.664"
"162","G18","35","187006.22","19305.54","110933.375"
"162","G18","36","189392.55","20263.87","110853.49"
"162","G18","37","191377.3","20615.467","110877.27"
"162","G18","38","193429.31","20966.023","110824.5"
"162","G18","39","194730.84","20990.332","110845.84"
"162","G18","40","195952.73","21671.19","110804.516"
"162","G18","41","196959.52","21973.498","110924.94"
"162","G18","42","197939.89","22354.697","111056.484"
"162","G18","43","199051.97","22647.457","110934.47"
"162","G18","44","199856.11","22925.967","110841.83"
"162","G18","45","200247.62","23287.553","110925.71"
"162","G18","46","200995.39","24033.473","110946.31"
"162","G18","47","201368.16","24535.895","110905.445"
"162","G18","48","202172.89","24698.986","110859.44"
"162","G18","49","203242.73","24908.105","110777.84"
"162","G18","50","203666.17","25422.018","110707.07"
"162","G18","51","204250.14","25394.375","110666.91"
"162","G18","52","205194.0","25868.332","110588.945"
"162","G18","53","205454.84","26394.203","110588.61"
"162","G18","54","205820.55","26619.13","110659.305"
"162","G18","55","206500.52","26952.129","110637.83"
"162","G18","56","206983.12","27055.398","110770.76"
"162","G18","57","207576.0","27100.81","110902.02"
"162","G18","58","207883.84","27464.979","110925.93"
"162","G18","59","208412.55","28127.795","110843.76"
"162","G18","60","209313.42","28753.818","110807.05"
"162","G18","61","210042.0","29376.66","110755.81"
"162","G18","62","210959.02","30052.232","110724.99"
"162","G18","63","212030.64","30863.557","110807.336"
"162","G18","64","213603.16","31902.863","110839.08"
"162","G18","65","215914.61","33283.082","111026.805"
"162","G18","66","218720.67","35500.527","110996.31"
"162","G18","67","222198.5","38464.94","110974.11"
"162","G18","68","226797.61","41444.375","111344.984"
"162","G18","69","232357.73","44771.77","111713.516"
"162","G18","70","238673.58","49173.42","111874.48"
"162","G18","71","245609.17","53483.457","111942.086"
"162","G18","72","252434.81","57974.53","112333.37"
"162","G18","73","259979.95","62348.996","112695.086"
"162","G18","74","267906.03","67013.984","112732.43"
"162","G18","75","275251.16","71656.23","113165.51"
"162","G18","76","283251.88","75946.64","113532.75"
"162","G18","77","291797.1","80609.42","113654.945"
"162","G18","78","299921.16","85930.4","113692.164"
"162","G18","79","307796.22","90408.055","114076.94"
"162","G18","80","317648.38","95180.625","114161.734"
"162","G18","81","326986.25","99544.38","114557.234"
"162","G18","82","335536.03","104041.59","114927.336"
"162","G18","83","344522.03","108388.67","115300.0"
"162","G18","84","353753.6","112842.08","115426.54"
"162","G18","85","363376.62","117381.58","115810.76"
"162","G18","86","371480.75","122151.99","115880.69"
"162","G18","87","380478.7","126769.984","116074.14"
"162","G18","88","389380.22","131307.62","116455.516"
"162","G18","89","398182.34","135312.2","116860.26"
"162","G18","90","405982.66","138736.34","117078.945"
"163","G19","1","64951.36","55409.797","131547.95"
"163","G19","2","64814.004","55467.46","131248.47"
"163","G19","3","64645.508","55821.76","131027.44"
"163","G19","4","64451.645","55960.73","130878.23"
"163","G19","5","64345.918","56364.414","130825.11"
"163","G19","6","64238.516","56716.56","130810.28"
"163","G19","7","64182.586","56769.105","130875.58"
"163","G19","8","64132.61","56784.01","131158.64"
"163","G19","9","64170.082","57113.742","131099.16"
"163","G19","10","64365.18","57243.58","131032.28"
"163","G19","11","64392.65","57251.61","131054.586"
"163","G19","12","64475.348","57278.766","131077.7"
"163","G19","13","64558.496","57277.523","131004.55"
"163","G19","14","64586.266","57250.645","130885.695"
"163","G19","15","64803.19","57444.387","130844.32"
"163","G19","16","65031.055","57520.367","130910.945"
"163","G19","17","65340.62","57474.33","131113.16"
"163","G19","18","66011.31","57661.832","131035.52"
"163","G19","19","66982.01","57929.71","130914.44"
"163","G19","20","68844.445","58568.812","130900.28"
"163","G19","21","72070.016","59443.33","131014.5"
"163","G19","22","77194.98","60832.543","131023.75"
"163","G19","23","84312.555","63662.47","131071.37"
"163","G19","24","94233.99","67345.7","131048.95"
"163","G19","25","106553.414","72188.8","131115.8"
"163","G19","26","120401.984","78218.12","131379.98"
"163","G19","27","134853.17","84149.21","131467.55"
"163","G19","28","149168.03","89462.84","131454.0"
"163","G19","29","162184.53","93581.63","131505.83"
"163","G19","30","173208.3","96155.555","131470.2"
"163","G19","31","181598.95","97902.23","131519.73"
"163","G19","32","188099.19","99059.23","131571.94"
"163","G19","33","193014.84","99753.734","131551.98"
"163","G19","34","197031.39","100316.61","131489.61"
"163","G19","35","200040.47","100870.28","131335.34"
"163","G19","36","202365.89","101342.57","131244.03"
"163","G19","37","204271.4","101777.46","131245.89"
"163","G19","38","205828.16","102149.41","131305.88"
"163","G19","39","207237.52","102500.65","131234.23"
"163","G19","40","208280.33","102767.33","131221.17"
"163","G19","41","209366.77","102964.13","131435.77"
"163","G19","42","210001.77","103496.35","131473.83"
"163","G19","43","210935.88","103866.0","131493.2"
"163","G19","44","211764.0","104278.51","131455.44"
"163","G19","45","212725.61","104245.1","131499.72"
"163","G19","46","213584.6","104548.87","131438.73"
"163","G19","47","214103.55","104689.766","131293.58"
"163","G19","48","214634.69","105166.58","130948.54"
"163","G19","49","214992.95","105520.62","130949.92"
"163","G19","50","215502.64","105669.99","131349.0"
"163","G19","51","215915.61","105989.85","131374.73"
"163","G19","52","216699.53","106106.06","131316.56"
"163","G19","53","217345.1","106245.53","131345.27"
"163","G19","54","217754.4","106577.39","131328.19"
"163","G19","55","217707.16","107005.766","131200.08"
"163","G19","56","218278.95","107357.38","131067.945"
"163","G19","57","219160.95","107390.5","130835.055"
"163","G19","58","219465.38","107767.72","130849.586"
"163","G19","59","219722.31","108204.15","131126.06"
"163","G19","60","220511.61","108336.2","131139.11"
"163","G19","61","221059.58","108643.164","131096.98"
"163","G19","62","221690.19","109306.7","131079.38"
"163","G19","63","222359.97","109590.07","130993.72"
"163","G19","64","223355.66","110214.57","130963.61"
"163","G19","65","224608.22","111175.31","131040.9"
"163","G19","66","225947.9","112693.695","131041.92"
"163","G19","67","227817.39","114750.78","131057.26"
"163","G19","68","230316.77","117083.08","130996.336"
"163","G19","69","233657.48","120249.78","130928.35"
"163","G19","70","238109.28","123757.125","130946.11"
"163","G19","71","242623.55","127990.336","131202.78"
"163","G19","72","247827.16","132673.75","131327.4"
"163","G19","73","253476.53","137513.3","131077.17"
"163","G19","74","258949.25","142075.34","131081.7"
"163","G19","75","265076.22","147618.9","131493.89"
"163","G19","76","271032.16","152982.53","131505.81"
"163","G19","77","277386.8","157765.97","131454.88"
"163","G19","78","284397.3","162818.38","131558.6"
"163","G19","79","290629.38","167835.64","131476.77"
"163","G19","80","296860.3","172821.88","131419.05"
"163","G19","81","304625.9","177541.03","131510.27"
"163","G19","82","311166.7","182548.05","131427.95"
"163","G19","83","319023.0","187453.53","131446.55"
"163","G19","84","326536.0","192334.84","131889.88"
"163","G19","85","334199.1","197287.05","132081.53"
"163","G19","86","342385.44","201483.72","131936.92"
"163","G19","87","349870.7","206601.61","131856.3"
"163","G19","88","358041.8","211534.02","131989.31"
"163","G19","89","366180.34","215639.9","131998.14"
"163","G19","90","372862.2","219364.31","132154.78"
"164","G20","1","44466.863","52399.41","132333.69"
"164","G20","2","44311.92","52400.426","131953.61"
"164","G20","3","43827.246","52447.133","131474.47"
"164","G20","4","43663.76","52660.598","131347.77"
"164","G20","5","43610.54","53194.047","131399.47"
"164","G20","6","43568.79","53474.516","131310.16"
"164","G20","7","43593.56","53607.777","131275.16"
"164","G20","8","43519.227","53781.156","131508.97"
"164","G20","9","43308.164","53847.992","131554.27"
"164","G20","10","43286.48","53997.684","131508.16"
"164","G20","11","43419.63","54149.188","131622.36"
"164","G20","12","43522.695","54151.3","131576.97"
"164","G20","13","43681.258","54103.58","131503.44"
"164","G20","14","43755.832","54238.06","131472.06"
"164","G20","15","43822.2","54330.42","131679.92"
"164","G20","16","43949.703","54314.13","131661.44"
"164","G20","17","44396.69","54404.977","131576.14"
"164","G20","18","44754.992","54454.953","131594.53"
"164","G20","19","45753.51","54942.145","131469.98"
"164","G20","20","47723.098","55385.504","131360.16"
"164","G20","21","50820.19","56410.77","131391.36"
"164","G20","22","55620.14","57701.16","131574.31"
"164","G20","23","62866.31","60110.477","131563.39"
"164","G20","24","72538.164","64026.73","131480.17"
"164","G20","25","83682.93","69414.37","131433.75"
"164","G20","26","95946.08","75436.28","131619.66"
"164","G20","27","108632.09","82303.62","131699.45"
"164","G20","28","121510.336","88625.11","131630.17"
"164","G20","29","134003.05","93693.5","131570.73"
"164","G20","30","145017.6","97681.38","131553.78"
"164","G20","31","153899.2","100196.15","131472.78"
"164","G20","32","160704.45","102001.45","131501.23"
"164","G20","33","165657.12","102999.42","131671.83"
"164","G20","34","169900.11","103941.03","131585.75"
"164","G20","35","172696.19","104624.37","131373.72"
"164","G20","36","174922.25","105150.18","131312.17"
"164","G20","37","177278.14","105726.055","131511.44"
"164","G20","38","178684.97","106135.336","131477.38"
"164","G20","39","179830.38","106334.86","131240.22"
"164","G20","40","181057.64","106844.945","131059.52"
"164","G20","41","182082.8","107008.72","131004.445"
"164","G20","42","183188.89","107454.62","131179.2"
"164","G20","43","183848.6","107673.805","131401.17"
"164","G20","44","184289.1","107966.34","131420.02"
"164","G20","45","185072.66","108565.086","131462.05"
"164","G20","46","185920.33","108491.164","131322.05"
"164","G20","47","186310.05","109258.805","130980.13"
"164","G20","48","186615.67","109844.08","130890.086"
"164","G20","49","187399.9","109739.6","131044.64"
"164","G20","50","187731.23","109907.586","131096.17"
"164","G20","51","188401.67","110035.555","131075.08"
"164","G20","52","188861.9","110278.93","131209.97"
"164","G20","53","189179.16","110540.49","131236.95"
"164","G20","54","189887.45","111020.08","131186.53"
"164","G20","55","190357.52","111306.09","131217.81"
"164","G20","56","190605.44","111580.016","131105.72"
"164","G20","57","190923.7","111736.914","131044.65"
"164","G20","58","191592.69","112251.74","131070.95"
"164","G20","59","191838.02","112260.836","130756.27"
"164","G20","60","192345.84","112457.57","130681.72"
"164","G20","61","192811.06","113070.74","130839.99"
"164","G20","62","193444.52","113318.36","130804.87"
"164","G20","63","193968.73","113746.04","130751.11"
"164","G20","64","194517.42","114484.07","130766.414"
"164","G20","65","195323.47","115081.19","130818.78"
"164","G20","66","196106.92","116052.43","131146.36"
"164","G20","67","197336.16","117227.79","131165.95"
"164","G20","68","199134.66","118777.17","131040.22"
"164","G20","69","201047.61","121325.484","130559.52"
"164","G20","70","203601.06","124682.7","130516.33"
"164","G20","71","206823.67","128462.37","130821.484"
"164","G20","72","210651.9","132907.02","130886.21"
"164","G20","73","215263.44","137915.4","131042.0"
"164","G20","74","220107.23","142963.58","131143.69"
"164","G20","75","224570.34","147959.47","131213.36"
"164","G20","76","229446.83","152950.52","131121.05"
"164","G20","77","234660.05","158516.81","131112.42"
"164","G20","78","240583.16","164049.22","131368.3"
"164","G20","79","246213.3","169147.81","131224.56"
"164","G20","80","251313.27","174398.78","131139.47"
"164","G20","81","257531.25","179299.39","131324.53"
"164","G20","82","263519.88","184443.61","131575.64"
"164","G20","83","269800.62","189467.72","131465.52"
"164","G20","84","276449.0","194219.19","131372.1"
"164","G20","85","282978.56","199502.2","131434.7"
"164","G20","86","290766.0","204166.12","131447.73"
"164","G20","87","297929.84","208853.64","131631.27"
"164","G20","88","305060.4","214209.2","131615.61"
"164","G20","89","311594.06","218164.55","131701.06"
"164","G20","90","318318.78","221862.6","131837.81"
"165","G21","1","63018.332","57556.227","131550.36"
"165","G21","2","62958.305","57586.438","131443.69"
"165","G21","3","62744.664","58078.133","131235.58"
"165","G21","4","62631.67","58796.42","131057.48"
"165","G21","5","62505.08","58966.566","131031.56"
"165","G21","6","62372.582","59138.043","131078.47"
"165","G21","7","62360.676","59317.715","131106.44"
"165","G21","8","62441.816","59420.285","131230.22"
"165","G21","9","62504.867","59538.773","131252.14"
"165","G21","10","62597.477","59658.195","131335.45"
"165","G21","11","62788.27","59660.348","131302.83"
"165","G21","12","62774.855","60009.01","131230.95"
"165","G21","13","62754.363","60117.11","131162.62"
"165","G21","14","62847.395","60031.08","131064.29"
"165","G21","15","62980.867","60173.793","131080.92"
"165","G21","16","63195.77","60355.55","131260.72"
"165","G21","17","63548.855","60389.81","131250.16"
"165","G21","18","64079.125","60496.92","131195.67"
"165","G21","19","65183.566","60940.37","131153.62"
"165","G21","20","66907.49","61377.35","131117.02"
"165","G21","21","70059.58","62135.684","131091.3"
"165","G21","22","74870.79","63874.594","131083.34"
"165","G21","23","81693.64","66332.46","131129.48"
"165","G21","24","90832.23","70249.45","131176.6"
"165","G21","25","100904.99","75288.72","131398.64"
"165","G21","26","111663.96","81580.89","131437.8"
"165","G21","27","122366.96","88679.08","131497.53"
"165","G21","28","132823.08","95714.055","131488.1"
"165","G21","29","142583.6","101822.836","131616.03"
"165","G21","30","151602.39","106921.89","131779.47"
"165","G21","31","159261.28","111115.03","131800.86"
"165","G21","32","165527.28","113697.77","131982.88"
"165","G21","33","170531.27","115392.31","131909.42"
"165","G21","34","174659.05","116117.18","131685.25"
"165","G21","35","177472.58","117045.61","131592.58"
"165","G21","36","179784.92","117685.305","131629.14"
"165","G21","37","181582.06","118051.65","131594.1"
"165","G21","38","182885.86","118480.805","131591.1"
"165","G21","39","184137.78","118966.305","131595.02"
"165","G21","40","185204.3","119319.3","131810.78"
"165","G21","41","186004.67","119513.734","131782.38"
"165","G21","42","186674.72","119856.74","131458.0"
"165","G21","43","187579.42","120518.06","131405.11"
"165","G21","44","188311.81","120933.15","131662.84"
"165","G21","45","188891.0","121044.36","131671.48"
"165","G21","46","189602.55","121095.664","131702.9"
"165","G21","47","189798.7","121339.44","131821.12"
"165","G21","48","190379.53","121455.04","131819.06"
"165","G21","49","190966.9","121645.445","131620.16"
"165","G21","50","191464.78","122214.91","131523.9"
"165","G21","51","191574.94","122510.97","131575.86"
"165","G21","52","191936.4","122942.14","131709.31"
"165","G21","53","192526.12","122899.15","131773.6"
"165","G21","54","192904.77","122954.92","131795.62"
"165","G21","55","193171.6","123148.836","131711.11"
"165","G21","56","193930.6","123998.52","131615.19"
"165","G21","57","194080.8","124303.53","131538.02"
"165","G21","58","194377.78","124211.516","131469.16"
"165","G21","59","194800.81","124424.38","131498.38"
"165","G21","60","195160.11","124720.08","131664.53"
"165","G21","61","195607.08","125092.96","131596.83"
"165","G21","62","195983.52","125189.5","131536.25"
"165","G21","63","196213.03","125448.414","131577.31"
"165","G21","64","196655.23","125463.08","131436.11"
"165","G21","65","196873.3","126073.1","131417.42"
"165","G21","66","197228.39","126524.734","131683.38"
"165","G21","67","197856.98","126786.16","131767.67"
"165","G21","68","198284.84","127684.13","131711.36"
"165","G21","69","198852.22","128592.22","131590.92"
"165","G21","70","199736.06","130174.98","131425.55"
"165","G21","71","200570.83","132312.89","131359.11"
"165","G21","72","201966.78","135550.81","131443.48"
"165","G21","73","203789.4","139394.89","131611.05"
"165","G21","74","205830.23","143953.72","131649.42"
"165","G21","75","208011.92","149041.4","131633.55"
"165","G21","76","210492.75","154202.73","131596.05"
"165","G21","77","213268.45","159737.78","131563.36"
"165","G21","78","216025.84","165280.27","131722.34"
"165","G21","79","218799.1","171267.61","131914.25"
"165","G21","80","222023.31","176978.53","131960.7"
"165","G21","81","225555.27","182633.88","132241.86"
"165","G21","82","229125.12","188653.1","132236.9"
"165","G21","83","232498.16","194213.44","132223.34"
"165","G21","84","236498.14","199461.56","132227.47"
"165","G21","85","240531.2","205284.97","132508.22"
"165","G21","86","244478.52","210556.28","132464.12"
"165","G21","87","248933.67","215988.05","132342.61"
"165","G21","88","253705.8","221317.64","132296.22"
"165","G21","89","258681.03","226547.25","132242.75"
"165","G21","90","262845.44","231195.06","132377.08"
"166","G22","1","62581.88","56403.91","132317.03"
"166","G22","2","62366.2","56494.793","131901.95"
"166","G22","3","61938.46","56956.164","131751.1"
"166","G22","4","61904.555","57181.29","131931.38"
"166","G22","5","62093.457","57588.984","131832.34"
"166","G22","6","62049.918","57896.76","131786.72"
"166","G22","7","62010.73","57946.9","131845.1"
"166","G22","8","62073.785","57950.035","131888.84"
"166","G22","9","62134.457","58149.836","131880.75"
"166","G22","10","62132.54","58303.152","131936.42"
"166","G22","11","62239.71","58503.42","131936.9"
"166","G22","12","62303.582","58550.605","131913.55"
"166","G22","13","62292.582","58612.027","131959.77"
"166","G22","14","62398.957","58675.152","131963.56"
"166","G22","15","62477.977","58578.14","131991.33"
"166","G22","16","62735.74","58627.98","131864.53"
"166","G22","17","63078.316","58829.21","131840.58"
"166","G22","18","63692.867","59053.234","131972.48"
"166","G22","19","64578.777","59515.95","131962.16"
"166","G22","20","66169.99","60010.01","131926.0"
"166","G22","21","69307.336","60795.883","131890.27"
"166","G22","22","74084.53","62359.105","131890.75"
"166","G22","23","80762.61","64795.715","131854.78"
"166","G22","24","89291.8","68703.83","131835.89"
"166","G22","25","99032.09","73849.18","131933.34"
"166","G22","26","109332.17","79948.87","132098.47"
"166","G22","27","119372.74","87112.64","132164.3"
"166","G22","28","128832.79","94227.164","132255.2"
"166","G22","29","137494.66","100658.805","132227.92"
"166","G22","30","145335.6","106336.21","132211.05"
"166","G22","31","152043.27","110894.61","132225.42"
"166","G22","32","157749.42","113903.516","132343.47"
"166","G22","33","162222.45","116109.37","132681.31"
"166","G22","34","165640.08","117718.94","132709.39"
"166","G22","35","168294.47","118642.11","132500.22"
"166","G22","36","170466.69","119344.336","132375.03"
"166","G22","37","172199.23","120150.58","132307.17"
"166","G22","38","173279.33","120871.06","132280.5"
"166","G22","39","174299.3","121136.52","132423.9"
"166","G22","40","175273.61","121453.65","132398.78"
"166","G22","41","176027.86","121788.875","132375.53"
"166","G22","42","176654.23","122501.41","132328.12"
"166","G22","43","177468.22","123245.16","132294.25"
"166","G22","44","177853.27","123729.26","132257.66"
"166","G22","45","178238.61","124036.11","132282.61"
"166","G22","46","178347.4","124503.27","132067.6"
"166","G22","47","178993.31","125032.96","132027.72"
"166","G22","48","179375.2","125524.414","132243.61"
"166","G22","49","179670.34","125746.13","132288.12"
"166","G22","50","180136.83","125649.73","132458.1"
"166","G22","51","180447.27","126153.11","132436.02"
"166","G22","52","180911.97","126837.195","132180.77"
"166","G22","53","181241.3","127035.234","132138.62"
"166","G22","54","181612.39","127260.164","132381.56"
"166","G22","55","182127.77","127354.65","132351.34"
"166","G22","56","182252.2","127492.42","132267.19"
"166","G22","57","182577.47","127884.36","132236.2"
"166","G22","58","182589.25","128354.72","132181.45"
"166","G22","59","182685.55","128891.09","132151.03"
"166","G22","60","183192.16","129263.53","132097.62"
"166","G22","61","183415.14","129647.234","132075.47"
"166","G22","62","183775.03","130047.89","131985.72"
"166","G22","63","183826.05","130347.97","131782.28"
"166","G22","64","184068.34","130793.17","131740.42"
"166","G22","65","184066.14","131328.9","131868.44"
"166","G22","66","184498.69","131501.27","132137.05"
"166","G22","67","184900.9","132358.98","132202.12"
"166","G22","68","185431.73","132283.06","132005.03"
"166","G22","69","185513.64","132927.45","131916.03"
"166","G22","70","185950.4","133711.8","131911.11"
"166","G22","71","186380.38","134592.78","131926.25"
"166","G22","72","186401.0","136297.42","131940.98"
"166","G22","73","187229.42","138258.55","132103.19"
"166","G22","74","187946.7","141178.62","132085.52"
"166","G22","75","188583.42","144851.9","132018.98"
"166","G22","76","189810.3","149542.08","132005.39"
"166","G22","77","191061.77","154594.81","132180.98"
"166","G22","78","192038.64","159771.64","132340.0"
"166","G22","79","193118.42","165387.61","132433.06"
"166","G22","80","195093.38","170807.67","132460.92"
"166","G22","81","196922.89","176502.92","132736.92"
"166","G22","82","198796.6","182286.61","132735.98"
"166","G22","83","200589.94","188031.84","132682.44"
"166","G22","84","202619.58","193656.16","132815.27"
"166","G22","85","204739.92","199030.94","132777.69"
"166","G22","86","206978.42","204169.78","132752.75"
"166","G22","87","209646.05","209573.25","132923.03"
"166","G22","88","212131.61","214860.36","133012.56"
"166","G22","89","214645.75","220060.53","133150.25"
"166","G22","90","217306.83","224598.64","133383.95"
"167","G23","1","67174.84","53799.64","107514.52"
"167","G23","2","67053.45","53845.6","107271.04"
"167","G23","3","66722.15","54477.06","106792.72"
"167","G23","4","66627.484","55180.043","106617.47"
"167","G23","5","66623.11","55493.184","106640.586"
"167","G23","6","66433.625","55606.375","106573.734"
"167","G23","7","66429.97","55974.94","106720.625"
"167","G23","8","66583.805","56207.777","107075.35"
"167","G23","9","66430.09","56428.01","107027.74"
"167","G23","10","66412.06","56652.355","106971.734"
"167","G23","11","66544.74","56676.914","107098.82"
"167","G23","12","66623.14","56658.793","107044.66"
"167","G23","13","66931.19","56696.52","106939.67"
"167","G23","14","67056.69","56571.83","107051.94"
"167","G23","15","67193.84","56509.3","107144.164"
"167","G23","16","67255.44","56851.836","106975.54"
"167","G23","17","67604.07","56880.766","106817.164"
"167","G23","18","68483.2","57171.67","106815.73"
"167","G23","19","69504.41","57486.18","106941.805"
"167","G23","20","71372.06","58140.004","106916.586"
"167","G23","21","74492.87","58855.742","106958.73"
"167","G23","22","79478.69","60415.92","106801.69"
"167","G23","23","86687.66","63249.98","106698.625"
"167","G23","24","95941.95","67331.03","106801.086"
"167","G23","25","106438.78","72523.73","106604.51"
"167","G23","26","117340.14","78885.12","106384.13"
"167","G23","27","127641.664","85861.28","106142.15"
"167","G23","28","137166.83","93089.27","105872.8"
"167","G23","29","145624.23","99277.51","105739.375"
"167","G23","30","153181.47","104533.17","105713.67"
"167","G23","31","159476.53","109050.57","105813.31"
"167","G23","32","164902.23","112489.84","105953.77"
"167","G23","33","169282.08","114375.04","105939.7"
"167","G23","34","172208.61","115740.055","105688.81"
"167","G23","35","174846.77","116649.19","105558.46"
"167","G23","36","176916.23","117852.0","105523.15"
"167","G23","37","178632.02","118283.11","105525.414"
"167","G23","38","179774.8","118868.24","105508.31"
"167","G23","39","180512.7","119490.1","105594.914"
"167","G23","40","181133.55","120070.94","105570.38"
"167","G23","41","182101.67","120562.8","105629.11"
"167","G23","42","182881.14","120747.66","105697.18"
"167","G23","43","183571.12","121263.53","105505.85"
"167","G23","44","183834.28","121976.445","105416.055"
"167","G23","45","184440.75","122257.14","105521.57"
"167","G23","46","184917.75","122690.67","105728.34"
"167","G23","47","185166.97","122736.49","105664.875"
"167","G23","48","185427.47","123143.42","105582.76"
"167","G23","49","185873.97","123451.266","105544.51"
"167","G23","50","186166.64","123994.445","105313.266"
"167","G23","51","186552.69","124574.06","105231.63"
"167","G23","52","186576.36","124833.95","105308.21"
"167","G23","53","187006.89","124901.3","105378.79"
"167","G23","54","187375.72","125112.195","105387.54"
"167","G23","55","187673.52","125677.555","105507.48"
"167","G23","56","187873.4","125866.19","105349.88"
"167","G23","57","188281.6","126197.27","105254.55"
"167","G23","58","188571.17","126376.04","105223.88"
"167","G23","59","188745.84","126684.58","105233.49"
"167","G23","60","189055.27","126882.69","105426.43"
"167","G23","61","189160.9","126772.95","105440.3"
"167","G23","62","189242.23","127480.78","105392.09"
"167","G23","63","189386.58","127787.984","105389.82"
"167","G23","64","189760.69","128378.46","105237.7"
"167","G23","65","190029.34","128654.47","105186.164"
"167","G23","66","190179.64","128992.99","105289.0"
"167","G23","67","190406.14","129379.63","105365.79"
"167","G23","68","190452.11","129898.33","105324.195"
"167","G23","69","190547.27","130004.5","105082.85"
"167","G23","70","190795.98","130175.26","105018.75"
"167","G23","71","191371.55","130519.04","105061.75"
"167","G23","72","191503.58","131307.58","105091.68"
"167","G23","73","191792.06","132305.2","105229.66"
"167","G23","74","191962.75","133787.45","105158.875"
"167","G23","75","192479.97","135412.23","105136.836"
"167","G23","76","192499.66","138033.62","105282.73"
"167","G23","77","192674.94","141681.42","105344.41"
"167","G23","78","192994.44","146017.55","105249.1"
"167","G23","79","193106.03","151130.81","105012.2"
"167","G23","80","193618.03","156944.36","105008.42"
"167","G23","81","194041.72","163170.06","105282.44"
"167","G23","82","194535.6","169719.31","105516.35"
"167","G23","83","195044.38","176579.19","105384.57"
"167","G23","84","195534.81","183319.12","105332.484"
"167","G23","85","196492.4","189927.2","105466.375"
"167","G23","86","197090.14","195985.88","105441.06"
"167","G23","87","197785.27","202763.94","105388.375"
"167","G23","88","198897.92","209620.48","105356.62"
"167","G23","89","199907.61","216413.55","105465.07"
"167","G23","90","200741.77","221969.75","105561.48"
"168","G24","1","69862.74","61359.67","132618.2"
"168","G24","2","69605.14","61413.57","132355.72"
"168","G24","3","69150.24","62054.707","132071.92"
"168","G24","4","68962.766","62468.305","132063.64"
"168","G24","5","68724.42","62793.05","132186.77"
"168","G24","6","68724.18","63306.008","132149.44"
"168","G24","7","68920.85","63430.098","132124.33"
"168","G24","8","68819.17","63670.21","132207.08"
"168","G24","9","68788.266","63666.227","132329.69"
"168","G24","10","68916.484","63886.34","132309.25"
"168","G24","11","69009.375","64077.836","132260.72"
"168","G24","12","69160.36","64070.496","132246.81"
"168","G24","13","69137.336","64123.79","132232.88"
"168","G24","14","69104.97","64385.95","132296.53"
"168","G24","15","69157.82","64250.742","132293.81"
"168","G24","16","69427.9","64098.785","132364.34"
"168","G24","17","69812.56","64332.453","132377.03"
"168","G24","18","70339.36","64924.637","132234.73"
"168","G24","19","71368.55","65172.76","132183.05"
"168","G24","20","73134.79","65651.53","132251.48"
"168","G24","21","76445.29","66429.27","132368.53"
"168","G24","22","81348.77","67947.22","132504.47"
"168","G24","23","88599.586","70662.56","132488.44"
"168","G24","24","97576.07","74734.33","132340.86"
"168","G24","25","107870.59","80076.54","132315.75"
"168","G24","26","118522.99","86599.28","132511.22"
"168","G24","27","128581.83","93818.18","132587.08"
"168","G24","28","138215.69","100806.52","132622.83"
"168","G24","29","146999.34","107138.52","132873.12"
"168","G24","30","154139.14","112919.26","133053.69"
"168","G24","31","160214.95","117398.79","133084.11"
"168","G24","32","165068.0","120997.055","133027.86"
"168","G24","33","169266.38","123103.19","133072.98"
"168","G24","34","172376.89","124884.04","133014.19"
"168","G24","35","174753.08","126043.85","132999.23"
"168","G24","36","176580.27","126785.586","133008.6"
"168","G24","37","177936.08","127748.97","133084.16"
"168","G24","38","178832.78","128127.5","132899.73"
"168","G24","39","179868.81","128824.67","132842.77"
"168","G24","40","180408.61","129597.88","133065.5"
"168","G24","41","180877.47","130180.836","133049.73"
"168","G24","42","181813.52","130405.98","133057.25"
"168","G24","43","182299.86","130785.45","133088.94"
"168","G24","44","182615.11","131216.38","133035.19"
"168","G24","45","182909.1","131657.34","133065.61"
"168","G24","46","183345.36","132005.06","132983.58"
"168","G24","47","183590.14","132242.42","132908.86"
"168","G24","48","183902.3","132580.86","132952.64"
"168","G24","49","184144.89","133099.97","133013.1"
"168","G24","50","184245.52","133570.92","133169.67"
"168","G24","51","184416.3","134099.69","133166.77"
"168","G24","52","184448.78","134491.3","133117.16"
"168","G24","53","184644.62","134786.77","133118.12"
"168","G24","54","184882.75","134913.03","132963.69"
"168","G24","55","184909.31","135272.56","132875.8"
"168","G24","56","185372.53","135497.89","132962.52"
"168","G24","57","185536.45","136290.55","133000.23"
"168","G24","58","185624.75","136503.5","132947.88"
"168","G24","59","186077.9","136635.34","132890.28"
"168","G24","60","186384.17","137011.3","132959.8"
"168","G24","61","186608.52","137005.31","132861.81"
"168","G24","62","186729.72","137589.02","132776.64"
"168","G24","63","186964.25","138096.38","132791.72"
"168","G24","64","186962.64","138181.11","132701.92"
"168","G24","65","186911.23","138553.8","132657.56"
"168","G24","66","187129.88","138806.44","132791.0"
"168","G24","67","187324.64","139207.89","132784.3"
"168","G24","68","187266.1","139330.23","132856.88"
"168","G24","69","187585.69","139782.58","132850.17"
"168","G24","70","187977.05","140060.31","132789.92"
"168","G24","71","187967.83","140419.62","132717.73"
"168","G24","72","188230.84","140377.11","132789.1"
"168","G24","73","188416.08","140971.95","133029.16"
"168","G24","74","188486.16","141432.81","132982.1"
"168","G24","75","188453.06","141840.0","132835.31"
"168","G24","76","188689.03","142274.52","132754.52"
"168","G24","77","189053.05","142737.89","132786.77"
"168","G24","78","188816.64","143619.47","132749.58"
"168","G24","79","188730.55","144422.62","132834.28"
"168","G24","80","188960.9","145693.55","132975.98"
"168","G24","81","189061.98","147604.19","132956.38"
"168","G24","82","189390.23","150067.52","132964.3"
"168","G24","83","189348.02","153441.7","132762.7"
"168","G24","84","189326.55","157844.12","132704.69"
"168","G24","85","189380.11","163154.69","132982.03"
"168","G24","86","189182.5","169076.02","133261.66"
"168","G24","87","189203.83","175286.72","133244.0"
"168","G24","88","189125.83","181860.19","133154.14"
"168","G24","89","188973.84","188389.06","133281.95"
"168","G24","90","189170.75","193920.23","133713.69"
"169","H1","1","48821.55","58311.207","141382.25"
"169","H1","2","48438.008","58326.594","141133.16"
"169","H1","3","48120.66","58580.797","140835.14"
"169","H1","4","47912.64","58944.42","140568.14"
"169","H1","5","47855.04","59109.79","140262.36"
"169","H1","6","47844.746","59369.44","140115.64"
"169","H1","7","47889.207","59422.047","140172.62"
"169","H1","8","48149.574","59662.734","140359.22"
"169","H1","9","48672.695","59889.387","140339.92"
"169","H1","10","49963.914","59874.324","140309.73"
"169","H1","11","52147.51","60104.44","140260.8"
"169","H1","12","55753.45","60613.594","140250.08"
"169","H1","13","61945.29","61195.32","140187.88"
"169","H1","14","72064.484","62056.816","140145.88"
"169","H1","15","86395.57","63328.785","140148.42"
"169","H1","16","104586.17","65490.1","140061.02"
"169","H1","17","126086.586","68561.086","140053.86"
"169","H1","18","150200.48","72273.11","140125.75"
"169","H1","19","174118.48","76905.79","140023.95"
"169","H1","20","195638.66","81146.33","139934.47"
"169","H1","21","213894.38","84328.97","139989.2"
"169","H1","22","229188.39","86363.32","139926.22"
"169","H1","23","241606.73","88139.055","139927.92"
"169","H1","24","251882.3","89068.85","139976.47"
"169","H1","25","261141.81","89670.8","139861.2"
"169","H1","26","268674.9","90194.07","139809.7"
"169","H1","27","274889.84","90591.04","140014.03"
"169","H1","28","279266.56","91186.97","140010.78"
"169","H1","29","283205.12","91516.17","139925.9"
"169","H1","30","286587.12","91760.73","139935.84"
"169","H1","31","289352.4","91880.06","139885.52"
"169","H1","32","291624.97","92066.51","139920.86"
"169","H1","33","293323.0","92462.58","139836.64"
"169","H1","34","294838.6","92589.77","139749.98"
"169","H1","35","296348.44","92840.555","139778.73"
"169","H1","36","297780.56","92873.77","139849.2"
"169","H1","37","299526.9","93012.23","139734.2"
"169","H1","38","299863.03","93491.305","139623.11"
"169","H1","39","300463.3","93633.35","139598.03"
"169","H1","40","301473.66","93807.21","139656.97"
"169","H1","41","302299.12","93885.484","139648.9"
"169","H1","42","303291.97","93975.945","139606.83"
"169","H1","43","304282.38","94148.53","139590.36"
"169","H1","44","305132.97","94258.664","139647.47"
"169","H1","45","305931.84","94198.87","139736.47"
"169","H1","46","306663.7","94411.67","139754.36"
"169","H1","47","307463.03","94582.63","139666.64"
"169","H1","48","307818.2","94760.02","139576.84"
"169","H1","49","308527.8","94747.984","139548.44"
"169","H1","50","309252.72","94974.03","139486.06"
"169","H1","51","309682.62","95187.99","139494.92"
"169","H1","52","310635.22","95190.16","139514.48"
"169","H1","53","311202.3","95388.78","139455.48"
"169","H1","54","311667.28","95529.805","139425.48"
"169","H1","55","312705.12","95831.51","139343.17"
"169","H1","56","313649.0","96149.06","139220.5"
"169","H1","57","314424.1","96592.98","139177.98"
"169","H1","58","315838.8","96998.33","139274.89"
"169","H1","59","317228.66","97755.37","139274.89"
"169","H1","60","319051.06","98802.055","139342.95"
"169","H1","61","321561.34","99954.164","139433.94"
"169","H1","62","323938.06","101843.74","139400.19"
"169","H1","63","327791.78","104065.44","139354.31"
"169","H1","64","332944.5","106784.87","139313.95"
"169","H1","65","338193.72","109992.49","139345.98"
"169","H1","66","343286.94","113740.06","139182.12"
"169","H1","67","349205.53","117728.3","139120.84"
"169","H1","68","356432.84","121890.72","139203.2"
"169","H1","69","363380.62","126376.87","139166.02"
"169","H1","70","370657.72","130867.586","139125.05"
"169","H1","71","378308.38","135551.28","139171.9"
"169","H1","72","385923.47","140526.42","139179.88"
"169","H1","73","393699.0","145460.25","139305.06"
"169","H1","74","401689.0","150250.73","139254.89"
"169","H1","75","409168.34","155459.81","139188.89"
"169","H1","76","417036.9","160714.94","139202.45"
"169","H1","77","424484.47","166348.98","139267.55"
"169","H1","78","431578.47","171909.9","139339.58"
"169","H1","79","438840.25","177285.98","139292.27"
"169","H1","80","446627.72","182553.78","139160.81"
"169","H1","81","453822.44","188230.88","139114.16"
"169","H1","82","460214.8","194100.55","139196.98"
"169","H1","83","467044.53","199452.92","139205.58"
"169","H1","84","474056.1","205014.97","139249.1"
"169","H1","85","480071.34","210987.0","139297.77"
"169","H1","86","485085.28","216599.16","139260.05"
"169","H1","87","490918.6","221852.88","139137.66"
"169","H1","88","496554.47","227109.36","138875.89"
"169","H1","89","501305.78","232382.03","138831.66"
"169","H1","90","505704.8","236755.06","138913.3"
"170","H2","1","64641.18","58166.31","136700.05"
"170","H2","2","64453.83","58168.55","136318.48"
"170","H2","3","64097.83","58283.027","136028.64"
"170","H2","4","63740.28","58623.754","135866.86"
"170","H2","5","63691.2","58820.492","135776.95"
"170","H2","6","63814.758","59027.68","135713.6"
"170","H2","7","63906.0","59157.47","135587.6"
"170","H2","8","64143.477","59194.34","135547.06"
"170","H2","9","64551.44","59332.703","135609.95"
"170","H2","10","65542.26","59544.117","135613.84"
"170","H2","11","67329.914","59718.285","135622.44"
"170","H2","12","70623.27","60086.742","135702.72"
"170","H2","13","76211.01","60702.305","135621.97"
"170","H2","14","84725.44","61504.18","135587.44"
"170","H2","15","96796.914","62814.71","135670.66"
"170","H2","16","112036.53","64875.926","135658.69"
"170","H2","17","129407.74","68117.28","135622.64"
"170","H2","18","148388.73","72599.46","135642.14"
"170","H2","19","168538.61","77996.06","135630.62"
"170","H2","20","188171.6","83913.375","135685.66"
"170","H2","21","206193.33","88932.36","135729.0"
"170","H2","22","221999.17","92687.414","135926.11"
"170","H2","23","233742.78","95031.89","135865.83"
"170","H2","24","243473.83","96642.734","135786.42"
"170","H2","25","252168.1","97669.984","135757.34"
"170","H2","26","259025.83","98471.06","135771.23"
"170","H2","27","265106.75","99138.55","136009.34"
"170","H2","28","269389.97","99751.57","136051.88"
"170","H2","29","273039.7","100425.76","135999.84"
"170","H2","30","275552.12","100882.805","136009.64"
"170","H2","31","277840.22","101224.19","135895.27"
"170","H2","32","279860.97","101521.15","135810.19"
"170","H2","33","282136.88","101520.055","135774.11"
"170","H2","34","283701.9","101754.68","135722.33"
"170","H2","35","284778.34","102055.31","135724.12"
"170","H2","36","285995.03","102409.6","135801.7"
"170","H2","37","286943.34","102478.03","135826.83"
"170","H2","38","287892.28","102597.15","135788.0"
"170","H2","39","289571.72","102665.516","135785.2"
"170","H2","40","290457.94","102924.95","135689.44"
"170","H2","41","291243.97","103116.35","135649.52"
"170","H2","42","291731.5","103333.445","135723.34"
"170","H2","43","292504.3","103420.75","135726.38"
"170","H2","44","293153.3","103802.7","135806.16"
"170","H2","45","294008.94","103993.29","135772.56"
"170","H2","46","294819.53","104062.82","135744.11"
"170","H2","47","295353.0","104163.86","135820.67"
"170","H2","48","295672.9","104322.94","135915.7"
"170","H2","49","296395.56","104471.86","135824.95"
"170","H2","50","297356.66","104639.086","135739.19"
"170","H2","51","297580.97","104788.3","135676.45"
"170","H2","52","297934.72","105071.8","135648.14"
"170","H2","53","298873.62","105258.97","135738.66"
"170","H2","54","299825.47","105459.8","135803.16"
"170","H2","55","300430.97","105582.555","135729.55"
"170","H2","56","300614.6","105746.54","135459.72"
"170","H2","57","301166.28","106087.734","135407.38"
"170","H2","58","302035.66","106445.24","135464.72"
"170","H2","59","302857.94","107066.9","135473.92"
"170","H2","60","304051.72","107753.46","135536.61"
"170","H2","61","305449.22","108461.25","135574.22"
"170","H2","62","307153.16","109796.195","135570.22"
"170","H2","63","309979.47","111621.11","135638.2"
"170","H2","64","313018.88","114081.25","135652.9"
"170","H2","65","316694.12","117168.41","135764.67"
"170","H2","66","321516.25","120957.23","135785.88"
"170","H2","67","327226.9","125252.63","135918.17"
"170","H2","68","333510.06","130123.26","135908.95"
"170","H2","69","339616.9","135670.8","135863.72"
"170","H2","70","346351.25","141223.27","135927.73"
"170","H2","71","353388.3","146884.55","135967.33"
"170","H2","72","359995.25","153127.06","135809.47"
"170","H2","73","367254.88","158982.75","135762.11"
"170","H2","74","374700.62","164821.73","135908.83"
"170","H2","75","381179.4","171149.02","135958.6"
"170","H2","76","387955.5","177067.05","136110.17"
"170","H2","77","394872.06","183261.69","136260.75"
"170","H2","78","401461.53","189382.88","136262.17"
"170","H2","79","409007.4","195573.42","136312.98"
"170","H2","80","415917.2","201382.44","136277.31"
"170","H2","81","422532.88","207323.8","136310.23"
"170","H2","82","428998.6","213353.0","136289.97"
"170","H2","83","435155.75","219051.31","136249.61"
"170","H2","84","441024.16","224894.55","136287.61"
"170","H2","85","447484.62","230959.62","136571.92"
"170","H2","86","453823.78","235907.23","136687.36"
"170","H2","87","459431.62","241782.42","136593.22"
"170","H2","88","464856.12","247842.6","136514.06"
"170","H2","89","470430.94","253026.19","136607.28"
"170","H2","90","474734.4","256858.08","136744.75"
"171","H3","1","60180.11","58509.52","131873.5"
"171","H3","2","59906.0","58525.023","131718.73"
"171","H3","3","59613.133","58752.88","131322.06"
"171","H3","4","59501.152","59028.35","131051.305"
"171","H3","5","59476.777","59227.23","130846.14"
"171","H3","6","59488.875","59425.53","130645.39"
"171","H3","7","59629.68","59587.277","130505.18"
"171","H3","8","59978.438","59664.18","130578.84"
"171","H3","9","60313.324","59953.965","130697.15"
"171","H3","10","61339.36","60147.438","130678.41"
"171","H3","11","63035.66","60493.863","130665.125"
"171","H3","12","66024.305","60800.25","130555.76"
"171","H3","13","71120.57","61255.76","130598.16"
"171","H3","14","79092.93","62059.05","130704.6"
"171","H3","15","89817.05","63268.055","130679.05"
"171","H3","16","103091.06","65544.56","130674.78"
"171","H3","17","117893.99","68886.016","130402.586"
"171","H3","18","133299.92","73694.55","130217.75"
"171","H3","19","148867.92","80068.44","130244.44"
"171","H3","20","164465.94","87352.48","130147.67"
"171","H3","21","179604.03","94518.0","130168.14"
"171","H3","22","193513.38","100409.336","130108.18"
"171","H3","23","206018.4","104834.59","129919.4"
"171","H3","24","216582.0","107660.23","129765.33"
"171","H3","25","224676.78","109308.96","129787.36"
"171","H3","26","231642.95","110515.97","129729.18"
"171","H3","27","236941.03","111477.0","129597.28"
"171","H3","28","241437.53","112174.555","129615.19"
"171","H3","29","245095.55","112702.67","129691.695"
"171","H3","30","247973.69","113348.55","129744.625"
"171","H3","31","249575.64","113839.81","129791.69"
"171","H3","32","252010.23","114160.1","129712.3"
"171","H3","33","253694.23","114450.77","129805.92"
"171","H3","34","255006.9","114656.86","129762.31"
"171","H3","35","256283.28","114981.84","129610.24"
"171","H3","36","257341.83","115306.336","129486.6"
"171","H3","37","258267.1","115501.38","129572.59"
"171","H3","38","259116.42","115701.695","129614.586"
"171","H3","39","259904.66","115915.34","129680.13"
"171","H3","40","260726.77","116269.73","129649.81"
"171","H3","41","261613.47","116109.945","129576.29"
"171","H3","42","262380.53","116368.51","129428.99"
"171","H3","43","262955.53","116736.72","129321.44"
"171","H3","44","263623.8","117027.95","129299.14"
"171","H3","45","264597.0","117068.945","129577.8"
"171","H3","46","265118.0","117262.016","129567.33"
"171","H3","47","265511.28","117621.94","129548.87"
"171","H3","48","266435.6","117821.664","129522.34"
"171","H3","49","267268.25","117785.65","129401.24"
"171","H3","50","267361.78","117922.414","129411.72"
"171","H3","51","267696.38","118096.37","129532.914"
"171","H3","52","268318.06","118454.51","129530.07"
"171","H3","53","269066.9","118638.266","129443.19"
"171","H3","54","269304.5","118761.734","129320.586"
"171","H3","55","269360.53","119024.99","129330.555"
"171","H3","56","270141.47","119323.4","129290.46"
"171","H3","57","270798.34","119487.74","129228.266"
"171","H3","58","271121.62","119789.055","129236.59"
"171","H3","59","271973.1","119903.02","129205.57"
"171","H3","60","273065.75","120356.875","129239.77"
"171","H3","61","273663.8","121048.0","129260.375"
"171","H3","62","274114.5","121789.94","129147.08"
"171","H3","63","275711.44","123005.04","129066.516"
"171","H3","64","278482.25","124413.6","128977.79"
"171","H3","65","281298.9","126606.25","129058.96"
"171","H3","66","283884.62","129747.65","129014.83"
"171","H3","67","287300.97","133564.03","128785.9"
"171","H3","68","291245.72","138421.14","128691.46"
"171","H3","69","296788.56","144029.31","128870.12"
"171","H3","70","302437.44","149934.08","128821.06"
"171","H3","71","307526.3","156134.14","128701.99"
"171","H3","72","312941.12","162818.16","128679.516"
"171","H3","73","318236.28","169575.17","128619.0"
"171","H3","74","323822.53","176650.36","128490.2"
"171","H3","75","329483.0","183554.1","128359.73"
"171","H3","76","334846.2","190343.58","128253.34"
"171","H3","77","340048.4","197417.84","128168.34"
"171","H3","78","345533.22","204300.38","128179.3"
"171","H3","79","350720.3","210791.42","128100.69"
"171","H3","80","355425.47","217400.11","128017.7"
"171","H3","81","360802.38","223912.2","127922.01"
"171","H3","82","367098.7","230047.55","127837.2"
"171","H3","83","371752.62","236000.28","127716.35"
"171","H3","84","377689.56","241941.66","127507.16"
"171","H3","85","382567.03","248066.97","127416.06"
"171","H3","86","387345.2","253900.3","127352.164"
"171","H3","87","392677.03","259282.45","127231.93"
"171","H3","88","397590.8","264368.12","127207.84"
"171","H3","89","402131.7","269667.66","127261.55"
"171","H3","90","406233.06","273977.34","127383.516"
"172","H4","1","60603.27","57473.125","130538.34"
"172","H4","2","60428.227","57498.414","130335.53"
"172","H4","3","60066.957","57819.86","129887.945"
"172","H4","4","59930.9","58063.89","129443.66"
"172","H4","5","59799.055","58214.22","129328.58"
"172","H4","6","59813.582","58491.11","129347.42"
"172","H4","7","60010.816","58568.242","129376.516"
"172","H4","8","60165.45","58681.086","129426.445"
"172","H4","9","60667.074","58961.2","129411.08"
"172","H4","10","61644.9","59034.652","129385.8"
"172","H4","11","63271.08","59306.33","129425.59"
"172","H4","12","66305.68","59594.78","129409.016"
"172","H4","13","71152.07","60022.035","129429.195"
"172","H4","14","78831.836","60777.938","129439.29"
"172","H4","15","89358.72","62169.41","129386.63"
"172","H4","16","102161.4","64260.08","129235.734"
"172","H4","17","115934.03","67465.69","129211.52"
"172","H4","18","129761.18","72143.87","129310.29"
"172","H4","19","143449.97","78374.74","129493.33"
"172","H4","20","156849.47","86044.6","129536.695"
"172","H4","21","169744.83","94238.15","129541.31"
"172","H4","22","182503.27","101655.984","129704.17"
"172","H4","23","193685.77","107517.13","129681.234"
"172","H4","24","203022.66","111645.484","129620.83"
"172","H4","25","210876.94","114359.02","129649.49"
"172","H4","26","218052.7","115795.39","129839.36"
"172","H4","27","223013.56","116934.82","129878.75"
"172","H4","28","227628.03","117847.9","129893.445"
"172","H4","29","231017.58","118352.72","129948.445"
"172","H4","30","233604.67","118791.89","129912.78"
"172","H4","31","235697.28","119329.84","129846.61"
"172","H4","32","237266.48","119797.14","129876.37"
"172","H4","33","238685.89","120144.46","129926.016"
"172","H4","34","239751.97","120388.02","129922.984"
"172","H4","35","241330.67","120524.59","129766.67"
"172","H4","36","242610.6","120926.17","129698.97"
"172","H4","37","243537.88","121397.664","129785.2"
"172","H4","38","244326.84","121918.84","129785.26"
"172","H4","39","245261.11","122119.12","129800.47"
"172","H4","40","245694.11","122110.26","129864.77"
"172","H4","41","245397.05","122350.41","129810.445"
"172","H4","42","246834.45","122509.945","129603.73"
"172","H4","43","248317.06","122588.06","129562.57"
"172","H4","44","248799.36","122926.05","129779.76"
"172","H4","45","249189.05","123071.945","129886.19"
"172","H4","46","249314.1","123179.83","129847.42"
"172","H4","47","249617.17","123347.71","129839.836"
"172","H4","48","250320.58","123631.83","129699.05"
"172","H4","49","250880.02","123799.79","129627.8"
"172","H4","50","251520.66","123993.36","129721.75"
"172","H4","51","251867.14","124471.51","129887.47"
"172","H4","52","251983.39","124617.945","129870.555"
"172","H4","53","252979.7","125008.7","129807.62"
"172","H4","54","253525.8","125322.2","129644.42"
"172","H4","55","253841.34","125769.25","129472.516"
"172","H4","56","254468.95","126344.484","129442.414"
"172","H4","57","255717.1","126879.234","129604.93"
"172","H4","58","257150.42","127675.48","129660.484"
"172","H4","59","258585.5","129091.15","129545.05"
"172","H4","60","260447.08","131105.48","129409.195"
"172","H4","61","262413.16","133634.94","129386.68"
"172","H4","62","265140.16","136516.8","129526.07"
"172","H4","63","268455.47","140450.05","129612.555"
"172","H4","64","271920.72","144825.9","129721.52"
"172","H4","65","276170.47","150405.36","129586.32"
"172","H4","66","280598.06","156768.81","129565.875"
"172","H4","67","284461.3","163385.47","129801.016"
"172","H4","68","288793.8","169866.36","129817.06"
"172","H4","69","293223.06","176405.95","129849.93"
"172","H4","70","297621.0","183543.34","129854.75"
"172","H4","71","302127.56","190249.5","130039.266"
"172","H4","72","306301.56","197024.69","130069.42"
"172","H4","73","310425.62","203407.73","130239.43"
"172","H4","74","314372.44","210327.66","130312.18"
"172","H4","75","318959.34","216746.94","130284.74"
"172","H4","76","323279.88","222955.23","130286.06"
"172","H4","77","327438.4","229301.27","130486.64"
"172","H4","78","331074.22","235511.48","130729.49"
"172","H4","79","335387.72","241017.12","130683.02"
"172","H4","80","339790.6","246529.12","130629.44"
"172","H4","81","344053.34","252107.56","130561.01"
"172","H4","82","348553.78","257250.53","130677.67"
"172","H4","83","352614.9","262363.88","130806.14"
"172","H4","84","356422.7","267266.44","130816.125"
"172","H4","85","361036.53","271559.12","130898.2"
"172","H4","86","365686.03","275876.78","130989.61"
"172","H4","87","369598.47","279933.97","130941.27"
"172","H4","88","373559.16","283703.84","130898.46"
"172","H4","89","377688.53","287148.56","130858.21"
"172","H4","90","380542.84","290035.75","130926.29"
"173","H5","1","61978.945","57549.47","134146.73"
"173","H5","2","61864.09","57587.78","133785.66"
"173","H5","3","61547.86","58079.504","133516.5"
"173","H5","4","61364.133","58498.72","133331.28"
"173","H5","5","61339.21","58701.043","133146.73"
"173","H5","6","61377.617","58886.035","133090.62"
"173","H5","7","61426.48","58852.83","133103.86"
"173","H5","8","61611.69","58938.773","133085.89"
"173","H5","9","62195.95","59190.773","133082.53"
"173","H5","10","63127.812","59588.727","133066.72"
"173","H5","11","64794.812","59890.188","133098.45"
"173","H5","12","67717.445","60201.312","133159.23"
"173","H5","13","72810.21","60613.93","133147.88"
"173","H5","14","80716.97","61404.914","133092.47"
"173","H5","15","91525.91","62596.96","133001.64"
"173","H5","16","104603.88","64558.773","132994.31"
"173","H5","17","118445.02","67571.27","133052.16"
"173","H5","18","132521.4","72072.086","133086.77"
"173","H5","19","145568.0","78606.83","133282.19"
"173","H5","20","157642.92","86588.305","133508.92"
"173","H5","21","169290.1","95344.91","133677.52"
"173","H5","22","180350.17","103523.95","133728.45"
"173","H5","23","190394.89","110705.41","133831.25"
"173","H5","24","199283.83","116308.57","133696.38"
"173","H5","25","207148.88","120208.57","133625.08"
"173","H5","26","213683.81","122577.74","133722.9"
"173","H5","27","218851.83","123900.34","133744.9"
"173","H5","28","223156.45","124952.53","133922.97"
"173","H5","29","226329.08","125512.11","133777.66"
"173","H5","30","228798.03","126234.17","133701.36"
"173","H5","31","230962.78","126950.61","133840.84"
"173","H5","32","232940.8","127230.42","133850.77"
"173","H5","33","234250.16","127666.625","133808.66"
"173","H5","34","235658.2","127939.055","133913.3"
"173","H5","35","236507.34","128383.85","133887.0"
"173","H5","36","237270.56","128824.04","133939.98"
"173","H5","37","238582.4","129331.73","133961.75"
"173","H5","38","239365.16","129564.4","133934.08"
"173","H5","39","239702.22","129500.53","133861.92"
"173","H5","40","240829.89","129862.586","133871.03"
"173","H5","41","240484.38","130332.98","133864.62"
"173","H5","42","241324.97","130323.88","133890.77"
"173","H5","43","241715.39","130513.89","133877.48"
"173","H5","44","242713.55","130714.44","133977.28"
"173","H5","45","243278.19","130871.6","133858.0"
"173","H5","46","243695.81","131039.28","133776.9"
"173","H5","47","244077.88","131396.4","133847.56"
"173","H5","48","244679.81","131681.64","133798.73"
"173","H5","49","245251.44","131945.23","133782.67"
"173","H5","50","245375.83","132419.34","133770.0"
"173","H5","51","245903.45","132734.75","133700.14"
"173","H5","52","246470.89","132847.98","133667.89"
"173","H5","53","246683.95","132791.88","133591.86"
"173","H5","54","246704.5","133032.83","133552.27"
"173","H5","55","246995.12","133003.44","133668.1"
"173","H5","56","246944.69","133455.53","133618.23"
"173","H5","57","247674.06","133577.02","133563.05"
"173","H5","58","247887.48","133702.38","133641.6"
"173","H5","59","248229.81","134129.42","133657.66"
"173","H5","60","248648.56","134082.34","133709.84"
"173","H5","61","249216.98","133983.53","133683.02"
"173","H5","62","249197.22","134484.64","133743.23"
"173","H5","63","249377.92","134793.89","133692.98"
"173","H5","64","250301.58","135218.94","133696.84"
"173","H5","65","250513.38","135518.22","133783.81"
"173","H5","66","251076.8","135906.47","133629.22"
"173","H5","67","252051.98","136525.89","133568.08"
"173","H5","68","252528.58","137027.31","133694.34"
"173","H5","69","253166.73","138686.9","133589.19"
"173","H5","70","254741.33","140755.95","133555.03"
"173","H5","71","256159.33","143109.38","133760.4"
"173","H5","72","257641.02","145932.38","133774.3"
"173","H5","73","259480.94","150080.88","133865.02"
"173","H5","74","261981.31","155416.23","133895.72"
"173","H5","75","265256.72","161154.3","133972.17"
"173","H5","76","267949.56","167820.38","133946.78"
"173","H5","77","271244.66","175238.2","134055.25"
"173","H5","78","273887.3","182808.64","134138.88"
"173","H5","79","276094.53","190580.62","134301.31"
"173","H5","80","279238.06","198048.98","134461.92"
"173","H5","81","282286.94","205590.92","134513.11"
"173","H5","82","284914.1","213096.3","134432.9"
"173","H5","83","287368.12","220509.6","134361.1"
"173","H5","84","290039.5","227183.53","134545.75"
"173","H5","85","293147.1","233638.28","134742.28"
"173","H5","86","295822.94","240216.66","134746.55"
"173","H5","87","298277.1","246948.8","134752.17"
"173","H5","88","301417.16","252503.94","134789.64"
"173","H5","89","304238.78","258132.78","134693.42"
"173","H5","90","307374.72","262794.72","134656.89"
"174","H6","1","62555.86","57676.105","133948.38"
"174","H6","2","62398.035","57698.723","133779.39"
"174","H6","3","62101.09","57972.926","133581.16"
"174","H6","4","61974.58","58151.195","133371.33"
"174","H6","5","61829.25","58382.734","133272.11"
"174","H6","6","61836.766","58780.676","133253.31"
"174","H6","7","62069.72","58888.164","133183.81"
"174","H6","8","62366.992","59094.0","133031.69"
"174","H6","9","62677.965","59215.45","132921.36"
"174","H6","10","63648.73","59496.617","132908.12"
"174","H6","11","65451.227","59519.5","133003.69"
"174","H6","12","68503.42","59728.953","133017.55"
"174","H6","13","73607.836","60200.938","133088.95"
"174","H6","14","81391.305","60871.434","133079.0"
"174","H6","15","91958.98","62061.445","133107.66"
"174","H6","16","104986.42","64051.05","133102.3"
"174","H6","17","118889.12","67081.77","133068.27"
"174","H6","18","132611.89","71664.5","133086.0"
"174","H6","19","145366.05","78232.55","133116.34"
"174","H6","20","157369.05","86069.09","133326.02"
"174","H6","21","168544.56","94869.164","133378.12"
"174","H6","22","179176.47","103238.54","133286.66"
"174","H6","23","188941.73","110808.23","133246.34"
"174","H6","24","197839.83","116336.61","133353.1"
"174","H6","25","205400.47","120394.83","133382.39"
"174","H6","26","211742.22","123122.28","133576.31"
"174","H6","27","217062.92","124489.25","133543.97"
"174","H6","28","221576.69","125613.73","133446.23"
"174","H6","29","224978.11","126168.016","133357.9"
"174","H6","30","227676.81","126977.1","133364.5"
"174","H6","31","230034.56","127411.695","133598.17"
"174","H6","32","231786.42","127739.05","133622.25"
"174","H6","33","233151.39","127868.49","133576.62"
"174","H6","34","234379.58","128279.49","133498.3"
"174","H6","35","235032.89","128716.305","133450.55"
"174","H6","36","235828.58","129164.234","133396.77"
"174","H6","37","237146.98","129422.195","133419.27"
"174","H6","38","237646.78","129724.21","133393.03"
"174","H6","39","238210.9","130005.74","133454.89"
"174","H6","40","238990.62","130116.52","133398.02"
"174","H6","41","239626.22","130443.31","133328.56"
"174","H6","42","240194.75","130662.2","133368.95"
"174","H6","43","241254.03","130580.85","133479.2"
"174","H6","44","241522.48","130933.47","133437.56"
"174","H6","45","241636.9","131254.06","133392.45"
"174","H6","46","241975.28","131439.39","133484.62"
"174","H6","47","242816.55","131478.22","133441.0"
"174","H6","48","242916.78","131637.47","133379.69"
"174","H6","49","243164.83","131873.94","133285.7"
"174","H6","50","243305.69","132137.62","133150.25"
"174","H6","51","243826.3","132347.81","133105.34"
"174","H6","52","244855.89","132391.31","133196.94"
"174","H6","53","245041.48","132505.12","133224.58"
"174","H6","54","245029.22","132773.22","133252.5"
"174","H6","55","245214.92","133150.2","133249.2"
"174","H6","56","245050.81","133450.64","133195.3"
"174","H6","57","245522.23","133401.89","133114.28"
"174","H6","58","245969.69","133614.45","132876.38"
"174","H6","59","246196.45","133512.31","132842.39"
"174","H6","60","246446.4","133859.53","132995.89"
"174","H6","61","247101.92","134070.31","133165.58"
"174","H6","62","247591.56","134215.5","133164.97"
"174","H6","63","247774.78","134289.98","133065.0"
"174","H6","64","247933.77","134311.92","132859.8"
"174","H6","65","247810.28","134564.55","132849.6"
"174","H6","66","248024.25","134980.94","132983.97"
"174","H6","67","248451.48","135645.36","132907.48"
"174","H6","68","248988.42","136516.11","132887.25"
"174","H6","69","250150.64","137138.97","132983.48"
"174","H6","70","250782.44","138148.12","132981.44"
"174","H6","71","251077.94","139716.86","132967.52"
"174","H6","72","252130.64","141552.12","133038.55"
"174","H6","73","253259.97","144309.83","133020.52"
"174","H6","74","255438.52","147943.16","132996.98"
"174","H6","75","257790.66","152928.98","133020.89"
"174","H6","76","259962.97","158590.72","133242.11"
"174","H6","77","262217.3","165048.03","133267.22"
"174","H6","78","264135.53","172084.14","133198.86"
"174","H6","79","266724.88","179563.84","133190.58"
"174","H6","80","268992.5","187071.67","133415.55"
"174","H6","81","271358.66","194480.19","133622.81"
"174","H6","82","274065.3","202120.89","133652.6"
"174","H6","83","276327.16","209771.11","133726.7"
"174","H6","84","279238.97","217306.81","133823.4"
"174","H6","85","281202.1","224187.0","133786.02"
"174","H6","86","283484.2","230705.72","133792.67"
"174","H6","87","285746.38","237217.39","133853.97"
"174","H6","88","287240.97","243507.06","133755.9"
"174","H6","89","289544.5","249281.4","133718.39"
"174","H6","90","291510.1","254104.89","133965.48"
"175","H7","1","58092.15","58839.457","128991.56"
"175","H7","2","57889.895","58866.797","128707.24"
"175","H7","3","57461.773","59208.17","128289.35"
"175","H7","4","57301.465","59461.344","128099.38"
"175","H7","5","57141.246","59657.92","127970.8"
"175","H7","6","57115.152","59970.1","127752.59"
"175","H7","7","57241.203","60081.426","127685.41"
"175","H7","8","57633.17","60134.22","127707.05"
"175","H7","9","58208.3","60191.25","127832.52"
"175","H7","10","59153.945","60538.766","127870.35"
"175","H7","11","60829.71","60753.77","127774.945"
"175","H7","12","63793.383","61135.83","127763.09"
"175","H7","13","68679.84","61577.695","127906.1"
"175","H7","14","76323.93","62058.1","127936.28"
"175","H7","15","86921.875","63243.688","127845.086"
"175","H7","16","99658.805","65297.293","127769.52"
"175","H7","17","113110.37","68450.2","127670.91"
"175","H7","18","126620.1","72972.97","127712.414"
"175","H7","19","139303.16","79204.305","128011.63"
"175","H7","20","150502.95","87092.36","128204.05"
"175","H7","21","161142.33","95839.5","128223.37"
"175","H7","22","170773.61","104412.555","128196.76"
"175","H7","23","179683.53","111941.914","128297.96"
"175","H7","24","187708.2","118141.305","128336.98"
"175","H7","25","194639.47","122467.586","128565.01"
"175","H7","26","200454.84","125160.71","128429.34"
"175","H7","27","205523.9","127282.21","128338.414"
"175","H7","28","209728.0","128538.88","128465.65"
"175","H7","29","212716.98","129076.69","128689.0"
"175","H7","30","215187.81","129731.62","128786.65"
"175","H7","31","217102.64","130357.86","128689.766"
"175","H7","32","218815.47","130916.09","128534.74"
"175","H7","33","220311.28","131212.75","128519.34"
"175","H7","34","221407.88","131661.55","128829.4"
"175","H7","35","222603.03","132031.03","128795.9"
"175","H7","36","223493.77","132249.75","128702.75"
"175","H7","37","223816.0","132932.17","128739.97"
"175","H7","38","224705.9","132854.75","128694.516"
"175","H7","39","225229.58","133000.34","128600.586"
"175","H7","40","226171.47","133604.47","128569.836"
"175","H7","41","226687.3","133834.33","128532.766"
"175","H7","42","226950.06","133960.97","128461.47"
"175","H7","43","226968.39","134086.75","128505.04"
"175","H7","44","227673.84","134209.31","128611.695"
"175","H7","45","228488.14","134440.61","128562.62"
"175","H7","46","228809.27","134497.36","128531.734"
"175","H7","47","228876.86","134902.48","128441.56"
"175","H7","48","229014.56","135184.86","128357.56"
"175","H7","49","229486.53","135362.73","128381.36"
"175","H7","50","229916.14","135560.42","128490.25"
"175","H7","51","230227.03","135561.8","128550.02"
"175","H7","52","230472.78","135935.84","128441.12"
"175","H7","53","230785.47","136128.36","128365.445"
"175","H7","54","230829.78","136295.06","128402.766"
"175","H7","55","230925.23","136742.81","128287.48"
"175","H7","56","231331.05","136944.08","128223.3"
"175","H7","57","231690.64","137059.69","128316.03"
"175","H7","58","231904.97","137121.47","128278.03"
"175","H7","59","231913.69","137069.0","128059.9"
"175","H7","60","232266.1","137211.98","128012.31"
"175","H7","61","232578.75","137464.69","128185.61"
"175","H7","62","232776.31","137690.77","128220.586"
"175","H7","63","233238.8","137832.81","128375.29"
"175","H7","64","233540.11","138264.78","128345.53"
"175","H7","65","233668.25","138048.02","128289.164"
"175","H7","66","233668.4","138190.75","128247.08"
"175","H7","67","233837.16","138645.69","128324.2"
"175","H7","68","234163.12","139115.02","128279.96"
"175","H7","69","234341.16","139573.53","128226.01"
"175","H7","70","234563.38","140030.17","128129.98"
"175","H7","71","235081.98","140542.17","128100.16"
"175","H7","72","235557.4","140878.0","128185.19"
"175","H7","73","235835.36","142136.62","127913.336"
"175","H7","74","236281.94","143574.73","127855.01"
"175","H7","75","236932.4","145689.14","128054.39"
"175","H7","76","237841.38","147815.75","128129.95"
"175","H7","77","238662.52","151385.27","128216.25"
"175","H7","78","239500.97","155971.88","128348.97"
"175","H7","79","241110.45","161438.44","128343.48"
"175","H7","80","242723.3","167874.28","128450.086"
"175","H7","81","244377.81","174665.16","128487.37"
"175","H7","82","246470.61","182587.33","128448.98"
"175","H7","83","247860.23","190978.25","128597.836"
"175","H7","84","249818.5","198975.81","128846.57"
"175","H7","85","251958.64","206556.67","128931.56"
"175","H7","86","253488.95","214872.67","128885.75"
"175","H7","87","255332.33","222793.06","129058.65"
"175","H7","88","256417.8","230145.95","129344.97"
"175","H7","89","258241.58","237236.7","129406.56"
"175","H7","90","259701.88","243364.67","129530.84"
"176","H8","1","61439.293","61269.645","130089.99"
"176","H8","2","61255.105","61295.05","129863.01"
"176","H8","3","61048.44","61600.11","129399.2"
"176","H8","4","60906.68","61871.89","129236.46"
"176","H8","5","60650.285","62387.152","129126.055"
"176","H8","6","60605.242","62691.38","128918.14"
"176","H8","7","60715.86","62757.953","128879.086"
"176","H8","8","60974.965","62916.59","128918.98"
"176","H8","9","61508.746","63018.195","128896.0"
"176","H8","10","62529.375","62977.816","128918.53"
"176","H8","11","64085.58","63187.445","129074.75"
"176","H8","12","67047.66","63713.81","129111.66"
"176","H8","13","71965.016","64083.824","129125.26"
"176","H8","14","79574.6","64796.406","129111.48"
"176","H8","15","90130.68","66113.32","129088.414"
"176","H8","16","102959.805","67960.234","129068.45"
"176","H8","17","116345.27","71224.05","129123.02"
"176","H8","18","129487.55","75884.55","129136.94"
"176","H8","19","141600.06","82515.555","129235.96"
"176","H8","20","153067.2","90661.66","129115.52"
"176","H8","21","163298.66","99643.336","129116.46"
"176","H8","22","172514.19","108434.81","129386.555"
"176","H8","23","181088.81","116610.24","129478.34"
"176","H8","24","188793.28","123300.234","129771.47"
"176","H8","25","195561.1","128151.24","129812.266"
"176","H8","26","201397.89","131352.44","129649.28"
"176","H8","27","206180.39","133200.31","129602.664"
"176","H8","28","210058.7","134395.5","129837.91"
"176","H8","29","213257.08","135304.83","129972.63"
"176","H8","30","215948.39","135834.45","130016.99"
"176","H8","31","217833.16","136587.16","129994.29"
"176","H8","32","219721.69","137122.42","130079.39"
"176","H8","33","221102.58","137449.97","130032.586"
"176","H8","34","222240.7","137859.6","130073.914"
"176","H8","35","223192.48","138144.97","130111.9"
"176","H8","36","223986.12","138642.67","130008.734"
"176","H8","37","224657.47","138958.22","129914.695"
"176","H8","38","225467.86","138912.9","129931.37"
"176","H8","39","226170.78","139337.44","129876.625"
"176","H8","40","226379.77","139700.06","129894.02"
"176","H8","41","226753.42","140032.48","129815.45"
"176","H8","42","227260.2","140434.58","129814.055"
"176","H8","43","227965.78","140695.88","130039.59"
"176","H8","44","228313.23","140758.77","129966.47"
"176","H8","45","228405.31","140834.67","129684.555"
"176","H8","46","228845.77","141103.17","129569.21"
"176","H8","47","229360.78","141581.39","129609.984"
"176","H8","48","229756.89","141635.0","129590.09"
"176","H8","49","230077.03","141753.06","129469.29"
"176","H8","50","230391.3","141830.95","129458.28"
"176","H8","51","230442.6","142048.98","129738.95"
"176","H8","52","230512.9","142292.33","129769.03"
"176","H8","53","230835.64","142607.64","129694.16"
"176","H8","54","231033.77","142696.12","129687.1"
"176","H8","55","231198.17","142925.7","129632.72"
"176","H8","56","231623.34","143029.34","129706.88"
"176","H8","57","231980.55","143221.78","129890.305"
"176","H8","58","231968.61","143447.4","129844.03"
"176","H8","59","232110.08","143557.4","129761.49"
"176","H8","60","232261.11","143712.47","129687.48"
"176","H8","61","232482.7","144033.75","129671.01"
"176","H8","62","233073.66","144100.06","129481.04"
"176","H8","63","233272.08","144271.61","129454.34"
"176","H8","64","233238.88","144502.78","129744.53"
"176","H8","65","233358.17","144853.61","129731.57"
"176","H8","66","233451.67","144987.38","129575.94"
"176","H8","67","233769.25","145019.9","129504.37"
"176","H8","68","234363.08","145071.38","129607.63"
"176","H8","69","234357.84","145151.38","129664.66"
"176","H8","70","234330.86","145354.5","129475.33"
"176","H8","71","234743.38","145583.6","129369.2"
"176","H8","72","234977.81","145872.73","129384.984"
"176","H8","73","235022.2","146184.77","129443.82"
"176","H8","74","235322.1","146343.36","129267.305"
"176","H8","75","235493.58","146332.02","129225.14"
"176","H8","76","235728.34","146657.0","129382.56"
"176","H8","77","236085.61","146827.66","129267.67"
"176","H8","78","236411.83","146727.17","129198.73"
"176","H8","79","236348.22","147141.62","129280.83"
"176","H8","80","236565.33","147404.25","129410.23"
"176","H8","81","236691.61","147533.94","129419.34"
"176","H8","82","236779.12","147691.22","129371.97"
"176","H8","83","236781.28","148011.66","129326.336"
"176","H8","84","237161.47","148091.22","129346.24"
"176","H8","85","237441.16","148248.39","129316.0"
"176","H8","86","237618.83","148295.73","129343.63"
"176","H8","87","237772.34","148363.94","129328.8"
"176","H8","88","237958.94","148518.08","129408.266"
"176","H8","89","238140.6","149071.84","129388.16"
"176","H8","90","238178.53","149514.03","129426.49"
"177","H9","1","62836.98","61327.402","119751.63"
"177","H9","2","62658.35","61492.777","119708.8"
"177","H9","3","62431.812","62143.426","119573.305"
"177","H9","4","62340.008","62738.086","119487.25"
"177","H9","5","62281.023","63010.05","119429.39"
"177","H9","6","62194.098","63360.062","119394.31"
"177","H9","7","62032.68","63731.07","119348.81"
"177","H9","8","62042.043","64041.9","119234.586"
"177","H9","9","62248.723","64065.67","119193.26"
"177","H9","10","62333.35","64222.062","119220.61"
"177","H9","11","62373.793","64386.867","119298.49"
"177","H9","12","62540.145","64548.242","119299.695"
"177","H9","13","62941.043","65040.258","119356.0"
"177","H9","14","63392.035","65880.38","119379.68"
"177","H9","15","64429.95","67386.06","119195.27"
"177","H9","16","66232.37","70197.38","119233.95"
"177","H9","17","69387.23","75396.57","119585.06"
"177","H9","18","74578.016","83653.01","119632.484"
"177","H9","19","82408.0","95524.43","119770.18"
"177","H9","20","92431.3","110234.516","120145.9"
"177","H9","21","103374.45","124963.41","120155.02"
"177","H9","22","113348.516","137400.1","120076.445"
"177","H9","23","121444.84","146689.89","120082.984"
"177","H9","24","127722.305","152909.16","120108.375"
"177","H9","25","132552.53","157224.34","120078.52"
"177","H9","26","136280.5","160355.77","120223.1"
"177","H9","27","138891.81","162801.8","120363.37"
"177","H9","28","140881.2","164898.19","120593.77"
"177","H9","29","142790.55","166507.95","120308.87"
"177","H9","30","143965.3","168687.95","120193.72"
"177","H9","31","145222.95","170545.88","120374.06"
"177","H9","32","146009.95","171856.06","120391.65"
"177","H9","33","146804.58","173555.73","120472.195"
"177","H9","34","147836.97","175168.27","120596.84"
"177","H9","35","148514.67","176807.1","120485.27"
"177","H9","36","149463.8","178302.58","120418.53"
"177","H9","37","150239.67","179619.6","120590.09"
"177","H9","38","150844.53","181199.55","120487.75"
"177","H9","39","151704.17","182678.17","120419.85"
"177","H9","40","152476.36","183958.17","120581.484"
"177","H9","41","152932.23","185411.7","120410.77"
"177","H9","42","153861.78","186823.03","120268.54"
"177","H9","43","154549.81","188361.38","120277.76"
"177","H9","44","155288.72","189650.03","120452.75"
"177","H9","45","156181.12","190817.86","120564.99"
"177","H9","46","156876.2","192240.86","120537.945"
"177","H9","47","157636.81","193369.06","120325.445"
"177","H9","48","158247.42","194706.64","120216.08"
"177","H9","49","158792.19","196035.25","120302.766"
"177","H9","50","159205.75","197340.95","120382.31"
"177","H9","51","159863.5","198590.56","120437.69"
"177","H9","52","160837.69","199394.92","120448.21"
"177","H9","53","161357.66","200579.62","120453.43"
"177","H9","54","161922.62","201901.47","120534.84"
"177","H9","55","162624.73","203264.55","120377.14"
"177","H9","56","163607.98","204511.64","120295.14"
"177","H9","57","164412.88","205980.94","120487.3"
"177","H9","58","165119.33","207431.67","120592.58"
"177","H9","59","166026.95","208598.83","120477.1"
"177","H9","60","167554.06","210656.97","120351.445"
"177","H9","61","169150.1","212595.36","120385.914"
"177","H9","62","171137.94","215414.62","120670.8"
"177","H9","63","173820.98","218745.33","120624.12"
"177","H9","64","177248.17","222999.9","120524.91"
"177","H9","65","181363.75","227632.61","120536.88"
"177","H9","66","186104.7","233357.33","120482.77"
"177","H9","67","191411.75","240058.52","120547.43"
"177","H9","68","196821.27","247379.22","120516.016"
"177","H9","69","202453.02","255042.2","120674.44"
"177","H9","70","208482.11","263293.47","120809.59"
"177","H9","71","214444.78","271240.75","120818.74"
"177","H9","72","219984.72","279205.97","121057.76"
"177","H9","73","225964.0","287083.2","121012.57"
"177","H9","74","231870.39","294591.62","120985.766"
"177","H9","75","237635.3","301990.0","121023.195"
"177","H9","76","243328.52","309543.4","121005.65"
"177","H9","77","249110.4","316623.56","120991.61"
"177","H9","78","255277.25","322915.2","121348.14"
"177","H9","79","261067.9","329452.53","121440.945"
"177","H9","80","267096.1","335998.47","121551.91"
"177","H9","81","272306.03","342757.97","121543.87"
"177","H9","82","278448.4","348806.22","121440.984"
"177","H9","83","284658.38","354516.1","121409.58"
"177","H9","84","291385.38","360763.38","121405.516"
"177","H9","85","298163.66","366822.75","121327.44"
"177","H9","86","304637.06","372414.06","121418.28"
"177","H9","87","311160.0","378206.44","121378.65"
"177","H9","88","318432.9","383627.16","121561.18"
"177","H9","89","325834.9","389878.88","121684.305"
"177","H9","90","332594.47","395696.62","121641.195"
"178","H10","1","62878.613","60610.94","118153.61"
"178","H10","2","62827.32","60886.035","118124.81"
"178","H10","3","62623.176","61663.582","118083.38"
"178","H10","4","62526.527","62039.59","118072.13"
"178","H10","5","62482.324","62297.312","117863.28"
"178","H10","6","62400.453","62915.68","117818.01"
"178","H10","7","62243.273","63245.812","117862.055"
"178","H10","8","62239.42","63516.58","117901.87"
"178","H10","9","62372.152","63579.836","118077.95"
"178","H10","10","62384.336","63730.016","118108.64"
"178","H10","11","62463.26","63904.336","118110.586"
"178","H10","12","62709.97","64191.098","118025.04"
"178","H10","13","63073.547","64534.273","117987.54"
"178","H10","14","63491.676","65523.688","118043.95"
"178","H10","15","64292.83","66895.37","118031.69"
"178","H10","16","65892.555","69639.76","117966.52"
"178","H10","17","68502.5","74314.46","117951.805"
"178","H10","18","73069.53","82011.914","118080.47"
"178","H10","19","79841.65","93936.11","118265.57"
"178","H10","20","88516.625","108859.41","118512.88"
"178","H10","21","98260.4","124331.68","118621.9"
"178","H10","22","107640.62","137900.53","118851.984"
"178","H10","23","115591.27","148038.0","119234.51"
"178","H10","24","122047.836","154850.3","119290.836"
"178","H10","25","127324.11","159669.48","119175.71"
"178","H10","26","131169.62","163232.03","119153.47"
"178","H10","27","133513.52","166042.75","119483.27"
"178","H10","28","135709.42","168257.53","119485.4"
"178","H10","29","137462.9","169837.1","119567.91"
"178","H10","30","138778.56","171835.77","119728.01"
"178","H10","31","139716.27","173735.78","119648.95"
"178","H10","32","140827.8","175269.3","119567.15"
"178","H10","33","141847.47","176943.53","119531.39"
"178","H10","34","142559.97","178359.78","119753.84"
"178","H10","35","143566.61","179652.17","119657.83"
"178","H10","36","144226.7","181164.97","119453.4"
"178","H10","37","144877.34","182841.53","119158.98"
"178","H10","38","145878.73","184415.1","119125.39"
"178","H10","39","146433.1","185804.11","119555.555"
"178","H10","40","147010.05","187369.23","119565.05"
"178","H10","41","147717.05","189008.12","119514.27"
"178","H10","42","148508.38","190038.61","119364.414"
"178","H10","43","149219.53","191219.95","119253.08"
"178","H10","44","149922.19","192658.55","119348.96"
"178","H10","45","150628.73","194184.95","119484.664"
"178","H10","46","151252.77","195317.66","119338.72"
"178","H10","47","151736.06","196796.77","119235.445"
"178","H10","48","152513.34","198224.45","119371.695"
"178","H10","49","153319.4","199358.25","119453.37"
"178","H10","50","153857.17","200808.67","119398.914"
"178","H10","51","154401.14","201985.77","119467.09"
"178","H10","52","155029.22","202777.47","119323.336"
"178","H10","53","155735.9","204405.89","119241.39"
"178","H10","54","156199.42","205759.36","119410.695"
"178","H10","55","157011.12","206782.86","119377.03"
"178","H10","56","157729.9","207876.86","119441.55"
"178","H10","57","158212.81","209442.81","119540.85"
"178","H10","58","158835.11","210698.47","119542.18"
"178","H10","59","159633.64","212462.9","119585.336"
"178","H10","60","160738.55","213573.25","119535.91"
"178","H10","61","161684.03","215177.81","119477.51"
"178","H10","62","162500.66","216757.95","119532.5"
"178","H10","63","164018.67","218739.27","119549.23"
"178","H10","64","165726.48","220986.27","119469.77"
"178","H10","65","167728.02","224300.72","119360.625"
"178","H10","66","170285.17","228468.4","119406.75"
"178","H10","67","173799.95","233317.98","119712.73"
"178","H10","68","177810.25","239005.66","119767.77"
"178","H10","69","182411.27","246069.14","119872.234"
"178","H10","70","186877.36","253639.52","119957.11"
"178","H10","71","191653.33","261559.89","119942.76"
"178","H10","72","196724.6","269761.03","120099.0"
"178","H10","73","201954.73","278064.06","120204.15"
"178","H10","74","206960.9","286272.75","120189.54"
"178","H10","75","211777.77","294462.56","120255.86"
"178","H10","76","216918.92","302010.3","120395.92"
"178","H10","77","221882.78","309473.66","120677.664"
"178","H10","78","226794.6","316322.9","120605.016"
"178","H10","79","231998.75","323420.88","120618.13"
"178","H10","80","237066.38","330772.53","120884.04"
"178","H10","81","242481.55","337561.22","120817.05"
"178","H10","82","247964.92","344209.56","120818.51"
"178","H10","83","253396.12","351227.84","120895.0"
"178","H10","84","259220.02","357911.16","120875.06"
"178","H10","85","265587.22","364139.84","121295.445"
"178","H10","86","272555.88","370970.7","121596.28"
"178","H10","87","279708.56","377955.97","121514.83"
"178","H10","88","287581.44","385019.75","121523.766"
"178","H10","89","295559.75","392658.56","121461.414"
"178","H10","90","302500.0","399350.97","121636.734"
"179","H11","1","62327.383","63712.363","121089.164"
"179","H11","2","62115.055","63835.67","120993.68"
"179","H11","3","61928.027","64476.742","120682.77"
"179","H11","4","61780.656","65157.47","120511.016"
"179","H11","5","61725.832","65816.51","120331.29"
"179","H11","6","61725.047","66109.9","120260.49"
"179","H11","7","61563.566","66356.15","120241.46"
"179","H11","8","61556.1","66618.54","119916.95"
"179","H11","9","61700.742","66671.914","119886.67"
"179","H11","10","61758.863","66606.195","120106.7"
"179","H11","11","61969.996","66925.28","120162.766"
"179","H11","12","62049.086","67346.14","120334.41"
"179","H11","13","62251.703","67826.75","120389.516"
"179","H11","14","62542.977","68594.62","120327.85"
"179","H11","15","63334.492","70278.36","120265.414"
"179","H11","16","64630.04","73304.13","120243.7"
"179","H11","17","67009.76","78595.164","120370.27"
"179","H11","18","70893.56","87418.625","120399.3"
"179","H11","19","76520.0","100454.34","120624.375"
"179","H11","20","83650.336","116629.82","120808.24"
"179","H11","21","91440.98","133565.33","120813.51"
"179","H11","22","99097.09","148467.34","120747.53"
"179","H11","23","105541.06","159966.94","120832.27"
"179","H11","24","110825.875","168051.97","121000.555"
"179","H11","25","115288.23","173245.9","120965.984"
"179","H11","26","118685.945","177324.66","120872.305"
"179","H11","27","121123.88","179913.4","120903.88"
"179","H11","28","123023.81","181902.72","121051.76"
"179","H11","29","124373.75","184299.53","121127.984"
"179","H11","30","125393.734","186642.02","121064.28"
"179","H11","31","126387.2","188551.89","120987.555"
"179","H11","32","127245.36","190297.17","121087.23"
"179","H11","33","128002.06","191913.8","121151.49"
"179","H11","34","128866.42","193543.39","121051.75"
"179","H11","35","129255.38","195068.58","120976.16"
"179","H11","36","130062.7","196820.34","121124.89"
"179","H11","37","130705.05","198452.3","121289.29"
"179","H11","38","131383.36","200000.23","121294.016"
"179","H11","39","131808.17","201574.88","121322.71"
"179","H11","40","132393.34","202965.02","121360.58"
"179","H11","41","133017.05","204449.78","121194.08"
"179","H11","42","133799.69","206198.75","121034.6"
"179","H11","43","134441.84","207735.66","120958.484"
"179","H11","44","134910.58","209067.58","121080.055"
"179","H11","45","135271.38","210621.62","121110.81"
"179","H11","46","135934.02","211970.97","121095.18"
"179","H11","47","136681.81","213352.69","121070.586"
"179","H11","48","137029.42","214946.61","121245.76"
"179","H11","49","137701.0","216165.11","121037.19"
"179","H11","50","138229.64","217668.67","120920.76"
"179","H11","51","138744.23","219112.75","121057.016"
"179","H11","52","139118.75","220416.61","121209.484"
"179","H11","53","139581.39","221739.3","121269.586"
"179","H11","54","140216.19","223060.36","121265.26"
"179","H11","55","140935.98","224081.38","121183.98"
"179","H11","56","141229.34","225268.17","121188.5"
"179","H11","57","141808.02","226797.06","121092.336"
"179","H11","58","142367.14","228017.08","120990.14"
"179","H11","59","142862.89","229224.33","120912.42"
"179","H11","60","143374.69","230485.75","120961.83"
"179","H11","61","143956.14","231720.47","120884.77"
"179","H11","62","144599.02","233260.95","120860.76"
"179","H11","63","145254.75","234663.44","121063.32"
"179","H11","64","145888.52","236474.81","121113.93"
"179","H11","65","146624.16","238408.34","120927.766"
"179","H11","66","147479.34","240446.62","120819.445"
"179","H11","67","148472.67","243206.34","120936.234"
"179","H11","68","149934.67","246329.9","121161.93"
"179","H11","69","151889.11","249840.95","120989.31"
"179","H11","70","154043.17","255019.33","120873.945"
"179","H11","71","156823.69","261272.98","120939.586"
"179","H11","72","160064.08","268726.9","120986.125"
"179","H11","73","163371.47","276586.16","121169.04"
"179","H11","74","166949.84","285376.16","121189.484"
"179","H11","75","170710.36","294107.22","121182.02"
"179","H11","76","174599.11","302843.7","121502.97"
"179","H11","77","178472.48","311429.1","121569.08"
"179","H11","78","182021.28","320624.03","121677.72"
"179","H11","79","185892.38","329229.62","121839.39"
"179","H11","80","190170.83","337307.03","121786.97"
"179","H11","81","194437.67","345390.8","121673.586"
"179","H11","82","199135.88","353156.8","121695.28"
"179","H11","83","203748.7","361125.72","121646.086"
"179","H11","84","208507.69","368885.4","121667.875"
"179","H11","85","213969.94","377113.75","121929.54"
"179","H11","86","219923.47","384857.38","122034.26"
"179","H11","87","226288.84","392882.47","122106.164"
"179","H11","88","232886.84","401006.38","122272.44"
"179","H11","89","240379.5","409792.4","122296.8"
"179","H11","90","247127.1","417154.75","122368.69"
"180","H12","1","57196.406","61074.54","119119.46"
"180","H12","2","57045.32","61135.23","118834.34"
"180","H12","3","56794.24","61593.535","118631.71"
"180","H12","4","56621.76","62619.977","118512.8"
"180","H12","5","56626.43","63021.344","118553.4"
"180","H12","6","56780.7","63303.426","118871.33"
"180","H12","7","56772.164","63493.082","118902.68"
"180","H12","8","56707.98","63664.8","118830.305"
"180","H12","9","56680.938","63673.684","118512.086"
"180","H12","10","56701.797","63767.887","118469.48"
"180","H12","11","56663.64","64147.19","118652.58"
"180","H12","12","56703.156","64452.54","118783.24"
"180","H12","13","57065.895","64872.02","118797.79"
"180","H12","14","57609.445","65723.586","118752.57"
"180","H12","15","58321.914","67091.63","118743.125"
"180","H12","16","59575.605","69518.65","118825.266"
"180","H12","17","61959.195","74586.73","118823.555"
"180","H12","18","65845.67","82320.805","118960.01"
"180","H12","19","71417.195","93893.18","119204.9"
"180","H12","20","78442.35","109008.016","119361.78"
"180","H12","21","86431.86","125479.875","119660.18"
"180","H12","22","94089.34","140266.36","119958.5"
"180","H12","23","101117.805","151674.77","120039.375"
"180","H12","24","106875.68","160021.33","120123.375"
"180","H12","25","111109.32","165354.88","120265.484"
"180","H12","26","114701.305","169361.66","120143.35"
"180","H12","27","117436.1","172360.72","120022.76"
"180","H12","28","119432.59","174978.72","120094.19"
"180","H12","29","120841.734","176771.78","120211.35"
"180","H12","30","122202.98","178334.14","120279.01"
"180","H12","31","122994.336","180250.78","120325.49"
"180","H12","32","123838.875","181838.36","120336.64"
"180","H12","33","124778.99","183378.47","120261.234"
"180","H12","34","125443.73","184861.02","120324.734"
"180","H12","35","126209.875","186568.45","120261.51"
"180","H12","36","126837.34","188093.02","120288.09"
"180","H12","37","127415.72","190141.92","120212.02"
"180","H12","38","128030.164","191334.3","120265.09"
"180","H12","39","128479.945","192829.2","120328.37"
"180","H12","40","128849.08","194219.6","120207.96"
"180","H12","41","129464.68","195502.86","120138.14"
"180","H12","42","130382.64","196769.83","120348.72"
"180","H12","43","130855.79","198312.61","120273.195"
"180","H12","44","131368.34","199870.69","120112.516"
"180","H12","45","131807.83","201317.97","120102.53"
"180","H12","46","132364.08","202746.98","120459.57"
"180","H12","47","132756.86","204223.66","120125.92"
"180","H12","48","133585.0","205362.88","119960.68"
"180","H12","49","134411.25","206590.84","120145.57"
"180","H12","50","134698.81","207695.48","120302.69"
"180","H12","51","135026.31","209047.9","120220.47"
"180","H12","52","135618.69","210576.56","120193.83"
"180","H12","53","136160.78","212011.44","120261.83"
"180","H12","54","136366.06","212966.64","120289.73"
"180","H12","55","137316.19","214019.2","120445.9"
"180","H12","56","137620.67","215487.86","120500.625"
"180","H12","57","137832.27","217192.92","120531.71"
"180","H12","58","138341.8","217985.78","120419.79"
"180","H12","59","139089.53","219102.62","120326.586"
"180","H12","60","139540.92","220325.03","120240.77"
"180","H12","61","140277.52","221388.2","120022.49"
"180","H12","62","140599.9","222606.6","119948.2"
"180","H12","63","141120.86","224371.72","120247.72"
"180","H12","64","141486.36","225715.5","120446.82"
"180","H12","65","141984.1","226733.77","120473.625"
"180","H12","66","142720.11","227981.81","120375.63"
"180","H12","67","143424.66","229603.73","120411.46"
"180","H12","68","144099.95","231638.11","120453.69"
"180","H12","69","144915.16","233692.39","120382.2"
"180","H12","70","145866.14","236647.95","120447.94"
"180","H12","71","147416.62","240387.23","120348.64"
"180","H12","72","149319.62","244622.33","120337.32"
"180","H12","73","151400.89","249774.48","120589.19"
"180","H12","74","153974.77","256610.05","120557.89"
"180","H12","75","156849.19","264269.78","120504.01"
"180","H12","76","160326.7","272683.1","120746.75"
"180","H12","77","163895.77","281641.97","120895.95"
"180","H12","78","167507.47","290954.5","120981.11"
"180","H12","79","171693.69","300491.25","121060.22"
"180","H12","80","175836.44","309563.84","121091.11"
"180","H12","81","180007.1","318396.84","121201.734"
"180","H12","82","184560.81","327984.8","121457.125"
"180","H12","83","190067.94","337316.38","121655.32"
"180","H12","84","195553.58","346423.34","121804.06"
"180","H12","85","201698.38","356463.16","121851.59"
"180","H12","86","208500.39","366309.47","121838.195"
"180","H12","87","216023.88","376077.62","121917.54"
"180","H12","88","224069.3","385239.53","122296.75"
"180","H12","89","232131.73","394557.38","122506.74"
"180","H12","90","239603.61","403052.22","122728.06"
"181","H13","1","63308.87","62653.043","120998.02"
"181","H13","2","63079.414","62712.62","120953.17"
"181","H13","3","62915.293","63257.906","120760.41"
"181","H13","4","62869.98","63826.164","120736.016"
"181","H13","5","62570.86","64339.066","120916.445"
"181","H13","6","62466.375","64633.367","120905.27"
"181","H13","7","62447.383","64865.07","120823.09"
"181","H13","8","62305.074","64992.562","120671.77"
"181","H13","9","62305.016","65005.805","120561.33"
"181","H13","10","62494.727","65374.184","120571.48"
"181","H13","11","62649.227","65734.54","120711.89"
"181","H13","12","62672.125","65848.336","120802.94"
"181","H13","13","62929.2","66311.36","120871.766"
"181","H13","14","63487.016","66956.29","120798.664"
"181","H13","15","64203.34","68535.77","120747.625"
"181","H13","16","65449.156","71072.35","120785.195"
"181","H13","17","67913.98","75652.375","120856.555"
"181","H13","18","71836.56","83568.28","120924.445"
"181","H13","19","77853.81","95324.21","121359.73"
"181","H13","20","85507.33","110172.695","121652.875"
"181","H13","21","93847.49","126527.85","121432.586"
"181","H13","22","101958.375","141561.78","121446.89"
"181","H13","23","109032.2","153391.28","121997.03"
"181","H13","24","115180.805","161857.52","121918.11"
"181","H13","25","120159.266","167428.48","121782.95"
"181","H13","26","123975.85","171394.06","121843.375"
"181","H13","27","126518.43","174334.36","122017.95"
"181","H13","28","128582.45","176804.84","121984.164"
"181","H13","29","129968.59","178544.53","121897.836"
"181","H13","30","131350.23","180614.84","121970.445"
"181","H13","31","132469.28","182535.75","122066.57"
"181","H13","32","133300.02","184294.36","122335.38"
"181","H13","33","134104.75","185871.67","122268.734"
"181","H13","34","134690.42","187364.33","122150.77"
"181","H13","35","135354.61","188865.72","122182.34"
"181","H13","36","135978.36","190497.08","122140.695"
"181","H13","37","136769.06","192219.0","122073.44"
"181","H13","38","137280.6","193914.88","122197.03"
"181","H13","39","137958.75","195038.45","122157.41"
"181","H13","40","138562.84","196234.86","122169.45"
"181","H13","41","138843.86","198214.1","121947.38"
"181","H13","42","139386.06","199279.45","121828.28"
"181","H13","43","140104.11","200752.7","121976.93"
"181","H13","44","140828.8","202157.9","122155.69"
"181","H13","45","141110.06","203572.55","121950.71"
"181","H13","46","141624.12","205265.11","121892.29"
"181","H13","47","142511.94","206210.94","122233.37"
"181","H13","48","142703.95","207841.67","122268.64"
"181","H13","49","143127.5","208803.0","122236.27"
"181","H13","50","143864.69","210219.28","122211.83"
"181","H13","51","144195.39","211592.22","122046.414"
"181","H13","52","144902.58","213290.8","121927.92"
"181","H13","53","145472.77","213983.48","121943.69"
"181","H13","54","145930.56","215137.14","121862.59"
"181","H13","55","146451.72","216522.61","121814.68"
"181","H13","56","146912.17","217500.48","121753.88"
"181","H13","57","147388.69","218645.5","121905.03"
"181","H13","58","147878.98","220367.61","122127.52"
"181","H13","59","148286.52","221508.52","122194.39"
"181","H13","60","148758.72","222772.92","122357.96"
"181","H13","61","148979.38","223951.0","122322.82"
"181","H13","62","149616.75","225324.42","122157.625"
"181","H13","63","150296.14","226750.16","121919.23"
"181","H13","64","150889.61","227668.75","121773.59"
"181","H13","65","151153.25","228639.5","121707.22"
"181","H13","66","151836.66","230022.53","121617.22"
"181","H13","67","152144.72","231231.52","121610.375"
"181","H13","68","152833.36","232700.55","121756.46"
"181","H13","69","153447.03","234123.38","122211.48"
"181","H13","70","154073.14","235461.7","122115.42"
"181","H13","71","154716.03","237247.14","122002.766"
"181","H13","72","155353.55","239408.5","122090.375"
"181","H13","73","156412.69","241750.84","121972.61"
"181","H13","74","157542.0","245009.27","121855.98"
"181","H13","75","159038.47","248722.61","121873.74"
"181","H13","76","160825.11","253697.19","121948.03"
"181","H13","77","163523.02","259920.6","122244.49"
"181","H13","78","166436.05","267358.03","122298.87"
"181","H13","79","170076.62","275910.28","122574.64"
"181","H13","80","174026.52","285492.03","122604.3"
"181","H13","81","178820.52","295853.8","122837.01"
"181","H13","82","183731.05","306053.5","122847.21"
"181","H13","83","188746.47","316955.1","122712.68"
"181","H13","84","194297.77","328412.0","122807.42"
"181","H13","85","200417.53","339429.53","123343.87"
"181","H13","86","206995.5","350366.3","123368.73"
"181","H13","87","213825.66","361064.28","123420.34"
"181","H13","88","220965.12","371343.44","123413.43"
"181","H13","89","228300.56","381128.44","123438.34"
"181","H13","90","235132.95","388738.66","123508.2"
"182","H14","1","65847.17","61172.203","121121.64"
"182","H14","2","65606.56","61254.508","121059.2"
"182","H14","3","65471.254","62173.414","120707.46"
"182","H14","4","65525.074","62597.293","120660.24"
"182","H14","5","65463.76","62898.617","120810.03"
"182","H14","6","65300.523","63145.676","120841.45"
"182","H14","7","65253.03","63749.633","120887.875"
"182","H14","8","65245.61","64032.562","120865.62"
"182","H14","9","65262.73","64275.027","120880.79"
"182","H14","10","65348.92","64204.074","120913.3"
"182","H14","11","65372.453","64217.19","120833.93"
"182","H14","12","65467.195","64377.74","120803.83"
"182","H14","13","66002.98","65217.082","120880.87"
"182","H14","14","66440.4","66103.71","120854.94"
"182","H14","15","67040.11","67298.34","120823.71"
"182","H14","16","68440.65","70129.55","120861.09"
"182","H14","17","70830.93","75117.15","120920.83"
"182","H14","18","74562.62","83793.836","121236.56"
"182","H14","19","80344.4","96030.19","121314.32"
"182","H14","20","87554.05","111446.07","121573.12"
"182","H14","21","94801.16","128113.45","121818.36"
"182","H14","22","101975.18","143087.48","122136.79"
"182","H14","23","108106.75","154642.9","122490.29"
"182","H14","24","113427.45","162977.05","122478.53"
"182","H14","25","117749.805","168815.83","122543.43"
"182","H14","26","121025.2","172451.56","122613.836"
"182","H14","27","123712.37","175299.08","122609.625"
"182","H14","28","125179.95","177613.53","122515.16"
"182","H14","29","126543.086","179445.34","122582.44"
"182","H14","30","127598.57","181360.77","122684.445"
"182","H14","31","128801.766","183576.42","122615.03"
"182","H14","32","129753.23","185339.94","122502.8"
"182","H14","33","130610.96","186855.81","122564.61"
"182","H14","34","131113.02","189058.5","122677.56"
"182","H14","35","131536.12","190344.56","122809.734"
"182","H14","36","131947.67","191823.72","122718.21"
"182","H14","37","132862.72","193626.52","122658.22"
"182","H14","38","133498.64","195097.83","122673.52"
"182","H14","39","134334.6","196508.77","122740.52"
"182","H14","40","134707.66","197801.92","122390.16"
"182","H14","41","135301.22","199441.1","122236.32"
"182","H14","42","135853.62","200811.34","122416.445"
"182","H14","43","136214.14","202528.02","122605.08"
"182","H14","44","136572.02","204408.45","122590.67"
"182","H14","45","137244.27","205271.92","122484.38"
"182","H14","46","137885.2","206478.56","122535.32"
"182","H14","47","138518.9","207736.34","122779.11"
"182","H14","48","139235.86","209208.4","122810.36"
"182","H14","49","139429.02","210327.08","122741.3"
"182","H14","50","140026.64","211728.23","122659.34"
"182","H14","51","140566.25","212979.03","122589.75"
"182","H14","52","141007.0","214181.67","122687.875"
"182","H14","53","141423.53","215530.69","122658.25"
"182","H14","54","141947.42","217015.08","122793.31"
"182","H14","55","142615.81","218048.34","122640.13"
"182","H14","56","142978.36","219371.62","122523.32"
"182","H14","57","143572.47","220273.06","122635.77"
"182","H14","58","144032.38","221581.28","122568.63"
"182","H14","59","144616.9","222574.5","122577.695"
"182","H14","60","144896.42","224540.69","122715.47"
"182","H14","61","145343.34","225299.97","122671.27"
"182","H14","62","145657.0","226513.94","122757.18"
"182","H14","63","146185.33","227853.44","122713.38"
"182","H14","64","146819.11","229411.39","122676.914"
"182","H14","65","147202.39","230574.56","122577.43"
"182","H14","66","147577.38","232097.78","122545.01"
"182","H14","67","148098.33","232944.36","122494.99"
"182","H14","68","148615.53","234163.75","122640.68"
"182","H14","69","149074.17","235562.03","122430.1"
"182","H14","70","149588.77","236985.92","122350.04"
"182","H14","71","150294.98","238529.92","122647.05"
"182","H14","72","151098.45","240173.33","122616.836"
"182","H14","73","152097.9","242125.22","122564.08"
"182","H14","74","152970.19","244648.22","122433.7"
"182","H14","75","154062.6","248192.22","122431.14"
"182","H14","76","155626.53","252088.38","122750.88"
"182","H14","77","157873.3","257119.34","122585.195"
"182","H14","78","160853.81","263915.28","122447.65"
"182","H14","79","163656.17","272013.78","122615.33"
"182","H14","80","167265.89","280925.66","122914.234"
"182","H14","81","171204.45","290297.03","123138.805"
"182","H14","82","175374.16","300150.2","123538.57"
"182","H14","83","179794.73","310068.53","123726.445"
"182","H14","84","184151.45","320099.7","123713.234"
"182","H14","85","189284.89","330551.9","123704.09"
"182","H14","86","194678.06","340465.78","124203.83"
"182","H14","87","200313.81","350233.88","124244.49"
"182","H14","88","206821.2","360055.22","124104.11"
"182","H14","89","213562.39","369716.0","124148.4"
"182","H14","90","218889.4","378201.2","124019.336"
"183","H15","1","66304.02","62027.312","122763.984"
"183","H15","2","65996.21","62243.12","122631.35"
"183","H15","3","65642.95","62728.266","122163.336"
"183","H15","4","65219.945","63285.11","122052.89"
"183","H15","5","65114.395","63669.023","122147.734"
"183","H15","6","65169.48","63712.98","122220.7"
"183","H15","7","65175.758","63882.164","122121.49"
"183","H15","8","65124.664","64426.4","121952.99"
"183","H15","9","65033.918","64628.53","121960.2"
"183","H15","10","65076.75","64925.836","122137.54"
"183","H15","11","65353.164","65089.406","122149.73"
"183","H15","12","65480.92","65446.273","122138.24"
"183","H15","13","65642.98","65798.9","122039.664"
"183","H15","14","66051.625","66819.375","122044.9"
"183","H15","15","66739.41","68351.055","122249.14"
"183","H15","16","68146.336","71451.625","122277.96"
"183","H15","17","70450.234","76691.87","122235.24"
"183","H15","18","74379.33","85361.46","122246.734"
"183","H15","19","79956.04","98456.805","122350.33"
"183","H15","20","86869.05","114593.83","122951.44"
"183","H15","21","94283.734","131443.77","123560.23"
"183","H15","22","100854.59","146779.77","123578.984"
"183","H15","23","106663.38","158740.97","123551.24"
"183","H15","24","111900.01","167252.19","123782.8"
"183","H15","25","115773.03","172914.22","123932.875"
"183","H15","26","119035.3","177067.89","123916.69"
"183","H15","27","121537.94","179935.06","123797.27"
"183","H15","28","123248.12","182289.27","123779.04"
"183","H15","29","124546.37","184487.78","123871.84"
"183","H15","30","125513.25","186385.02","123996.39"
"183","H15","31","126450.51","188207.02","123893.02"
"183","H15","32","127416.51","190225.25","123739.37"
"183","H15","33","128051.81","191830.62","123584.69"
"183","H15","34","128440.42","193751.28","123486.97"
"183","H15","35","129192.94","195212.42","123573.28"
"183","H15","36","129962.82","196465.44","123848.84"
"183","H15","37","130613.6","198189.31","124057.07"
"183","H15","38","130887.836","199977.98","123732.89"
"183","H15","39","131235.44","201378.67","123582.27"
"183","H15","40","131646.73","202730.7","123761.164"
"183","H15","41","132209.84","204307.73","123870.016"
"183","H15","42","133024.73","206044.44","123846.84"
"183","H15","43","133597.42","207627.6","124066.56"
"183","H15","44","134248.5","208998.36","124046.23"
"183","H15","45","134799.0","210151.53","124142.45"
"183","H15","46","135142.16","211904.86","124105.85"
"183","H15","47","135569.7","213436.3","123886.11"
"183","H15","48","135891.48","214784.06","123804.07"
"183","H15","49","136256.31","216030.05","124039.86"
"183","H15","50","136929.39","217229.06","123895.23"
"183","H15","51","137396.0","218299.14","123737.25"
"183","H15","52","137853.55","219876.38","123757.54"
"183","H15","53","138241.5","221350.77","123931.96"
"183","H15","54","138889.72","222652.94","124055.28"
"183","H15","55","139342.25","224341.33","123966.89"
"183","H15","56","139919.08","225463.75","123914.69"
"183","H15","57","140111.23","226886.44","123749.33"
"183","H15","58","140354.45","227962.0","123562.22"
"183","H15","59","140917.58","229336.58","123487.28"
"183","H15","60","141555.52","230476.53","123708.09"
"183","H15","61","142110.05","231386.64","123775.195"
"183","H15","62","142331.84","232762.95","123771.17"
"183","H15","63","142974.58","234010.31","123843.26"
"183","H15","64","143169.7","235334.08","123775.6"
"183","H15","65","143593.14","236666.12","123798.31"
"183","H15","66","144193.17","237844.92","123776.66"
"183","H15","67","144905.53","238902.6","124015.25"
"183","H15","68","145289.5","240305.77","123968.79"
"183","H15","69","145600.25","241563.42","123829.75"
"183","H15","70","146134.66","243148.23","123765.68"
"183","H15","71","146469.1","244449.52","123607.36"
"183","H15","72","147279.62","245839.23","123545.55"
"183","H15","73","147779.33","247355.58","123826.77"
"183","H15","74","148314.31","248833.02","123880.83"
"183","H15","75","149448.83","250551.94","123787.54"
"183","H15","76","150457.38","252739.83","123809.945"
"183","H15","77","151559.7","255369.25","123762.195"
"183","H15","78","153389.23","259177.0","123940.33"
"183","H15","79","155663.75","264223.12","124043.414"
"183","H15","80","158740.84","270184.8","123978.695"
"183","H15","81","162513.3","277579.03","124060.34"
"183","H15","82","166664.81","286325.22","124046.766"
"183","H15","83","171638.22","295671.88","124201.33"
"183","H15","84","176934.53","306102.9","124193.445"
"183","H15","85","183209.36","317539.03","124564.625"
"183","H15","86","189477.67","328438.12","125187.24"
"183","H15","87","195931.86","340110.34","125302.15"
"183","H15","88","202884.05","351587.38","125199.82"
"183","H15","89","210565.97","362150.62","125134.86"
"183","H15","90","217192.62","371647.97","125302.33"
"184","H16","1","65713.53","62110.504","121796.42"
"184","H16","2","65649.695","62137.94","121594.12"
"184","H16","3","65298.84","62498.734","121390.07"
"184","H16","4","65207.547","62985.938","121388.125"
"184","H16","5","65236.387","63749.164","121510.41"
"184","H16","6","65217.992","63868.66","121540.836"
"184","H16","7","65228.918","64152.367","121640.0"
"184","H16","8","65338.234","64656.844","121587.49"
"184","H16","9","65242.273","64808.57","121504.28"
"184","H16","10","65158.195","64930.535","121377.99"
"184","H16","11","65165.63","65034.152","121373.11"
"184","H16","12","65354.434","65121.965","121473.0"
"184","H16","13","65784.11","65740.79","121502.016"
"184","H16","14","66109.75","66619.914","121585.945"
"184","H16","15","66858.914","68445.19","121465.96"
"184","H16","16","68128.89","71430.67","121447.24"
"184","H16","17","70430.53","76829.93","121634.54"
"184","H16","18","74281.4","85670.336","121813.55"
"184","H16","19","79855.67","98836.6","121883.09"
"184","H16","20","86796.86","114824.15","122236.2"
"184","H16","21","93705.49","131835.23","122465.94"
"184","H16","22","100052.61","147237.11","122838.055"
"184","H16","23","105838.05","159286.2","123031.766"
"184","H16","24","110735.94","167460.1","123217.22"
"184","H16","25","114713.24","173113.62","123181.89"
"184","H16","26","117824.31","176471.2","123298.57"
"184","H16","27","120163.5","179492.31","123416.56"
"184","H16","28","122053.28","181997.94","123378.375"
"184","H16","29","123421.31","184342.5","123524.11"
"184","H16","30","124494.71","186075.66","123465.305"
"184","H16","31","125486.47","187808.55","123530.66"
"184","H16","32","126150.66","189794.72","123694.13"
"184","H16","33","126866.15","191774.48","123591.71"
"184","H16","34","127453.79","193228.36","123446.73"
"184","H16","35","128478.89","194748.88","123375.445"
"184","H16","36","129209.27","196563.8","123598.14"
"184","H16","37","129704.68","197859.97","123591.37"
"184","H16","38","130270.15","199152.0","123593.57"
"184","H16","39","130694.305","201194.77","123551.76"
"184","H16","40","131271.39","203022.19","123525.84"
"184","H16","41","131927.1","204251.62","123409.44"
"184","H16","42","132458.12","205856.1","123350.8"
"184","H16","43","133080.14","207274.78","123273.02"
"184","H16","44","133785.8","208745.75","123402.73"
"184","H16","45","134162.6","210301.31","123434.16"
"184","H16","46","134491.75","211662.88","123377.72"
"184","H16","47","135000.05","212815.27","123575.07"
"184","H16","48","135434.19","214226.7","123642.8"
"184","H16","49","136049.81","215567.39","123659.12"
"184","H16","50","136501.92","217153.16","123535.91"
"184","H16","51","136856.58","218323.31","123480.38"
"184","H16","52","137203.78","219790.17","123587.24"
"184","H16","53","137786.95","221013.33","123776.19"
"184","H16","54","138261.31","222452.03","123707.3"
"184","H16","55","138804.6","223772.55","123662.35"
"184","H16","56","139283.81","224941.02","123435.07"
"184","H16","57","139682.66","226175.45","123358.55"
"184","H16","58","140164.36","227672.6","123712.07"
"184","H16","59","140650.69","228802.33","123836.766"
"184","H16","60","141117.5","229891.0","123774.93"
"184","H16","61","141487.53","230983.83","123747.96"
"184","H16","62","142077.16","232167.69","123737.23"
"184","H16","63","142474.12","233474.75","123845.04"
"184","H16","64","142881.55","234766.4","123729.47"
"184","H16","65","143321.84","236496.12","123618.74"
"184","H16","66","143876.22","237610.27","123620.445"
"184","H16","67","144564.89","238526.42","123514.664"
"184","H16","68","144822.22","239829.92","123531.3"
"184","H16","69","145217.61","240716.69","123636.26"
"184","H16","70","145770.06","242274.78","123571.39"
"184","H16","71","146420.83","243468.23","123496.836"
"184","H16","72","147177.62","245201.34","123503.79"
"184","H16","73","147736.44","247146.16","123689.1"
"184","H16","74","148608.17","249233.52","123782.55"
"184","H16","75","149506.97","251139.17","123747.0"
"184","H16","76","150281.73","253415.78","123793.37"
"184","H16","77","151817.23","256769.03","123922.78"
"184","H16","78","153585.95","260835.0","123902.984"
"184","H16","79","155823.77","265712.97","124066.91"
"184","H16","80","158533.95","271203.2","124207.47"
"184","H16","81","161804.88","277393.97","124127.56"
"184","H16","82","165801.03","283962.9","123992.375"
"184","H16","83","170389.3","290654.0","124046.336"
"184","H16","84","175318.9","297016.56","124213.625"
"184","H16","85","180335.25","302995.2","124293.164"
"184","H16","86","185162.64","309211.66","124306.18"
"184","H16","87","190232.48","315655.88","124591.766"
"184","H16","88","195361.34","321387.34","124668.055"
"184","H16","89","200688.22","327605.12","124766.05"
"184","H16","90","204848.38","332812.1","124721.31"
"185","H17","1","62866.914","50273.83","120762.27"
"185","H17","2","62616.785","50307.258","120438.56"
"185","H17","3","62166.395","50712.85","119721.48"
"185","H17","4","61681.188","51022.938","119405.62"
"185","H17","5","61573.195","51308.375","119062.914"
"185","H17","6","61648.234","51337.652","118882.805"
"185","H17","7","61619.07","51400.258","118746.37"
"185","H17","8","61533.566","51600.887","118692.805"
"185","H17","9","61464.508","51401.14","118907.18"
"185","H17","10","61484.492","51330.777","119195.164"
"185","H17","11","61619.62","51606.434","119128.33"
"185","H17","12","61624.28","51715.54","118795.484"
"185","H17","13","61631.438","51998.996","118713.08"
"185","H17","14","61673.18","52187.85","118985.0"
"185","H17","15","61837.668","52061.86","119187.59"
"185","H17","16","62094.492","51951.81","119178.07"
"185","H17","17","62517.445","52098.918","119066.27"
"185","H17","18","63300.246","52340.008","118954.93"
"185","H17","19","64688.973","52667.523","118827.2"
"185","H17","20","67036.12","53106.79","118776.836"
"185","H17","21","71186.945","53957.344","118928.24"
"185","H17","22","78271.9","55405.492","118900.9"
"185","H17","23","89120.98","57214.777","118891.414"
"185","H17","24","103832.695","60455.637","118874.945"
"185","H17","25","121126.49","63874.39","119062.016"
"185","H17","26","138597.86","66974.47","119012.16"
"185","H17","27","154495.69","69744.36","118794.78"
"185","H17","28","167476.38","71618.805","118704.836"
"185","H17","29","177726.42","72857.72","118791.586"
"185","H17","30","185724.98","73420.38","118803.83"
"185","H17","31","192323.56","73796.91","118835.87"
"185","H17","32","197764.48","74409.85","118766.49"
"185","H17","33","201761.1","74675.72","118720.94"
"185","H17","34","205148.27","75011.305","118708.414"
"185","H17","35","207801.64","75099.33","118597.39"
"185","H17","36","209869.9","75332.734","118389.93"
"185","H17","37","211391.66","75932.54","118350.35"
"185","H17","38","212852.27","75959.25","118540.95"
"185","H17","39","214300.25","75995.414","118547.09"
"185","H17","40","215706.64","75984.586","118581.11"
"185","H17","41","216732.84","75966.89","118527.28"
"185","H17","42","217759.33","76303.58","118488.875"
"185","H17","43","218735.66","76484.24","118468.29"
"185","H17","44","219362.47","76636.0","118384.31"
"185","H17","45","219795.52","76815.08","118352.625"
"185","H17","46","220457.34","77216.93","118441.22"
"185","H17","47","221264.86","77253.836","118269.336"
"185","H17","48","222157.31","77219.85","118219.29"
"185","H17","49","222609.16","77400.69","118357.086"
"185","H17","50","222908.77","77721.67","118369.13"
"185","H17","51","223684.4","77678.266","118474.69"
"185","H17","52","224315.86","77555.586","118501.57"
"185","H17","53","225074.98","77924.86","118245.28"
"185","H17","54","225571.52","78157.625","118149.85"
"185","H17","55","225887.2","78383.34","118184.12"
"185","H17","56","226506.1","78393.47","118263.414"
"185","H17","57","227469.05","78351.13","118302.79"
"185","H17","58","228095.92","78740.375","118204.164"
"185","H17","59","228849.81","79159.375","118110.516"
"185","H17","60","229706.23","79676.88","117974.34"
"185","H17","61","230813.33","79954.73","117991.08"
"185","H17","62","232652.56","80804.79","118184.84"
"185","H17","63","234723.38","82298.27","118188.38"
"185","H17","64","237372.97","84109.23","118153.766"
"185","H17","65","240982.0","86398.78","118124.88"
"185","H17","66","245535.73","88723.66","118069.86"
"185","H17","67","250985.45","91605.62","118056.7"
"185","H17","68","257368.8","94822.555","118114.67"
"185","H17","69","264415.25","97944.414","118012.91"
"185","H17","70","271816.03","101407.65","117981.09"
"185","H17","71","279400.6","105156.56","118070.945"
"185","H17","72","287927.2","109125.82","118250.55"
"185","H17","73","296265.7","112928.05","118261.99"
"185","H17","74","304314.8","117108.234","118293.23"
"185","H17","75","312542.78","121182.84","118285.68"
"185","H17","76","320939.62","124438.93","118399.76"
"185","H17","77","329384.12","128172.79","118482.05"
"185","H17","78","338132.97","132287.62","118385.59"
"185","H17","79","346459.4","136340.5","118313.445"
"185","H17","80","354987.66","140402.64","118302.65"
"185","H17","81","363577.1","144642.42","118234.35"
"185","H17","82","371617.53","148373.3","118185.766"
"185","H17","83","380486.6","152403.86","118251.96"
"185","H17","84","389532.3","156266.48","118493.414"
"185","H17","85","397799.34","160248.48","118712.9"
"185","H17","86","405524.16","164277.83","118685.55"
"185","H17","87","412768.2","168498.38","118651.11"
"185","H17","88","420621.2","172236.12","118603.14"
"185","H17","89","428353.66","176221.2","118577.65"
"185","H17","90","433522.16","179462.06","118753.03"
"186","H18","1","68781.21","59738.258","131624.34"
"186","H18","2","68668.24","59973.89","131458.81"
"186","H18","3","68458.44","60604.043","131305.05"
"186","H18","4","68398.34","61344.797","131316.11"
"186","H18","5","68397.69","61688.96","131565.45"
"186","H18","6","68276.445","61785.664","131535.53"
"186","H18","7","68272.04","62238.895","131489.1"
"186","H18","8","68386.9","62499.55","131637.69"
"186","H18","9","68380.88","62477.85","131603.62"
"186","H18","10","68347.09","62419.57","131564.39"
"186","H18","11","68336.164","62719.617","131529.62"
"186","H18","12","68423.48","62711.332","131653.52"
"186","H18","13","68547.97","62867.66","131675.3"
"186","H18","14","68601.086","62918.176","131879.45"
"186","H18","15","68635.0","63108.71","131813.56"
"186","H18","16","68961.29","63114.27","131760.52"
"186","H18","17","69305.53","63416.645","131949.6"
"186","H18","18","69865.57","63746.227","131867.83"
"186","H18","19","71157.53","64000.484","131637.39"
"186","H18","20","73217.3","64623.58","131501.7"
"186","H18","21","76875.87","65779.76","131413.17"
"186","H18","22","82639.805","67659.53","131396.47"
"186","H18","23","91422.47","70290.67","131616.19"
"186","H18","24","103103.84","74778.49","131590.44"
"186","H18","25","118016.234","79939.34","131593.17"
"186","H18","26","134398.88","85475.125","131758.23"
"186","H18","27","150608.25","90123.73","131521.39"
"186","H18","28","165108.86","93825.18","131455.75"
"186","H18","29","177095.25","96197.586","131712.92"
"186","H18","30","186644.94","97363.8","131685.52"
"186","H18","31","194467.55","97916.64","131612.81"
"186","H18","32","200437.81","98549.195","131633.39"
"186","H18","33","205614.66","99247.28","131589.58"
"186","H18","34","209850.34","99499.56","131591.25"
"186","H18","35","212848.17","100077.805","131345.16"
"186","H18","36","215609.98","100771.75","131251.0"
"186","H18","37","217457.75","100792.33","131327.53"
"186","H18","38","219413.23","100781.51","131242.34"
"186","H18","39","220697.14","101184.586","131210.97"
"186","H18","40","222147.03","101091.25","131392.25"
"186","H18","41","223165.38","101281.53","131411.83"
"186","H18","42","224563.47","101568.96","131422.67"
"186","H18","43","225387.05","101954.6","131481.38"
"186","H18","44","225811.7","102174.47","131484.11"
"186","H18","45","226764.7","102216.125","131449.61"
"186","H18","46","227350.4","102371.95","131523.17"
"186","H18","47","228230.3","102397.39","131460.11"
"186","H18","48","228937.27","102615.31","131363.95"
"186","H18","49","229595.81","102902.1","131305.61"
"186","H18","50","230040.89","102938.55","131297.6"
"186","H18","51","230461.44","103074.25","131366.62"
"186","H18","52","231114.42","103456.9","131354.7"
"186","H18","53","231696.48","103382.28","131068.75"
"186","H18","54","232443.27","103483.7","131030.82"
"186","H18","55","232827.34","103807.87","131311.84"
"186","H18","56","233318.56","104008.36","131313.56"
"186","H18","57","233636.02","104041.16","131200.72"
"186","H18","58","234218.22","104220.34","131124.7"
"186","H18","59","234878.7","104455.875","131098.98"
"186","H18","60","235439.5","104770.77","130993.41"
"186","H18","61","236230.69","105183.21","130754.055"
"186","H18","62","236756.38","105902.13","130768.69"
"186","H18","63","237921.44","106771.14","131120.4"
"186","H18","64","239552.22","107892.27","131396.0"
"186","H18","65","241468.05","109528.27","131319.94"
"186","H18","66","244407.78","111936.95","131137.5"
"186","H18","67","247785.7","114742.805","131094.5"
"186","H18","68","251990.55","117909.83","131284.58"
"186","H18","69","257002.69","121748.79","131358.39"
"186","H18","70","262650.47","126408.79","131033.99"
"186","H18","71","268789.38","131057.164","130965.25"
"186","H18","72","275652.0","135943.52","131172.6"
"186","H18","73","282413.47","141095.42","131195.14"
"186","H18","74","289249.03","146193.14","131198.84"
"186","H18","75","296885.47","151352.16","131431.84"
"186","H18","76","304320.53","156605.7","131466.72"
"186","H18","77","311289.88","162054.38","131450.73"
"186","H18","78","319589.4","167446.22","131195.02"
"186","H18","79","327420.25","172926.78","131153.77"
"186","H18","80","335519.7","178467.4","131491.06"
"186","H18","81","343292.97","183675.31","131747.94"
"186","H18","82","351326.28","189145.06","131724.16"
"186","H18","83","360031.6","194639.1","131767.98"
"186","H18","84","368950.97","200106.75","131891.02"
"186","H18","85","378659.7","205657.34","131985.02"
"186","H18","86","386400.9","211308.62","131945.55"
"186","H18","87","394511.56","216497.89","131952.83"
"186","H18","88","403408.72","221688.25","131902.84"
"186","H18","89","411917.22","227354.88","131791.9"
"186","H18","90","419047.12","231815.16","131713.78"
"187","H19","1","66852.59","56859.832","134714.45"
"187","H19","2","66612.31","56919.1","134366.17"
"187","H19","3","66275.19","57252.664","134126.72"
"187","H19","4","66141.64","57700.293","134117.7"
"187","H19","5","65984.836","58207.266","134097.05"
"187","H19","6","65928.31","58309.17","133972.83"
"187","H19","7","65902.44","58423.273","133910.58"
"187","H19","8","65933.18","58596.28","133991.92"
"187","H19","9","66080.734","58867.375","134009.0"
"187","H19","10","66124.586","58940.17","134226.9"
"187","H19","11","66264.39","58893.86","134292.53"
"187","H19","12","66282.42","59119.797","134192.11"
"187","H19","13","66284.4","59148.05","134131.25"
"187","H19","14","66267.37","59042.875","134237.39"
"187","H19","15","66327.93","59128.49","134176.39"
"187","H19","16","66526.15","59279.773","134070.69"
"187","H19","17","66834.32","59466.805","133995.58"
"187","H19","18","67493.47","59864.87","133945.36"
"187","H19","19","68840.71","60047.61","133874.12"
"187","H19","20","70734.98","60545.97","133832.81"
"187","H19","21","74083.52","61382.4","133810.98"
"187","H19","22","79255.07","62844.402","133979.66"
"187","H19","23","86888.42","65468.3","134172.58"
"187","H19","24","97166.945","69644.57","134323.42"
"187","H19","25","109791.266","74939.13","134276.6"
"187","H19","26","123868.42","80969.4","134239.12"
"187","H19","27","138399.48","86818.88","134209.69"
"187","H19","28","153148.77","92399.516","134361.22"
"187","H19","29","166343.34","96753.555","134361.73"
"187","H19","30","177242.97","98977.59","134488.12"
"187","H19","31","185675.22","100730.51","134485.1"
"187","H19","32","192295.06","101845.8","134389.62"
"187","H19","33","197430.55","102464.01","134280.45"
"187","H19","34","201291.72","102671.24","133965.27"
"187","H19","35","204411.1","103371.336","133901.95"
"187","H19","36","207128.67","103501.22","134166.45"
"187","H19","37","208844.88","103867.85","134220.89"
"187","H19","38","210657.83","104396.914","134216.83"
"187","H19","39","212238.8","104460.52","134181.19"
"187","H19","40","213379.12","104681.97","134292.69"
"187","H19","41","214563.94","104964.586","134249.5"
"187","H19","42","215581.75","105026.414","134175.78"
"187","H19","43","216420.78","105438.35","134211.34"
"187","H19","44","217310.64","105593.38","134150.75"
"187","H19","45","217862.72","105372.62","134120.62"
"187","H19","46","218445.81","105725.13","134098.86"
"187","H19","47","218965.05","106036.234","134053.69"
"187","H19","48","219764.1","106311.484","133965.97"
"187","H19","49","220437.64","106656.01","133881.23"
"187","H19","50","221151.61","106500.81","133857.69"
"187","H19","51","221715.14","106411.555","134022.5"
"187","H19","52","222139.36","106988.3","134007.89"
"187","H19","53","222618.5","107082.305","133999.9"
"187","H19","54","223103.92","106898.73","133894.16"
"187","H19","55","223724.53","107240.62","133681.88"
"187","H19","56","224106.89","107684.84","133649.95"
"187","H19","57","224589.0","107772.67","133879.48"
"187","H19","58","224924.6","107950.67","133946.38"
"187","H19","59","225357.67","108316.97","133912.33"
"187","H19","60","226298.2","108692.49","133930.25"
"187","H19","61","227094.6","109036.74","133684.34"
"187","H19","62","227502.97","109164.11","133523.4"
"187","H19","63","228135.83","109676.89","133520.42"
"187","H19","64","229265.42","110530.805","133740.61"
"187","H19","65","230590.81","111494.88","133855.88"
"187","H19","66","232184.84","113076.195","133876.61"
"187","H19","67","234427.17","115120.96","133861.3"
"187","H19","68","237378.53","117799.195","133623.34"
"187","H19","69","240859.9","121249.875","133365.23"
"187","H19","70","245401.56","125101.65","133349.42"
"187","H19","71","250017.88","129822.555","133585.02"
"187","H19","72","255343.9","135055.12","133959.64"
"187","H19","73","261080.95","140122.0","134073.84"
"187","H19","74","266353.44","144979.38","134033.58"
"187","H19","75","272915.44","149793.22","134081.66"
"187","H19","76","278919.06","155005.67","134080.11"
"187","H19","77","285463.62","160165.8","134130.86"
"187","H19","78","291864.12","165777.6","134354.02"
"187","H19","79","297660.44","171027.8","134360.0"
"187","H19","80","304889.94","175812.78","134438.62"
"187","H19","81","312017.5","181182.86","134429.75"
"187","H19","82","319861.1","186537.75","134514.39"
"187","H19","83","327168.2","191828.36","134189.92"
"187","H19","84","334981.47","196550.36","134128.0"
"187","H19","85","342787.97","201588.02","134478.6"
"187","H19","86","351019.06","206243.28","134458.56"
"187","H19","87","358958.9","210942.36","134390.11"
"187","H19","88","367696.88","215731.8","134531.4"
"187","H19","89","376321.47","220126.75","134644.31"
"187","H19","90","382392.1","224155.19","134975.8"
"188","H20","1","63319.367","53206.67","127387.65"
"188","H20","2","63071.703","53232.984","126991.266"
"188","H20","3","62789.375","53536.863","126548.66"
"188","H20","4","62696.062","53791.62","126194.37"
"188","H20","5","62620.61","54334.465","126082.664"
"188","H20","6","62576.973","54439.6","126100.375"
"188","H20","7","62579.773","54448.082","126206.29"
"188","H20","8","62681.566","54349.7","126073.03"
"188","H20","9","62721.49","54327.902","126048.53"
"188","H20","10","62659.03","54632.188","126226.95"
"188","H20","11","62522.777","54681.285","126319.07"
"188","H20","12","62519.875","54897.4","126280.31"
"188","H20","13","62681.957","54930.22","126274.75"
"188","H20","14","62911.285","55035.55","126296.55"
"188","H20","15","63137.387","55055.086","126081.99"
"188","H20","16","63159.227","55287.297","126042.484"
"188","H20","17","63206.832","55352.098","126198.78"
"188","H20","18","63786.844","55527.086","126226.45"
"188","H20","19","64929.04","55748.273","126272.32"
"188","H20","20","66800.46","56144.766","126240.516"
"188","H20","21","69933.36","57126.84","126237.76"
"188","H20","22","74715.66","58610.637","126261.85"
"188","H20","23","81943.43","60688.707","126241.984"
"188","H20","24","91262.7","64191.89","126328.34"
"188","H20","25","102212.836","69006.62","126400.625"
"188","H20","26","113911.63","74828.2","126228.28"
"188","H20","27","126233.14","80887.875","126168.06"
"188","H20","28","138756.89","86974.195","126296.01"
"188","H20","29","150705.44","91841.49","126460.34"
"188","H20","30","161072.56","95411.14","126531.33"
"188","H20","31","169165.2","97637.625","126534.91"
"188","H20","32","175474.36","98995.555","126506.57"
"188","H20","33","180566.08","99653.06","126605.62"
"188","H20","34","184057.64","100163.49","126566.55"
"188","H20","35","186942.58","100656.96","126520.63"
"188","H20","36","189282.69","101202.63","126576.59"
"188","H20","37","191019.81","101413.05","126631.25"
"188","H20","38","192488.3","101802.48","126470.375"
"188","H20","39","193822.06","102064.15","126418.27"
"188","H20","40","194928.5","102223.21","126574.695"
"188","H20","41","195969.4","102479.72","126577.81"
"188","H20","42","196773.89","102796.445","126652.22"
"188","H20","43","197610.9","103107.195","126635.18"
"188","H20","44","198355.2","103071.305","126518.875"
"188","H20","45","198973.38","103366.47","126304.22"
"188","H20","46","199539.4","103791.85","126276.13"
"188","H20","47","200215.98","103918.5","126502.85"
"188","H20","48","200777.39","104030.76","126460.44"
"188","H20","49","201039.88","104067.43","126346.805"
"188","H20","50","201726.22","104053.8","126333.47"
"188","H20","51","202456.6","104336.27","126539.45"
"188","H20","52","202995.0","104761.375","126462.58"
"188","H20","53","203254.89","104940.48","126096.664"
"188","H20","54","203806.62","105027.39","126066.45"
"188","H20","55","204291.03","104965.2","126428.49"
"188","H20","56","204845.66","105116.88","126693.65"
"188","H20","57","205308.78","105341.98","126677.93"
"188","H20","58","205903.97","105824.83","126519.91"
"188","H20","59","206335.08","105932.38","126431.06"
"188","H20","60","206685.06","106125.61","126348.375"
"188","H20","61","207051.45","106219.63","125998.664"
"188","H20","62","207689.05","106426.664","126011.01"
"188","H20","63","208396.03","106751.01","126447.34"
"188","H20","64","208976.02","107558.74","126615.52"
"188","H20","65","209544.05","108328.82","126522.71"
"188","H20","66","210491.0","109318.82","126462.25"
"188","H20","67","212229.3","110615.83","126490.72"
"188","H20","68","213964.14","112712.195","126270.82"
"188","H20","69","216153.0","115152.86","126245.49"
"188","H20","70","219015.02","118309.83","126519.89"
"188","H20","71","222512.44","122194.17","126502.29"
"188","H20","72","226394.92","126724.33","126457.44"
"188","H20","73","230528.78","131358.67","126617.03"
"188","H20","74","235031.55","136266.16","126775.85"
"188","H20","75","239699.2","141488.8","126763.11"
"188","H20","76","244565.42","146462.25","126837.945"
"188","H20","77","249783.95","151568.19","126782.516"
"188","H20","78","255024.48","156384.67","126756.89"
"188","H20","79","260284.72","161515.28","126848.516"
"188","H20","80","265927.38","166128.89","126997.2"
"188","H20","81","271742.44","171393.89","126878.12"
"188","H20","82","277617.12","176312.94","126808.64"
"188","H20","83","283394.12","181230.52","126962.695"
"188","H20","84","290719.12","185909.42","127044.62"
"188","H20","85","297372.0","190571.23","127240.2"
"188","H20","86","303790.66","195087.62","127387.68"
"188","H20","87","310707.06","199496.38","127572.5"
"188","H20","88","317791.1","203997.3","127658.6"
"188","H20","89","325134.1","208373.02","127530.016"
"188","H20","90","331301.4","211818.25","127394.64"
"189","H21","1","63509.242","56097.54","127575.14"
"189","H21","2","63371.445","56266.484","127409.695"
"189","H21","3","63015.906","56649.754","127256.71"
"189","H21","4","62937.754","57065.055","127149.99"
"189","H21","5","62996.598","57433.26","127097.54"
"189","H21","6","62944.26","57813.67","127116.586"
"189","H21","7","62917.52","57990.65","127096.3"
"189","H21","8","62971.17","57958.906","127030.94"
"189","H21","9","63011.297","58259.785","126889.09"
"189","H21","10","62988.38","58710.17","126906.055"
"189","H21","11","62859.176","58665.67","127109.99"
"189","H21","12","62869.035","58559.535","127169.0"
"189","H21","13","63038.594","58485.277","127325.586"
"189","H21","14","63074.94","58732.367","127253.78"
"189","H21","15","63177.938","58823.184","126993.445"
"189","H21","16","63281.473","58919.37","126933.38"
"189","H21","17","63839.395","58919.06","127038.15"
"189","H21","18","64428.266","59133.145","127168.75"
"189","H21","19","65391.44","59260.207","127152.41"
"189","H21","20","67269.664","59604.973","127098.5"
"189","H21","21","70337.74","61009.38","127095.1"
"189","H21","22","75081.68","62435.688","127166.7"
"189","H21","23","82198.72","64833.793","127157.7"
"189","H21","24","90815.555","68694.84","127212.26"
"189","H21","25","100930.63","73813.87","127242.74"
"189","H21","26","111495.7","80443.33","127245.29"
"189","H21","27","121920.64","87424.67","127428.055"
"189","H21","28","132008.7","93736.6","127560.29"
"189","H21","29","141255.58","99649.84","127679.82"
"189","H21","30","149879.6","104685.625","127670.414"
"189","H21","31","157373.78","108494.91","127770.6"
"189","H21","32","163498.92","110851.55","127754.586"
"189","H21","33","168170.89","112228.33","127829.305"
"189","H21","34","171834.27","113340.69","127777.8"
"189","H21","35","174444.42","113914.06","127796.94"
"189","H21","36","176669.23","114276.05","127921.23"
"189","H21","37","178416.81","114783.43","127881.49"
"189","H21","38","179715.47","115239.17","127877.54"
"189","H21","39","181088.02","115875.85","127826.5"
"189","H21","40","182027.62","115745.15","127873.05"
"189","H21","41","182775.08","116484.25","127794.42"
"189","H21","42","183420.06","117176.64","127738.83"
"189","H21","43","184158.25","117329.16","127887.26"
"189","H21","44","184816.11","117285.26","127959.14"
"189","H21","45","185572.12","117410.555","127894.79"
"189","H21","46","185926.92","117253.79","127937.1"
"189","H21","47","186530.7","117680.31","128059.4"
"189","H21","48","186999.56","118120.305","127984.65"
"189","H21","49","187603.77","118585.516","127868.586"
"189","H21","50","188131.7","118426.76","127820.445"
"189","H21","51","188732.81","118501.055","127956.08"
"189","H21","52","188838.75","119073.875","127929.266"
"189","H21","53","189217.86","119083.69","127952.48"
"189","H21","54","189297.12","119396.08","127899.07"
"189","H21","55","189768.83","119303.17","127908.44"
"189","H21","56","190244.95","119688.9","127775.46"
"189","H21","57","190640.36","120428.016","127684.23"
"189","H21","58","191202.86","120341.484","127760.57"
"189","H21","59","191452.95","120368.59","127895.24"
"189","H21","60","191702.56","120665.02","127924.62"
"189","H21","61","192051.44","120985.39","127830.83"
"189","H21","62","192765.89","120944.1","127563.85"
"189","H21","63","193138.33","121111.57","127461.83"
"189","H21","64","193335.08","121444.09","127518.91"
"189","H21","65","193637.38","121902.0","127527.195"
"189","H21","66","194015.75","122133.68","127694.87"
"189","H21","67","194525.81","122871.24","127644.65"
"189","H21","68","194959.03","123953.93","127510.99"
"189","H21","69","195487.6","124944.55","127493.87"
"189","H21","70","196407.12","127238.914","127744.1"
"189","H21","71","197691.44","129557.2","127746.914"
"189","H21","72","198950.89","132797.33","127809.95"
"189","H21","73","200910.6","136484.11","127990.37"
"189","H21","74","203200.05","141321.6","128077.266"
"189","H21","75","205490.45","146491.05","128059.27"
"189","H21","76","207587.42","152065.11","128121.57"
"189","H21","77","210149.88","158058.3","128051.32"
"189","H21","78","213059.62","163679.48","128043.21"
"189","H21","79","215991.38","169237.84","128178.2"
"189","H21","80","219073.86","174935.95","128358.83"
"189","H21","81","222530.89","179968.33","128487.83"
"189","H21","82","225958.48","185491.9","128530.195"
"189","H21","83","229437.16","191085.39","128702.28"
"189","H21","84","233284.0","196805.4","128647.97"
"189","H21","85","237290.55","202721.75","128655.26"
"189","H21","86","241301.08","207907.22","128779.11"
"189","H21","87","245824.94","212998.36","129115.06"
"189","H21","88","250245.27","218324.67","129203.33"
"189","H21","89","254999.88","223292.28","129214.1"
"189","H21","90","259024.45","228131.94","129095.58"
"190","H22","1","62808.79","54958.02","125422.65"
"190","H22","2","62658.52","55102.285","125384.266"
"190","H22","3","62564.785","55461.344","125355.57"
"190","H22","4","62578.062","55883.855","125456.83"
"190","H22","5","62260.63","56156.13","125443.33"
"190","H22","6","62202.863","56620.9","125394.46"
"190","H22","7","62365.73","56751.98","125454.16"
"190","H22","8","62593.824","56742.887","125644.05"
"190","H22","9","62733.465","56699.234","125645.625"
"190","H22","10","62701.64","56866.598","125669.734"
"190","H22","11","62699.992","56878.78","125566.47"
"190","H22","12","62714.965","57131.566","125365.65"
"190","H22","13","62618.5","57099.418","125339.484"
"190","H22","14","62617.86","57149.047","125548.555"
"190","H22","15","62883.79","57215.336","125582.41"
"190","H22","16","62977.668","57386.188","125539.78"
"190","H22","17","63390.33","57671.168","125500.05"
"190","H22","18","63930.434","57715.54","125166.48"
"190","H22","19","65098.94","58103.258","125149.3"
"190","H22","20","66889.06","58440.625","125425.234"
"190","H22","21","69683.77","59474.04","125486.5"
"190","H22","22","74366.984","60653.645","125634.7"
"190","H22","23","81491.77","62853.02","125649.6"
"190","H22","24","90173.57","66586.24","125651.234"
"190","H22","25","100112.945","71621.555","125875.87"
"190","H22","26","110507.734","78043.305","125845.27"
"190","H22","27","120569.164","84736.82","125793.66"
"190","H22","28","130197.12","91051.76","125905.86"
"190","H22","29","139463.89","96907.64","125905.35"
"190","H22","30","148116.47","102118.17","126018.61"
"190","H22","31","155308.0","105572.03","126007.96"
"190","H22","32","161121.7","108019.195","126131.945"
"190","H22","33","165671.34","109790.445","126266.484"
"190","H22","34","169106.86","110942.63","126419.82"
"190","H22","35","172033.97","111670.57","126406.72"
"190","H22","36","174280.52","112388.83","126340.04"
"190","H22","37","175953.05","113002.945","126430.49"
"190","H22","38","177352.67","113157.914","126358.4"
"190","H22","39","178798.45","113257.664","126199.77"
"190","H22","40","180056.17","113620.5","126103.85"
"190","H22","41","180794.34","114115.94","126134.164"
"190","H22","42","181555.95","114325.47","126164.43"
"190","H22","43","181932.7","114337.97","126507.164"
"190","H22","44","182755.31","114770.68","126516.125"
"190","H22","45","183525.56","114979.1","126547.836"
"190","H22","46","183869.14","115483.35","126582.0"
"190","H22","47","184297.03","115452.62","126594.8"
"190","H22","48","184589.75","115974.664","126497.445"
"190","H22","49","185285.72","116233.805","126469.0"
"190","H22","50","185699.36","116517.99","126532.2"
"190","H22","51","185987.98","116812.57","126568.35"
"190","H22","52","186400.78","116812.71","126693.305"
"190","H22","53","186767.66","116943.62","126409.72"
"190","H22","54","187112.73","117014.89","126267.39"
"190","H22","55","187446.39","117303.03","126370.875"
"190","H22","56","187855.19","117662.91","126512.99"
"190","H22","57","188148.77","117619.71","126620.25"
"190","H22","58","188430.77","117678.305","126491.44"
"190","H22","59","188583.33","117789.79","126225.51"
"190","H22","60","188886.73","118205.66","126123.14"
"190","H22","61","189386.89","118419.32","126227.09"
"190","H22","62","189823.89","118480.75","126241.21"
"190","H22","63","190268.06","118484.92","126461.164"
"190","H22","64","190512.31","118875.484","126414.41"
"190","H22","65","190714.48","119218.56","126372.14"
"190","H22","66","190995.97","119584.99","126469.48"
"190","H22","67","191713.31","120273.59","126254.4"
"190","H22","68","192125.14","121266.65","126133.56"
"190","H22","69","192204.45","122092.14","126183.52"
"190","H22","70","192955.81","123171.63","126181.984"
"190","H22","71","193648.05","125167.58","126411.92"
"190","H22","72","194900.98","127822.875","126463.04"
"190","H22","73","196033.05","131455.72","126432.12"
"190","H22","74","197554.75","135011.11","126695.31"
"190","H22","75","199373.25","139635.05","126917.945"
"190","H22","76","201384.1","144759.77","126942.266"
"190","H22","77","203505.97","150244.69","126831.09"
"190","H22","78","205784.05","155547.61","126783.16"
"190","H22","79","207978.14","160870.58","126978.37"
"190","H22","80","210550.73","166440.58","127000.984"
"190","H22","81","213499.89","171806.08","127083.664"
"190","H22","82","216460.02","177030.22","127302.41"
"190","H22","83","219531.25","182316.66","127421.02"
"190","H22","84","222829.38","187485.64","127319.15"
"190","H22","85","226361.97","192637.19","127346.71"
"190","H22","86","229488.61","197815.39","127605.42"
"190","H22","87","233073.52","202756.94","127657.836"
"190","H22","88","237101.89","207576.39","127726.5"
"190","H22","89","241328.25","212256.31","127701.4"
"190","H22","90","245283.0","216124.14","127562.48"
"191","H23","1","69508.99","62927.32","130697.2"
"191","H23","2","69386.13","63166.23","130571.06"
"191","H23","3","69215.19","63775.2","130515.7"
"191","H23","4","68953.016","64329.37","130546.18"
"191","H23","5","68721.33","64680.86","130559.984"
"191","H23","6","68719.56","64952.992","130630.484"
"191","H23","7","68904.086","65032.184","130606.44"
"191","H23","8","68939.94","65166.8","130533.21"
"191","H23","9","68887.12","65547.54","130523.51"
"191","H23","10","68865.28","65636.43","130566.234"
"191","H23","11","68960.75","65581.195","130621.19"
"191","H23","12","69028.38","65897.64","130836.63"
"191","H23","13","69072.99","66090.77","130770.33"
"191","H23","14","69186.32","66108.62","130735.41"
"191","H23","15","69354.6","66088.51","130819.98"
"191","H23","16","69437.63","66052.18","130710.484"
"191","H23","17","69634.195","66015.84","130670.414"
"191","H23","18","70332.05","66455.58","130786.33"
"191","H23","19","71711.96","66707.78","130915.98"
"191","H23","20","73619.29","67301.03","130928.28"
"191","H23","21","76805.55","68482.34","130971.914"
"191","H23","22","81952.98","70166.4","131073.17"
"191","H23","23","89695.06","72724.26","131104.9"
"191","H23","24","99167.88","76857.77","131334.02"
"191","H23","25","110092.59","82039.76","131302.86"
"191","H23","26","121187.484","88883.164","131264.67"
"191","H23","27","131893.52","96028.35","131472.1"
"191","H23","28","141996.44","103265.78","131622.69"
"191","H23","29","151228.03","109307.69","131789.97"
"191","H23","30","159047.72","114567.125","131844.6"
"191","H23","31","165644.89","118772.91","131811.47"
"191","H23","32","170951.58","121677.65","131983.98"
"191","H23","33","175274.72","123823.59","132017.7"
"191","H23","34","178823.11","125205.55","132076.75"
"191","H23","35","181511.47","126120.18","132124.88"
"191","H23","36","183706.3","126824.31","132019.98"
"191","H23","37","185062.73","127552.72","131893.84"
"191","H23","38","186497.81","127927.69","131830.5"
"191","H23","39","187659.03","128348.266","131981.75"
"191","H23","40","188517.44","128778.484","132074.06"
"191","H23","41","189229.98","129275.69","132338.06"
"191","H23","42","189816.94","129552.766","132175.69"
"191","H23","43","190559.72","129944.73","132016.61"
"191","H23","44","191144.42","130471.8","132003.61"
"191","H23","45","191825.47","130735.66","132099.55"
"191","H23","46","192384.92","130804.836","132147.52"
"191","H23","47","192718.31","131065.055","132064.3"
"191","H23","48","192786.08","131230.44","132046.7"
"191","H23","49","193508.44","131527.36","131999.3"
"191","H23","50","193736.48","132058.31","132131.77"
"191","H23","51","193928.97","131995.58","132095.08"
"191","H23","52","194308.28","132026.38","132145.11"
"191","H23","53","194562.53","132353.52","132134.02"
"191","H23","54","194709.62","132795.22","132256.25"
"191","H23","55","194953.22","133156.3","132268.77"
"191","H23","56","195287.89","133065.16","132177.69"
"191","H23","57","195541.6","133464.16","132087.42"
"191","H23","58","196063.23","133793.28","132162.61"
"191","H23","59","196402.22","134078.16","132132.8"
"191","H23","60","196618.11","134130.23","132204.81"
"191","H23","61","196959.89","134147.6","132227.98"
"191","H23","62","197241.98","134643.6","132165.98"
"191","H23","63","197517.78","135009.22","132081.75"
"191","H23","64","197846.39","135234.88","132178.2"
"191","H23","65","197898.83","135547.7","132195.12"
"191","H23","66","198166.81","135902.05","132098.23"
"191","H23","67","198547.39","136082.92","132070.33"
"191","H23","68","198738.58","136096.95","132250.88"
"191","H23","69","199071.75","136842.11","132223.52"
"191","H23","70","198999.11","137709.75","132156.11"
"191","H23","71","199453.25","138893.42","132253.58"
"191","H23","72","199838.72","140413.72","132280.31"
"191","H23","73","200308.5","142887.33","132209.12"
"191","H23","74","200934.53","145815.16","132294.52"
"191","H23","75","201506.95","149912.88","132308.8"
"191","H23","76","202268.33","155029.17","132432.83"
"191","H23","77","203178.4","160728.78","132468.25"
"191","H23","78","204000.05","167173.81","132530.33"
"191","H23","79","204820.67","173639.42","132513.48"
"191","H23","80","206207.77","180095.05","132588.89"
"191","H23","81","207573.83","186994.52","132804.05"
"191","H23","82","208993.95","193932.56","133183.98"
"191","H23","83","210402.86","200478.53","133245.34"
"191","H23","84","212309.31","207125.42","133207.73"
"191","H23","85","214119.22","213463.94","133582.92"
"191","H23","86","215671.72","219908.62","133724.2"
"191","H23","87","217625.62","226584.06","133616.61"
"191","H23","88","219666.72","233158.69","133696.02"
"191","H23","89","222206.1","239442.44","133819.4"
"191","H23","90","224348.94","245361.28","133699.94"
"192","H24","1","68088.39","61830.29","127849.445"
"192","H24","2","67931.84","61868.668","127733.92"
"192","H24","3","67792.5","62372.953","127638.45"
"192","H24","4","67677.35","62889.51","127637.77"
"192","H24","5","67358.875","63352.17","127617.02"
"192","H24","6","67322.625","63789.05","127688.99"
"192","H24","7","67488.766","63826.746","127730.44"
"192","H24","8","67516.266","64065.383","127660.61"
"192","H24","9","67613.32","64277.766","127623.37"
"192","H24","10","67687.55","64380.055","127703.54"
"192","H24","11","67649.836","64332.71","127692.18"
"192","H24","12","67627.29","64562.117","127670.26"
"192","H24","13","67684.83","64681.816","127771.086"
"192","H24","14","67936.18","64633.633","127738.94"
"192","H24","15","68102.21","64629.42","127679.21"
"192","H24","16","68240.18","64714.258","127654.766"
"192","H24","17","68515.72","64816.36","127779.875"
"192","H24","18","69212.98","65139.137","127774.57"
"192","H24","19","70381.52","65430.637","127413.125"
"192","H24","20","72175.86","65922.18","127412.12"
"192","H24","21","75664.86","66950.56","127799.61"
"192","H24","22","80704.086","68718.94","127892.83"
"192","H24","23","87976.41","71209.95","127775.76"
"192","H24","24","97294.96","75034.71","127737.164"
"192","H24","25","107832.78","80352.23","127894.93"
"192","H24","26","118657.195","86912.4","128009.266"
"192","H24","27","129159.805","94086.03","128177.484"
"192","H24","28","138800.44","101265.07","128172.89"
"192","H24","29","147251.36","107830.97","128208.0"
"192","H24","30","154531.05","113358.88","128513.664"
"192","H24","31","160593.5","117903.72","128523.805"
"192","H24","32","165995.8","121221.16","128576.6"
"192","H24","33","170023.58","123609.48","128589.77"
"192","H24","34","173141.42","124963.23","128537.27"
"192","H24","35","175822.64","125998.625","128614.13"
"192","H24","36","177868.88","126934.945","128834.43"
"192","H24","37","178926.4","127699.01","128783.18"
"192","H24","38","180126.34","128158.1","128638.23"
"192","H24","39","181178.34","128409.734","128485.24"
"192","H24","40","181721.44","128916.48","128425.75"
"192","H24","41","182459.16","129661.81","128596.6"
"192","H24","42","183435.86","129867.53","128536.664"
"192","H24","43","183908.66","130157.87","128457.414"
"192","H24","44","184247.4","130597.734","128530.66"
"192","H24","45","184825.03","130942.64","128524.15"
"192","H24","46","185431.16","131259.97","128452.3"
"192","H24","47","185490.28","131635.08","128460.09"
"192","H24","48","185770.47","131779.69","128535.625"
"192","H24","49","186101.08","131922.45","128490.516"
"192","H24","50","186413.7","132090.73","128408.06"
"192","H24","51","186720.34","132637.6","128428.3"
"192","H24","52","186816.77","133116.64","128398.28"
"192","H24","53","187232.39","133072.0","128518.21"
"192","H24","54","187421.72","133101.08","128512.77"
"192","H24","55","187635.64","133415.27","128621.27"
"192","H24","56","187683.75","133786.28","128573.945"
"192","H24","57","188089.94","134022.34","128563.86"
"192","H24","58","188462.53","133977.08","128497.836"
"192","H24","59","188703.69","134346.78","128538.13"
"192","H24","60","188967.62","134756.64","128538.62"
"192","H24","61","189309.17","135165.98","128478.56"
"192","H24","62","189221.2","135182.66","128412.414"
"192","H24","63","189472.12","135303.9","128419.72"
"192","H24","64","189651.11","135544.95","128588.5"
"192","H24","65","189778.72","135823.36","128534.58"
"192","H24","66","190082.36","136182.28","128449.086"
"192","H24","67","190266.81","136385.4","128361.34"
"192","H24","68","190463.84","136292.36","128351.5"
"192","H24","69","190456.83","136596.36","128334.52"
"192","H24","70","190577.28","137029.05","128516.66"
"192","H24","71","190961.5","137161.2","128434.766"
"192","H24","72","191177.92","137440.27","128345.63"
"192","H24","73","191217.86","137831.31","128401.445"
"192","H24","74","191415.81","137907.6","128375.7"
"192","H24","75","191743.0","138192.28","128457.32"
"192","H24","76","191846.9","138423.34","128316.4"
"192","H24","77","191841.97","139042.44","128244.68"
"192","H24","78","191951.88","139350.52","128366.88"
"192","H24","79","192311.89","139354.5","128221.41"
"192","H24","80","192665.83","139795.62","128156.72"
"192","H24","81","192680.39","140252.3","128377.195"
"192","H24","82","192838.66","140651.4","128505.31"
"192","H24","83","193186.14","141278.31","128371.71"
"192","H24","84","193248.16","142526.81","128319.95"
"192","H24","85","193117.05","144191.4","128554.805"
"192","H24","86","193032.34","146393.19","128599.37"
"192","H24","87","193204.48","149285.33","128589.055"
"192","H24","88","193323.23","153293.64","128540.69"
"192","H24","89","193487.11","157946.56","128460.62"
"192","H24","90","193653.8","162476.73","128503.14"
"193","I1","1","72154.58","67288.336","152182.16"
"193","I1","2","72078.12","67335.836","151972.1"
"193","I1","3","71769.71","67636.08","151723.12"
"193","I1","4","71515.516","67933.63","151655.5"
"193","I1","5","71494.555","68464.27","151610.42"
"193","I1","6","71630.69","68766.02","151615.81"
"193","I1","7","71778.164","69049.125","151681.17"
"193","I1","8","72061.234","69366.71","151674.11"
"193","I1","9","72446.586","69814.21","151714.8"
"193","I1","10","73461.67","70614.38","151943.64"
"193","I1","11","75151.08","71978.13","152077.25"
"193","I1","12","77978.984","74678.94","152198.1"
"193","I1","13","82569.27","79322.484","152256.84"
"193","I1","14","89398.46","86066.99","152372.61"
"193","I1","15","97853.25","95665.914","152472.19"
"193","I1","16","107848.98","107713.14","152749.94"
"193","I1","17","119344.75","121149.86","152954.12"
"193","I1","18","132855.81","134073.83","153069.3"
"193","I1","19","148270.98","145516.69","153338.67"
"193","I1","20","164193.28","155027.16","153420.62"
"193","I1","21","179333.97","162197.14","153635.27"
"193","I1","22","191832.5","167378.28","153650.69"
"193","I1","23","200529.39","171422.52","153708.78"
"193","I1","24","205947.92","174617.34","153687.7"
"193","I1","25","210404.19","176698.98","153745.98"
"193","I1","26","212977.6","178881.16","153791.52"
"193","I1","27","214984.34","180974.58","153851.23"
"193","I1","28","217142.31","182719.31","153772.56"
"193","I1","29","218780.62","184406.02","153848.19"
"193","I1","30","219859.17","185932.05","153927.44"
"193","I1","31","220724.84","187546.38","153966.05"
"193","I1","32","221976.67","189262.55","154052.92"
"193","I1","33","222492.17","190724.7","153987.05"
"193","I1","34","223028.05","192247.39","153908.05"
"193","I1","35","223651.42","193590.17","153833.72"
"193","I1","36","224294.12","194830.36","154027.0"
"193","I1","37","225385.61","196163.36","154073.55"
"193","I1","38","225955.83","197443.58","154113.58"
"193","I1","39","226044.44","198630.81","154147.06"
"193","I1","40","226292.84","199935.8","154050.58"
"193","I1","41","227126.06","201275.84","154112.8"
"193","I1","42","227757.7","202449.52","154208.19"
"193","I1","43","228562.19","203724.36","154279.53"
"193","I1","44","229024.28","205083.14","154163.53"
"193","I1","45","229427.38","206133.3","154125.7"
"193","I1","46","229638.22","207125.22","154136.98"
"193","I1","47","230037.36","208135.81","154048.2"
"193","I1","48","230366.88","209238.22","154167.7"
"193","I1","49","230368.94","210563.1","154407.64"
"193","I1","50","230891.02","211589.03","154293.84"
"193","I1","51","231558.34","212712.14","154114.62"
"193","I1","52","232231.25","213788.53","154056.16"
"193","I1","53","233030.45","214691.31","154074.88"
"193","I1","54","232755.75","215850.69","154019.72"
"193","I1","55","233105.42","216818.75","154209.6"
"193","I1","56","233702.06","217748.72","154196.33"
"193","I1","57","234179.02","218817.98","154134.52"
"193","I1","58","234255.47","219759.44","154029.55"
"193","I1","59","235004.94","220827.6","154123.52"
"193","I1","60","235471.1","222082.06","154194.39"
"193","I1","61","236179.2","223307.38","154171.23"
"193","I1","62","237010.52","224518.64","154077.75"
"193","I1","63","238004.1","225770.73","154115.19"
"193","I1","64","239362.86","227407.89","154171.62"
"193","I1","65","241263.94","229223.38","154230.33"
"193","I1","66","243403.73","231360.78","154242.58"
"193","I1","67","247202.38","233786.64","154266.84"
"193","I1","68","251634.36","236987.12","154198.44"
"193","I1","69","257022.19","240969.48","154188.05"
"193","I1","70","263641.7","245484.36","154209.36"
"193","I1","71","271108.25","250084.58","154311.58"
"193","I1","72","278928.4","255384.47","154249.4"
"193","I1","73","287146.8","260855.97","154396.45"
"193","I1","74","294990.8","266119.8","154519.19"
"193","I1","75","304049.97","271855.34","154527.94"
"193","I1","76","312786.5","278076.75","154542.75"
"193","I1","77","321290.5","283984.94","154467.5"
"193","I1","78","329899.2","290434.3","154615.11"
"193","I1","79","337632.56","296474.0","154844.45"
"193","I1","80","346006.34","303326.34","154856.27"
"193","I1","81","353904.72","310326.66","154845.58"
"193","I1","82","361695.94","317381.12","155019.62"
"193","I1","83","369678.62","325415.47","154982.08"
"193","I1","84","377522.28","332909.34","155029.3"
"193","I1","85","385729.16","340728.84","155268.84"
"193","I1","86","393567.12","349465.22","155333.66"
"193","I1","87","401955.28","358060.72","155494.19"
"193","I1","88","410543.94","366557.16","155468.33"
"193","I1","89","419014.2","375375.53","155495.34"
"193","I1","90","426603.75","383238.56","155522.78"
"194","I2","1","58023.254","56850.41","127518.4"
"194","I2","2","57923.16","56990.58","127440.234"
"194","I2","3","57748.953","57354.023","127315.26"
"194","I2","4","57705.293","57689.992","127133.086"
"194","I2","5","57700.836","58116.08","127115.64"
"194","I2","6","57726.266","58579.895","127249.85"
"194","I2","7","57851.125","58915.008","127406.734"
"194","I2","8","58109.203","59218.273","127560.94"
"194","I2","9","58646.543","59820.832","127673.36"
"194","I2","10","59440.34","60982.16","127845.43"
"194","I2","11","60946.62","62582.617","127878.97"
"194","I2","12","63580.883","65607.164","127876.6"
"194","I2","13","67675.38","70658.125","127816.484"
"194","I2","14","73442.19","77801.34","127900.414"
"194","I2","15","80424.81","87489.75","128189.23"
"194","I2","16","87886.086","98784.484","128215.85"
"194","I2","17","95769.15","110221.445","128386.8"
"194","I2","18","105064.055","120811.336","128569.28"
"194","I2","19","116156.27","129963.48","128615.32"
"194","I2","20","128598.31","137384.89","128673.42"
"194","I2","21","141300.42","143226.64","128865.664"
"194","I2","22","152211.84","147796.62","128908.125"
"194","I2","23","160568.48","151379.81","128810.88"
"194","I2","24","165894.77","154341.19","128710.71"
"194","I2","25","168733.42","156963.61","128811.32"
"194","I2","26","171159.12","159025.45","128927.21"
"194","I2","27","173092.86","160795.45","128867.33"
"194","I2","28","174401.97","162583.52","128866.15"
"194","I2","29","175336.92","164288.88","128940.73"
"194","I2","30","176489.33","165654.78","128923.22"
"194","I2","31","177428.58","167142.81","128960.75"
"194","I2","32","178210.94","168484.61","128928.055"
"194","I2","33","178597.86","170216.83","128906.97"
"194","I2","34","179432.34","171534.89","129018.62"
"194","I2","35","179896.11","172975.62","129102.305"
"194","I2","36","180380.5","174294.02","129113.5"
"194","I2","37","180555.9","175431.19","129106.32"
"194","I2","38","180754.81","176576.66","129153.21"
"194","I2","39","181943.12","177752.3","129055.625"
"194","I2","40","182456.89","179139.67","128978.625"
"194","I2","41","182981.42","180343.2","129087.41"
"194","I2","42","182986.08","181674.77","129082.55"
"194","I2","43","183567.3","182898.12","128945.53"
"194","I2","44","184500.58","183797.4","128851.64"
"194","I2","45","184680.03","185016.88","129003.95"
"194","I2","46","184786.28","186066.52","129084.51"
"194","I2","47","184984.9","187372.1","129131.31"
"194","I2","48","184783.64","188572.88","129154.74"
"194","I2","49","186011.28","189565.6","129229.77"
"194","I2","50","186717.89","190557.73","129139.85"
"194","I2","51","186790.4","191549.48","129096.0"
"194","I2","52","186947.72","192850.6","129017.83"
"194","I2","53","187175.11","193889.77","129124.96"
"194","I2","54","187498.66","194912.4","129154.055"
"194","I2","55","188236.5","196006.64","129148.29"
"194","I2","56","188974.53","197081.88","129144.2"
"194","I2","57","189188.73","198275.98","129245.26"
"194","I2","58","189509.44","199126.77","129213.35"
"194","I2","59","189931.0","200545.34","129197.64"
"194","I2","60","190205.94","201847.78","129235.79"
"194","I2","61","190994.36","202761.8","129261.31"
"194","I2","62","191816.94","204277.0","129324.09"
"194","I2","63","192847.73","206002.17","129311.836"
"194","I2","64","195390.38","207731.22","129311.164"
"194","I2","65","197821.52","210352.28","129443.86"
"194","I2","66","200904.6","213306.2","129514.336"
"194","I2","67","204468.64","216766.48","129428.6"
"194","I2","68","209361.47","220883.19","129323.625"
"194","I2","69","215572.1","225490.02","129241.266"
"194","I2","70","222204.5","230791.66","129152.18"
"194","I2","71","228976.25","236233.55","129312.46"
"194","I2","72","236009.42","242049.16","129451.914"
"194","I2","73","242991.1","248286.38","129381.77"
"194","I2","74","250418.36","254244.95","129448.805"
"194","I2","75","257923.78","260538.58","129530.42"
"194","I2","76","265545.12","267420.6","129704.29"
"194","I2","77","272974.84","275002.03","129631.45"
"194","I2","78","279516.3","281969.88","129648.41"
"194","I2","79","287610.34","289143.16","129718.74"
"194","I2","80","294792.47","296741.72","129796.11"
"194","I2","81","302165.1","304530.44","129729.02"
"194","I2","82","310255.56","312329.38","129901.16"
"194","I2","83","318524.62","320351.4","130050.914"
"194","I2","84","326819.97","328638.66","129989.37"
"194","I2","85","335256.66","337338.6","129977.76"
"194","I2","86","343833.22","345119.2","130250.49"
"194","I2","87","352000.25","354106.6","130254.71"
"194","I2","88","360305.44","363045.0","130138.19"
"194","I2","89","368686.0","370975.4","130218.49"
"194","I2","90","375993.06","377591.1","130106.336"
"195","I3","1","60724.754","61476.47","136543.97"
"195","I3","2","60564.84","61547.027","136549.06"
"195","I3","3","60504.188","61901.742","136635.25"
"195","I3","4","60577.277","62169.527","136726.84"
"195","I3","5","60586.88","62494.207","136811.58"
"195","I3","6","60678.777","63082.45","137108.27"
"195","I3","7","60919.938","63366.723","137205.47"
"195","I3","8","61272.36","63753.08","137227.9"
"195","I3","9","61671.65","64184.24","137324.39"
"195","I3","10","62537.31","65273.76","137365.38"
"195","I3","11","64102.6","66827.23","137498.1"
"195","I3","12","66686.586","69450.92","137521.97"
"195","I3","13","70792.72","73847.37","137426.73"
"195","I3","14","76667.74","80829.98","137384.62"
"195","I3","15","83638.25","90379.77","137605.48"
"195","I3","16","90675.61","101941.195","137796.66"
"195","I3","17","97813.6","114371.234","137851.62"
"195","I3","18","105397.586","126443.375","138130.1"
"195","I3","19","114051.02","137692.28","138276.25"
"195","I3","20","124312.69","146852.31","138373.34"
"195","I3","21","136039.2","154547.14","138380.28"
"195","I3","22","147916.39","161347.84","138388.8"
"195","I3","23","158502.72","167039.73","138676.02"
"195","I3","24","166182.42","171678.53","138701.22"
"195","I3","25","171110.22","175121.1","138616.34"
"195","I3","26","174130.88","178053.8","138629.86"
"195","I3","27","175930.89","180333.94","138695.22"
"195","I3","28","177595.33","182312.1","138682.78"
"195","I3","29","179117.78","184251.8","138826.88"
"195","I3","30","180515.89","186244.23","138802.45"
"195","I3","31","181465.31","187880.0","138705.97"
"195","I3","32","182147.75","189563.69","138790.08"
"195","I3","33","182719.45","191049.64","138759.27"
"195","I3","34","183719.14","192388.64","138907.83"
"195","I3","35","183996.34","193755.23","138867.75"
"195","I3","36","184597.89","195272.77","138913.38"
"195","I3","37","184842.28","196771.12","139031.03"
"195","I3","38","185693.06","197832.2","138999.28"
"195","I3","39","186017.62","199143.47","139014.0"
"195","I3","40","186146.05","200523.45","138931.3"
"195","I3","41","186842.14","201749.34","138867.48"
"195","I3","42","186994.38","203040.48","138820.42"
"195","I3","43","187314.62","204409.66","138979.28"
"195","I3","44","187952.16","205499.75","139023.95"
"195","I3","45","188640.67","206435.22","138906.02"
"195","I3","46","188810.81","207688.92","138813.39"
"195","I3","47","189084.6","209123.45","138865.81"
"195","I3","48","189515.77","210047.78","138957.56"
"195","I3","49","189751.12","211067.16","138980.69"
"195","I3","50","190475.98","212393.12","138873.0"
"195","I3","51","190858.42","213453.36","138856.03"
"195","I3","52","191281.06","214548.98","138820.3"
"195","I3","53","191481.34","215688.34","139054.95"
"195","I3","54","192010.27","216911.03","138900.8"
"195","I3","55","192091.67","218092.0","138780.44"
"195","I3","56","192169.4","219007.9","138939.31"
"195","I3","57","192783.81","220099.11","138895.88"
"195","I3","58","193145.0","221245.08","138924.8"
"195","I3","59","193749.34","222352.95","138909.75"
"195","I3","60","193806.62","223524.28","138992.31"
"195","I3","61","194446.23","224684.61","138900.58"
"195","I3","62","195288.94","225998.14","138885.52"
"195","I3","63","196213.31","227788.73","138956.92"
"195","I3","64","197407.5","229797.84","138960.03"
"195","I3","65","199696.47","231879.61","138884.83"
"195","I3","66","201866.03","234893.3","138802.73"
"195","I3","67","205479.3","238509.84","138984.9"
"195","I3","68","209407.78","242501.11","139031.08"
"195","I3","69","213823.73","247752.45","139033.61"
"195","I3","70","219463.66","253332.12","138986.66"
"195","I3","71","225746.95","259502.55","139238.11"
"195","I3","72","231940.73","266026.97","139231.4"
"195","I3","73","238167.64","272702.78","139065.86"
"195","I3","74","244994.5","279710.53","138952.06"
"195","I3","75","251960.61","286822.03","139110.25"
"195","I3","76","259084.1","294362.66","139245.12"
"195","I3","77","265355.88","302299.3","139363.05"
"195","I3","78","272523.38","309683.25","139249.73"
"195","I3","79","279501.25","317613.2","139100.23"
"195","I3","80","286563.28","326107.84","139166.12"
"195","I3","81","293466.16","334253.6","139380.88"
"195","I3","82","300927.88","342323.7","139432.44"
"195","I3","83","308043.56","351186.28","139362.31"
"195","I3","84","315439.1","359969.75","139577.2"
"195","I3","85","323540.53","369029.25","139639.22"
"195","I3","86","331621.5","377822.38","139583.92"
"195","I3","87","339733.16","386623.06","139613.62"
"195","I3","88","347962.6","395927.78","139560.16"
"195","I3","89","356533.6","404794.4","139812.67"
"195","I3","90","364106.62","412358.97","139903.89"
"196","I4","1","57945.137","59944.176","131324.64"
"196","I4","2","57858.805","60118.504","131340.05"
"196","I4","3","57827.984","60836.426","131542.92"
"196","I4","4","57913.688","61279.074","131702.44"
"196","I4","5","58061.92","61694.273","131793.66"
"196","I4","6","58163.06","62054.09","131951.69"
"196","I4","7","58309.35","62378.5","132121.33"
"196","I4","8","58539.145","62879.64","132193.5"
"196","I4","9","59167.055","63495.227","132289.25"
"196","I4","10","59921.62","64278.2","132273.55"
"196","I4","11","61322.57","65936.79","132383.95"
"196","I4","12","63733.016","68795.5","132369.55"
"196","I4","13","67631.27","73431.83","132491.02"
"196","I4","14","73107.05","80560.43","132605.0"
"196","I4","15","79493.42","90056.664","132801.77"
"196","I4","16","85756.63","101530.71","132802.89"
"196","I4","17","91754.28","113479.83","133027.86"
"196","I4","18","98027.93","124928.18","133287.58"
"196","I4","19","104760.53","135120.19","133370.83"
"196","I4","20","112728.336","143994.08","133420.08"
"196","I4","21","121865.195","151662.94","133441.94"
"196","I4","22","131749.53","158473.86","133517.12"
"196","I4","23","141384.27","165141.66","133555.72"
"196","I4","24","149505.97","170676.62","133678.22"
"196","I4","25","155180.47","175036.44","133686.16"
"196","I4","26","158898.58","178422.22","133770.1"
"196","I4","27","161355.86","181028.12","133696.5"
"196","I4","28","163004.97","183362.81","133751.94"
"196","I4","29","164008.39","185013.28","133749.19"
"196","I4","30","165036.64","186686.0","133776.8"
"196","I4","31","165980.25","188423.94","133823.42"
"196","I4","32","166844.14","189953.88","133958.3"
"196","I4","33","167389.81","191073.48","134012.95"
"196","I4","34","167992.34","192553.23","134028.5"
"196","I4","35","168652.83","194212.38","134025.12"
"196","I4","36","169161.66","195472.45","134035.06"
"196","I4","37","169674.77","196874.28","134061.6"
"196","I4","38","170202.98","198077.33","134072.48"
"196","I4","39","170437.9","199297.22","134052.06"
"196","I4","40","170898.2","200511.03","134173.2"
"196","I4","41","171551.0","201772.27","134153.38"
"196","I4","42","171903.84","203118.6","134039.5"
"196","I4","43","172318.58","204142.98","134002.62"
"196","I4","44","172710.88","205153.94","133912.39"
"196","I4","45","173023.28","206296.34","133909.55"
"196","I4","46","173378.0","207270.73","133879.81"
"196","I4","47","173748.45","208525.38","134054.08"
"196","I4","48","173957.23","209721.36","134115.53"
"196","I4","49","174402.8","210428.31","134111.3"
"196","I4","50","174774.5","211815.62","134000.95"
"196","I4","51","175084.45","213174.28","134016.19"
"196","I4","52","175422.6","214094.06","133928.53"
"196","I4","53","175730.7","215032.5","133973.08"
"196","I4","54","176102.44","216104.75","133893.55"
"196","I4","55","176504.47","216979.88","133968.97"
"196","I4","56","176571.97","218032.88","133965.52"
"196","I4","57","176910.17","219096.48","133888.08"
"196","I4","58","177509.58","220237.28","133860.16"
"196","I4","59","177690.8","221345.97","133844.39"
"196","I4","60","178250.45","222292.88","133809.86"
"196","I4","61","178944.5","223162.81","133897.12"
"196","I4","62","179345.72","224592.45","133807.8"
"196","I4","63","180124.77","226221.22","133816.53"
"196","I4","64","181686.42","228022.55","133826.4"
"196","I4","65","182867.33","230126.05","133835.28"
"196","I4","66","184383.06","232551.39","133971.14"
"196","I4","67","187183.97","235459.88","133909.72"
"196","I4","68","190582.34","239466.05","133987.22"
"196","I4","69","193959.92","243939.38","133972.97"
"196","I4","70","199127.81","249082.38","133947.0"
"196","I4","71","204430.69","255077.56","134046.81"
"196","I4","72","210077.11","261519.86","134224.17"
"196","I4","73","216317.44","268448.88","134136.97"
"196","I4","74","222471.78","275471.06","134146.33"
"196","I4","75","228878.16","282766.47","134290.56"
"196","I4","76","234861.72","290184.7","134479.2"
"196","I4","77","240967.75","298210.34","134438.6"
"196","I4","78","247732.31","305565.7","134556.83"
"196","I4","79","254390.67","313667.03","134517.62"
"196","I4","80","260677.97","322027.3","134745.6"
"196","I4","81","266934.84","330278.1","134820.33"
"196","I4","82","274346.6","338236.78","134742.1"
"196","I4","83","281020.8","346807.75","134726.03"
"196","I4","84","288129.12","354997.3","134808.86"
"196","I4","85","295883.9","364092.22","134793.02"
"196","I4","86","303571.8","372892.1","134821.97"
"196","I4","87","311311.25","381623.75","135069.06"
"196","I4","88","318626.28","390615.2","135248.27"
"196","I4","89","327344.62","399626.8","135238.83"
"196","I4","90","334667.84","406686.16","135215.23"
"197","I5","1","55915.66","55568.52","123723.664"
"197","I5","2","55916.355","55657.0","123697.734"
"197","I5","3","55934.613","56096.81","123612.78"
"197","I5","4","55931.332","56431.605","123475.24"
"197","I5","5","55945.758","56661.258","123455.33"
"197","I5","6","55977.72","56920.902","123515.24"
"197","I5","7","56022.01","57258.363","123577.81"
"197","I5","8","56278.742","57703.598","123700.99"
"197","I5","9","56785.977","58138.273","123685.27"
"197","I5","10","57487.68","59007.72","123642.03"
"197","I5","11","58975.44","60697.18","123622.57"
"197","I5","12","61325.133","63298.57","123719.8"
"197","I5","13","65416.613","67601.8","123827.734"
"197","I5","14","71001.61","74658.625","123835.23"
"197","I5","15","77239.3","83870.586","123966.016"
"197","I5","16","83454.49","94677.54","124082.97"
"197","I5","17","89446.664","105810.625","124263.48"
"197","I5","18","95131.1","116506.53","124365.77"
"197","I5","19","100966.36","125934.484","124605.74"
"197","I5","20","107029.45","133975.72","124836.25"
"197","I5","21","113913.36","141429.12","124899.53"
"197","I5","22","121459.8","148185.5","124993.87"
"197","I5","23","129245.97","154833.86","125026.05"
"197","I5","24","136266.8","161310.22","125076.37"
"197","I5","25","141827.84","166866.02","125052.04"
"197","I5","26","145564.95","170695.61","125280.555"
"197","I5","27","147734.16","173820.6","125367.41"
"197","I5","28","149313.17","176062.0","125366.07"
"197","I5","29","150769.53","177957.2","125485.555"
"197","I5","30","151769.11","179775.48","125497.59"
"197","I5","31","152540.3","181312.2","125420.21"
"197","I5","32","153150.92","182861.27","125502.88"
"197","I5","33","153916.25","183887.62","125641.695"
"197","I5","34","154537.95","185386.28","125525.07"
"197","I5","35","155091.8","186867.25","125416.305"
"197","I5","36","155544.61","188268.7","125540.86"
"197","I5","37","155936.36","189362.14","125595.19"
"197","I5","38","156374.89","190500.44","125729.27"
"197","I5","39","156704.02","191765.3","125713.19"
"197","I5","40","157115.62","193065.02","125596.32"
"197","I5","41","157567.72","194221.22","125582.73"
"197","I5","42","157909.16","195239.12","125519.07"
"197","I5","43","158325.11","196210.47","125669.71"
"197","I5","44","158814.58","197730.92","125682.48"
"197","I5","45","158898.4","198978.08","125533.055"
"197","I5","46","159126.64","200166.95","125458.195"
"197","I5","47","159715.28","200912.9","125699.555"
"197","I5","48","160021.95","201851.5","125781.78"
"197","I5","49","160451.6","202893.03","125682.34"
"197","I5","50","160764.8","204204.23","125681.24"
"197","I5","51","161109.97","205412.06","125621.99"
"197","I5","52","161382.69","206414.72","125703.45"
"197","I5","53","161771.6","207264.14","125673.86"
"197","I5","54","161960.69","208285.27","125662.73"
"197","I5","55","162371.45","209213.11","125769.3"
"197","I5","56","162671.14","210290.9","125676.13"
"197","I5","57","162964.31","211396.4","125650.23"
"197","I5","58","163284.42","212336.02","125721.06"
"197","I5","59","163522.81","213351.16","125696.555"
"197","I5","60","163922.5","214468.11","125610.97"
"197","I5","61","164339.72","215727.25","125662.93"
"197","I5","62","164959.95","216910.1","125623.7"
"197","I5","63","165742.89","218154.66","125563.7"
"197","I5","64","166774.92","219640.55","125608.0"
"197","I5","65","167967.8","221659.38","125532.625"
"197","I5","66","169838.75","223878.84","125633.58"
"197","I5","67","171961.2","226665.33","125779.664"
"197","I5","68","174959.39","230022.25","125654.46"
"197","I5","69","178491.83","234151.45","125558.16"
"197","I5","70","182309.48","239249.42","125752.766"
"197","I5","71","187050.16","244745.02","125831.52"
"197","I5","72","191900.7","250800.45","126043.336"
"197","I5","73","197277.11","257437.75","126087.68"
"197","I5","74","202536.19","264345.8","125938.14"
"197","I5","75","207552.16","271305.34","125903.266"
"197","I5","76","212329.98","278800.28","126201.164"
"197","I5","77","218138.64","286584.3","126222.64"
"197","I5","78","224069.67","293815.2","126465.08"
"197","I5","79","229858.72","301792.0","126479.64"
"197","I5","80","235743.67","309958.78","126543.96"
"197","I5","81","241867.58","317758.44","126778.65"
"197","I5","82","247987.33","325704.1","126867.22"
"197","I5","83","254395.03","333549.1","126929.38"
"197","I5","84","261368.56","341797.88","127001.67"
"197","I5","85","268800.25","350271.94","127056.08"
"197","I5","86","275923.53","359145.88","127323.914"
"197","I5","87","283664.38","367702.28","127306.234"
"197","I5","88","291839.3","375374.47","127177.305"
"197","I5","89","299523.12","383660.4","127187.9"
"197","I5","90","306809.9","390477.06","127176.9"
"198","I6","1","60044.133","56471.152","125007.16"
"198","I6","2","59992.395","56725.883","125014.41"
"198","I6","3","59717.523","57049.805","125098.35"
"198","I6","4","59689.242","57611.324","125104.59"
"198","I6","5","59853.41","57945.676","125143.836"
"198","I6","6","59956.61","58195.363","125204.34"
"198","I6","7","60147.11","58548.46","125323.73"
"198","I6","8","60430.21","58907.72","125308.195"
"198","I6","9","60896.418","59423.105","125364.25"
"198","I6","10","61721.883","60374.15","125627.15"
"198","I6","11","63262.2","61676.164","125683.73"
"198","I6","12","66002.33","64144.51","125787.54"
"198","I6","13","70168.58","68455.99","125854.86"
"198","I6","14","76066.0","75219.695","125881.07"
"198","I6","15","82834.71","84227.01","125951.67"
"198","I6","16","89528.55","94635.85","126132.305"
"198","I6","17","95605.9","106035.94","126333.18"
"198","I6","18","101197.42","116999.625","126521.82"
"198","I6","19","106753.19","126669.234","126559.76"
"198","I6","20","112437.4","135164.16","126628.59"
"198","I6","21","117965.81","142468.77","126728.43"
"198","I6","22","123898.35","149716.77","126822.65"
"198","I6","23","130162.125","157322.75","126971.48"
"198","I6","24","136008.44","164882.72","127240.0"
"198","I6","25","141043.25","171797.23","127538.4"
"198","I6","26","145034.83","177225.16","127637.38"
"198","I6","27","147693.28","181283.61","127594.67"
"198","I6","28","149486.88","183689.94","127764.08"
"198","I6","29","150735.23","185975.3","127652.086"
"198","I6","30","151713.56","187763.81","127519.4"
"198","I6","31","152344.84","189483.64","127629.37"
"198","I6","32","153255.19","191107.16","127728.45"
"198","I6","33","153737.12","192270.28","127883.016"
"198","I6","34","154197.86","193697.39","127871.055"
"198","I6","35","154799.81","195215.38","127955.3"
"198","I6","36","155249.78","196708.52","127869.086"
"198","I6","37","155606.47","197847.47","127717.31"
"198","I6","38","156178.14","198880.88","127443.66"
"198","I6","39","156598.61","200167.34","127398.984"
"198","I6","40","157239.08","201305.69","127888.58"
"198","I6","41","157555.55","202530.58","127864.06"
"198","I6","42","157821.69","203714.97","127770.3"
"198","I6","43","158225.2","204990.33","127792.28"
"198","I6","44","158523.94","206232.39","127699.42"
"198","I6","45","158653.7","207670.22","127786.46"
"198","I6","46","159214.6","208721.34","127885.086"
"198","I6","47","159570.33","209543.53","127939.03"
"198","I6","48","159864.81","210481.17","127890.586"
"198","I6","49","160117.8","211490.81","127829.25"
"198","I6","50","160449.7","212721.78","127683.805"
"198","I6","51","160874.47","213912.42","127649.32"
"198","I6","52","161106.27","214833.14","127711.63"
"198","I6","53","161351.83","215578.34","127759.18"
"198","I6","54","161639.22","216704.19","127916.625"
"198","I6","55","162010.23","217747.28","128024.55"
"198","I6","56","162257.12","218890.8","127870.04"
"198","I6","57","162391.06","220219.94","127748.66"
"198","I6","58","162723.67","220868.67","127942.086"
"198","I6","59","163109.08","221752.47","128004.95"
"198","I6","60","163561.55","222981.16","127850.63"
"198","I6","61","164112.7","223993.47","127769.67"
"198","I6","62","164591.19","224871.0","127946.83"
"198","I6","63","164874.83","226152.95","128019.516"
"198","I6","64","165563.39","227502.92","127919.92"
"198","I6","65","166227.19","229248.52","127963.57"
"198","I6","66","167539.1","231045.48","127858.164"
"198","I6","67","169163.03","233495.42","127870.46"
"198","I6","68","171166.47","236133.75","127907.805"
"198","I6","69","173628.08","239764.62","127833.94"
"198","I6","70","177064.98","243810.02","127985.88"
"198","I6","71","180728.34","248901.55","127971.67"
"198","I6","72","185237.95","254553.45","128021.79"
"198","I6","73","190085.47","261414.5","128158.73"
"198","I6","74","195284.58","268857.12","128298.19"
"198","I6","75","200440.92","276787.3","128500.28"
"198","I6","76","206034.94","284870.62","128676.586"
"198","I6","77","211751.56","292858.4","128540.32"
"198","I6","78","217484.97","301108.3","128463.71"
"198","I6","79","223752.73","309832.4","128711.195"
"198","I6","80","230337.22","318757.4","128996.375"
"198","I6","81","236944.83","327359.12","129066.44"
"198","I6","82","243759.4","335930.7","129146.87"
"198","I6","83","251351.06","345050.62","129156.3"
"198","I6","84","258975.64","353829.53","129525.055"
"198","I6","85","266569.12","362489.8","129551.67"
"198","I6","86","274557.78","370864.7","129545.71"
"198","I6","87","282095.12","379703.4","129448.96"
"198","I6","88","290302.3","387750.34","129674.586"
"198","I6","89","297300.84","395770.8","129751.26"
"198","I6","90","303053.6","401769.28","129685.375"
"199","I7","1","55560.2","52217.305","117143.0"
"199","I7","2","55444.742","52263.1","117030.66"
"199","I7","3","55201.74","52834.75","116712.88"
"199","I7","4","54959.734","53318.402","116595.26"
"199","I7","5","54906.9","53622.88","116581.67"
"199","I7","6","54916.977","53653.98","116594.76"
"199","I7","7","55005.387","53870.324","116622.35"
"199","I7","8","55287.16","54142.94","116272.03"
"199","I7","9","55620.633","54536.332","116252.33"
"199","I7","10","56348.656","55359.062","116553.16"
"199","I7","11","57906.684","56762.95","116601.55"
"199","I7","12","60430.61","59396.91","116695.16"
"199","I7","13","64577.438","63307.875","116879.04"
"199","I7","14","70178.27","69782.07","116830.945"
"199","I7","15","76711.38","78286.695","116781.445"
"199","I7","16","83094.46","88025.57","116937.76"
"199","I7","17","88654.4","98118.586","117179.984"
"199","I7","18","93603.625","107826.266","117434.31"
"199","I7","19","98413.11","116294.21","117407.945"
"199","I7","20","102825.04","123641.33","117420.164"
"199","I7","21","107061.125","130368.9","117634.49"
"199","I7","22","111141.56","137252.5","117848.44"
"199","I7","23","115287.39","144616.67","117921.0"
"199","I7","24","118939.5","152457.62","117893.016"
"199","I7","25","122294.695","159731.55","117841.67"
"199","I7","26","124959.164","165500.53","118055.58"
"199","I7","27","126926.82","169370.55","118138.82"
"199","I7","28","128090.84","172063.17","118167.805"
"199","I7","29","128901.45","174371.73","118296.414"
"199","I7","30","129727.86","176103.38","118340.8"
"199","I7","31","130567.93","177670.88","118266.32"
"199","I7","32","131140.95","179054.4","118368.39"
"199","I7","33","131408.52","180719.39","118349.44"
"199","I7","34","131892.36","181860.55","118310.24"
"199","I7","35","132187.58","183582.62","118446.66"
"199","I7","36","132694.31","184855.81","118539.93"
"199","I7","37","133050.31","186136.98","118334.6"
"199","I7","38","133451.14","187373.81","118210.3"
"199","I7","39","133760.36","188607.62","118347.28"
"199","I7","40","133885.11","189731.56","118370.18"
"199","I7","41","134312.5","190751.02","118480.29"
"199","I7","42","134546.4","192012.42","118386.555"
"199","I7","43","134844.06","193459.47","118231.17"
"199","I7","44","135244.86","194530.0","118256.84"
"199","I7","45","135468.95","195744.11","118597.125"
"199","I7","46","135689.25","196582.77","118556.33"
"199","I7","47","136004.72","197398.1","118471.836"
"199","I7","48","136277.75","198743.03","118367.07"
"199","I7","49","136641.16","199786.89","118462.32"
"199","I7","50","136927.14","200881.3","118579.09"
"199","I7","51","137101.31","201647.94","118517.82"
"199","I7","52","137225.45","202852.08","118414.87"
"199","I7","53","137631.92","203751.3","118367.4"
"199","I7","54","137946.8","205150.62","118486.63"
"199","I7","55","138024.88","205914.72","118508.84"
"199","I7","56","138262.44","206742.34","118529.05"
"199","I7","57","138617.14","207773.42","118488.75"
"199","I7","58","138676.97","208935.69","118491.83"
"199","I7","59","138934.61","209883.1","118424.305"
"199","I7","60","139156.11","211121.53","118550.336"
"199","I7","61","139372.31","212397.23","118533.01"
"199","I7","62","140032.61","213596.2","118638.09"
"199","I7","63","140426.72","214831.97","118547.445"
"199","I7","64","141068.34","216272.16","118479.56"
"199","I7","65","142026.38","217763.8","118376.94"
"199","I7","66","142890.9","219921.39","118461.22"
"199","I7","67","143991.77","222412.56","118585.664"
"199","I7","68","145712.28","225182.27","118620.73"
"199","I7","69","147704.14","228753.42","118523.55"
"199","I7","70","150199.75","232301.5","118512.836"
"199","I7","71","152872.81","236387.47","118726.05"
"199","I7","72","156706.67","241518.47","118875.68"
"199","I7","73","161074.22","247192.78","118962.69"
"199","I7","74","165715.52","253681.42","118972.27"
"199","I7","75","170870.36","260742.75","119163.33"
"199","I7","76","176432.3","268566.88","119180.945"
"199","I7","77","182171.23","276485.25","119266.98"
"199","I7","78","188325.88","284502.97","119284.73"
"199","I7","79","194645.52","292456.6","119343.32"
"199","I7","80","201244.67","300999.72","119355.62"
"199","I7","81","207635.28","309140.75","119272.37"
"199","I7","82","213874.1","317688.25","119377.086"
"199","I7","83","220107.39","325760.72","119584.836"
"199","I7","84","226591.67","333702.78","119640.67"
"199","I7","85","232745.9","341445.97","119744.16"
"199","I7","86","238696.34","348418.4","119635.5"
"199","I7","87","244898.98","354439.16","119284.46"
"199","I7","88","250867.44","361510.28","119057.58"
"199","I7","89","256586.08","368878.4","119012.88"
"199","I7","90","261106.2","375175.6","119127.58"
"200","I8","1","56238.113","55704.637","117197.49"
"200","I8","2","56166.28","55736.535","117133.414"
"200","I8","3","56016.305","56156.535","117109.414"
"200","I8","4","55898.73","56571.684","117196.82"
"200","I8","5","55878.777","56904.9","116961.336"
"200","I8","6","55972.348","57251.008","116940.56"
"200","I8","7","56262.043","57510.06","117131.836"
"200","I8","8","56391.793","57881.145","117163.22"
"200","I8","9","56794.805","58221.703","117234.08"
"200","I8","10","57547.28","58910.324","117212.53"
"200","I8","11","58954.254","60331.67","117246.86"
"200","I8","12","61551.184","62476.285","117402.86"
"200","I8","13","65571.29","66563.37","117491.35"
"200","I8","14","71255.94","72722.09","117543.9"
"200","I8","15","77831.44","81158.81","117500.6"
"200","I8","16","84186.62","91091.984","117572.24"
"200","I8","17","89924.695","101672.35","117979.39"
"200","I8","18","95114.19","111790.555","118321.016"
"200","I8","19","99829.234","120785.39","118395.99"
"200","I8","20","103902.234","128678.26","118435.64"
"200","I8","21","107542.3","135989.22","118614.195"
"200","I8","22","110717.266","143151.58","118697.25"
"200","I8","23","112963.49","151197.92","118650.31"
"200","I8","24","114697.4","159969.7","118797.695"
"200","I8","25","115953.79","168723.03","118946.02"
"200","I8","26","116999.69","176707.23","119185.91"
"200","I8","27","117622.0","182683.47","119210.74"
"200","I8","28","118373.73","186639.31","119267.88"
"200","I8","29","118997.67","189598.4","119226.43"
"200","I8","30","119454.875","191964.34","119450.66"
"200","I8","31","119864.28","193858.8","119549.945"
"200","I8","32","120249.47","195499.56","119465.59"
"200","I8","33","120449.39","197146.45","119369.2"
"200","I8","34","120537.01","198445.94","119509.47"
"200","I8","35","120966.5","200139.86","119431.85"
"200","I8","36","121232.73","201517.22","119418.1"
"200","I8","37","121519.73","202870.66","119438.29"
"200","I8","38","121715.26","204039.67","119504.38"
"200","I8","39","122094.62","205266.84","119428.42"
"200","I8","40","122093.1","206558.03","119504.96"
"200","I8","41","122187.82","207947.05","119472.734"
"200","I8","42","122322.57","209319.4","119537.5"
"200","I8","43","122583.664","210310.66","119613.13"
"200","I8","44","122649.7","211658.73","119644.34"
"200","I8","45","122763.03","212754.12","119738.99"
"200","I8","46","123073.82","213985.9","119614.37"
"200","I8","47","123086.88","215260.83","119365.67"
"200","I8","48","123154.96","216210.42","119240.07"
"200","I8","49","123329.055","217453.48","119441.234"
"200","I8","50","123538.6","218482.67","119694.56"
"200","I8","51","123614.516","219585.64","119953.39"
"200","I8","52","123704.76","220543.11","119867.83"
"200","I8","53","123736.49","221369.6","119798.71"
"200","I8","54","124014.91","222362.78","119737.6"
"200","I8","55","123990.27","223478.86","119700.81"
"200","I8","56","124078.33","224612.12","119531.0"
"200","I8","57","124335.16","225780.92","119409.96"
"200","I8","58","124405.44","226322.06","119535.75"
"200","I8","59","124454.89","227540.86","119482.805"
"200","I8","60","124557.414","228697.44","119501.555"
"200","I8","61","124683.516","229572.06","119531.9"
"200","I8","62","124936.11","230729.6","119618.414"
"200","I8","63","125071.94","231934.47","119804.65"
"200","I8","64","125240.67","232979.58","119664.43"
"200","I8","65","125430.79","233613.78","119521.63"
"200","I8","66","125848.41","234877.11","119616.47"
"200","I8","67","126187.09","236431.94","119648.25"
"200","I8","68","126796.0","238069.81","119703.6"
"200","I8","69","127488.17","239247.19","119725.055"
"200","I8","70","128229.71","240996.92","119692.7"
"200","I8","71","129321.11","243121.02","119900.87"
"200","I8","72","130666.78","245369.83","119908.74"
"200","I8","73","132452.78","248052.52","119881.79"
"200","I8","74","134558.17","251144.98","119772.766"
"200","I8","75","137041.61","254019.28","119904.25"
"200","I8","76","139768.81","257049.1","120119.375"
"200","I8","77","143111.9","260703.19","120002.28"
"200","I8","78","146726.3","264487.8","119924.69"
"200","I8","79","150658.44","268500.97","120135.516"
"200","I8","80","154617.84","272925.47","120231.78"
"200","I8","81","159041.6","276822.62","120228.484"
"200","I8","82","163577.64","280914.66","120315.51"
"200","I8","83","168427.52","285117.53","120238.71"
"200","I8","84","173366.08","289608.38","120400.0"
"200","I8","85","178344.34","293975.78","120517.484"
"200","I8","86","183016.06","297981.34","120427.83"
"200","I8","87","187667.28","302231.56","120564.195"
"200","I8","88","192470.9","306297.94","120626.46"
"200","I8","89","197248.34","310050.22","120528.73"
"200","I8","90","201406.88","313058.44","120681.76"
"201","I9","1","60592.152","58856.98","114435.11"
"201","I9","2","60483.688","59037.496","114424.17"
"201","I9","3","60282.28","59759.293","114405.336"
"201","I9","4","60195.88","60443.793","114388.61"
"201","I9","5","60107.477","60874.914","114375.73"
"201","I9","6","60100.41","61106.152","114405.984"
"201","I9","7","60157.098","61283.387","114539.29"
"201","I9","8","60174.19","61345.67","114560.65"
"201","I9","9","60285.566","61518.367","114624.35"
"201","I9","10","60395.555","61787.965","114625.45"
"201","I9","11","60387.69","62047.867","114721.125"
"201","I9","12","60489.008","62404.617","114764.016"
"201","I9","13","60807.33","63419.176","114527.016"
"201","I9","14","61273.05","64859.133","114482.2"
"201","I9","15","62226.832","67120.0","114626.82"
"201","I9","16","63641.973","71447.83","114709.836"
"201","I9","17","66101.79","78389.99","115063.445"
"201","I9","18","70275.89","89326.44","115256.17"
"201","I9","19","76085.96","103582.34","115394.34"
"201","I9","20","83339.31","119194.125","115455.06"
"201","I9","21","90790.99","133753.69","115570.336"
"201","I9","22","97659.055","145766.34","115586.03"
"201","I9","23","103190.055","154331.97","115755.34"
"201","I9","24","107219.734","159863.86","115903.266"
"201","I9","25","110375.9","163913.94","115929.195"
"201","I9","26","112724.63","166675.12","116216.47"
"201","I9","27","114753.234","169135.1","116078.0"
"201","I9","28","116251.9","171202.42","115900.24"
"201","I9","29","117508.38","173076.8","115850.79"
"201","I9","30","118542.77","174964.16","116102.05"
"201","I9","31","119248.516","176870.36","116107.17"
"201","I9","32","120110.03","178419.34","116046.1"
"201","I9","33","120910.99","180140.95","116216.68"
"201","I9","34","121446.625","181565.28","116207.08"
"201","I9","35","122215.05","182936.64","116375.805"
"201","I9","36","122999.92","184489.64","116475.62"
"201","I9","37","123592.086","186124.78","116413.25"
"201","I9","38","124196.164","187632.58","116286.914"
"201","I9","39","124542.71","188841.03","116297.36"
"201","I9","40","125289.67","190152.5","116371.09"
"201","I9","41","125922.14","191680.44","116180.664"
"201","I9","42","126319.39","193126.36","116083.805"
"201","I9","43","126697.76","194493.36","116314.6"
"201","I9","44","127390.88","195635.97","116403.03"
"201","I9","45","128167.68","197058.98","116201.7"
"201","I9","46","128827.32","198480.73","116119.484"
"201","I9","47","129103.43","199846.1","116389.16"
"201","I9","48","129742.36","201130.75","116429.73"
"201","I9","49","130253.06","202360.73","116385.98"
"201","I9","50","130792.07","203707.19","116461.195"
"201","I9","51","131514.23","204824.88","116324.88"
"201","I9","52","131839.88","205883.86","116185.78"
"201","I9","53","132377.75","207049.27","116174.766"
"201","I9","54","133005.78","208452.83","116087.4"
"201","I9","55","133583.17","209629.08","116022.65"
"201","I9","56","134080.89","210929.95","116244.37"
"201","I9","57","134853.38","212097.66","116322.734"
"201","I9","58","135501.88","213574.6","116198.97"
"201","I9","59","136530.58","215392.11","116128.484"
"201","I9","60","137611.14","217097.9","116326.414"
"201","I9","61","138708.9","218916.77","116202.445"
"201","I9","62","140759.11","221246.98","116106.125"
"201","I9","63","143239.16","224319.38","116331.914"
"201","I9","64","145854.06","228057.97","116512.86"
"201","I9","65","149461.5","232933.9","116463.484"
"201","I9","66","153939.19","238323.03","116579.28"
"201","I9","67","158782.69","244612.12","116642.94"
"201","I9","68","163899.27","251589.16","116539.29"
"201","I9","69","169487.5","259073.27","116529.54"
"201","I9","70","174971.42","267155.22","116579.94"
"201","I9","71","180578.67","275051.94","116780.08"
"201","I9","72","186500.83","283257.3","116998.086"
"201","I9","73","192450.55","291701.66","117058.9"
"201","I9","74","198531.17","300044.3","117121.31"
"201","I9","75","204646.94","308267.16","117149.625"
"201","I9","76","211064.88","317053.75","117326.33"
"201","I9","77","217409.17","325210.0","117351.94"
"201","I9","78","224272.92","333860.97","117379.24"
"201","I9","79","231152.52","342734.47","117393.47"
"201","I9","80","238424.16","351268.2","117503.39"
"201","I9","81","245256.3","360190.8","117599.05"
"201","I9","82","252920.67","369459.25","117607.42"
"201","I9","83","260280.05","378451.78","117642.54"
"201","I9","84","267825.1","386932.88","117712.63"
"201","I9","85","275968.8","395357.1","117797.5"
"201","I9","86","284346.94","403920.06","117834.625"
"201","I9","87","292982.72","412531.28","117743.58"
"201","I9","88","301244.78","421174.47","117909.89"
"201","I9","89","309586.78","429223.56","118019.67"
"201","I9","90","317115.78","435730.56","118079.625"
"202","I10","1","65742.85","65369.812","125009.336"
"202","I10","2","65713.12","65628.945","124950.23"
"202","I10","3","65607.98","66533.13","124951.31"
"202","I10","4","65550.35","67258.8","125121.81"
"202","I10","5","65495.18","67676.95","125303.66"
"202","I10","6","65514.41","68262.66","125326.48"
"202","I10","7","65642.76","68440.34","125474.62"
"202","I10","8","65640.336","68834.13","125590.234"
"202","I10","9","65634.65","68893.43","125552.04"
"202","I10","10","65718.87","68965.336","125602.97"
"202","I10","11","65862.63","69458.836","125790.58"
"202","I10","12","65982.734","69834.75","125718.086"
"202","I10","13","66242.41","70878.3","125590.734"
"202","I10","14","66778.336","72742.87","125451.78"
"202","I10","15","67735.414","75609.945","125209.76"
"202","I10","16","69043.555","80675.43","125227.58"
"202","I10","17","71338.805","88887.38","125646.66"
"202","I10","18","74984.445","101395.55","125763.625"
"202","I10","19","79815.99","117612.5","126031.07"
"202","I10","20","85342.21","135515.62","126434.46"
"202","I10","21","91144.98","152717.38","126892.84"
"202","I10","22","97124.88","167520.17","127096.23"
"202","I10","23","102163.85","178329.4","127008.04"
"202","I10","24","106387.95","186016.9","126943.836"
"202","I10","25","109755.82","191029.3","127227.94"
"202","I10","26","112148.016","194830.56","127316.41"
"202","I10","27","114042.04","197602.44","127268.516"
"202","I10","28","115414.92","199862.66","127179.19"
"202","I10","29","116601.66","202341.34","127136.445"
"202","I10","30","117781.59","204355.77","127128.96"
"202","I10","31","118888.96","206209.19","127254.4"
"202","I10","32","119498.03","208028.95","127329.445"
"202","I10","33","120219.08","209602.89","127282.75"
"202","I10","34","121098.266","211399.39","127338.516"
"202","I10","35","121737.49","212828.42","127355.07"
"202","I10","36","122456.48","214680.45","127397.14"
"202","I10","37","122924.21","216513.33","127314.98"
"202","I10","38","123336.266","218084.67","127404.32"
"202","I10","39","124105.74","219552.69","127466.445"
"202","I10","40","124606.445","221130.14","127419.28"
"202","I10","41","125278.055","223058.44","127282.87"
"202","I10","42","125628.73","224544.6","127277.73"
"202","I10","43","126118.88","225755.48","127440.766"
"202","I10","44","126876.555","227240.97","127608.98"
"202","I10","45","127508.94","228635.14","127497.35"
"202","I10","46","128050.98","230099.67","127360.79"
"202","I10","47","128581.07","231618.72","127454.484"
"202","I10","48","129112.875","233160.89","127617.555"
"202","I10","49","129334.19","234258.97","127664.35"
"202","I10","50","129965.66","235468.12","127355.3"
"202","I10","51","130453.88","237051.73","127213.16"
"202","I10","52","130806.695","238771.6","127402.18"
"202","I10","53","131278.95","240076.6","127371.76"
"202","I10","54","132005.12","241804.05","127223.24"
"202","I10","55","132555.69","242934.1","127198.22"
"202","I10","56","133165.69","244188.0","127356.76"
"202","I10","57","133761.31","245480.5","127302.195"
"202","I10","58","133929.22","246929.27","127344.21"
"202","I10","59","134640.81","248101.55","127232.36"
"202","I10","60","135497.0","249608.64","127110.164"
"202","I10","61","136061.73","251232.33","127219.94"
"202","I10","62","137189.38","252766.2","127311.555"
"202","I10","63","138103.1","255025.83","127103.516"
"202","I10","64","139480.23","257546.17","127017.62"
"202","I10","65","141436.6","260559.92","127350.016"
"202","I10","66","143975.05","264466.94","127518.58"
"202","I10","67","146821.44","269319.3","127520.164"
"202","I10","68","150530.95","275510.28","127391.2"
"202","I10","69","154636.27","282658.3","127442.84"
"202","I10","70","159151.31","290711.97","127767.63"
"202","I10","71","164112.31","299108.84","127816.27"
"202","I10","72","169284.55","308336.06","127953.086"
"202","I10","73","174430.11","318446.38","127876.414"
"202","I10","74","179828.1","328566.8","127895.26"
"202","I10","75","185365.98","338795.0","128105.54"
"202","I10","76","191042.45","348298.8","128419.75"
"202","I10","77","196859.83","358014.0","128491.77"
"202","I10","78","202974.75","367907.34","128399.99"
"202","I10","79","209403.02","378208.97","128535.555"
"202","I10","80","215985.6","388448.9","128702.73"
"202","I10","81","222987.62","398449.84","128850.13"
"202","I10","82","229902.77","409265.06","128987.97"
"202","I10","83","237058.17","418953.03","129096.945"
"202","I10","84","244317.88","429049.78","129089.02"
"202","I10","85","252168.1","438454.84","129343.91"
"202","I10","86","259923.94","448002.8","129468.29"
"202","I10","87","267613.97","458097.8","129599.04"
"202","I10","88","275571.88","467469.7","129604.43"
"202","I10","89","283759.78","476656.28","129561.3"
"202","I10","90","291043.3","483887.25","129457.305"
"203","I11","1","60568.29","60884.79","117020.68"
"203","I11","2","60495.156","61009.914","116859.695"
"203","I11","3","60220.484","61820.805","116831.06"
"203","I11","4","60118.87","62628.855","117080.164"
"203","I11","5","60102.69","63199.52","117298.51"
"203","I11","6","60127.266","63539.86","117364.336"
"203","I11","7","60059.24","63926.195","117324.805"
"203","I11","8","60080.87","64129.387","117375.73"
"203","I11","9","60250.25","64220.863","117463.91"
"203","I11","10","60303.043","64439.02","117467.5"
"203","I11","11","60444.52","64896.605","117506.64"
"203","I11","12","60462.18","65434.867","117431.63"
"203","I11","13","60624.586","66249.34","117340.53"
"203","I11","14","60980.984","67761.89","117290.65"
"203","I11","15","61710.03","70360.71","117350.7"
"203","I11","16","63016.613","75326.37","117580.18"
"203","I11","17","64687.95","83198.84","117636.65"
"203","I11","18","67599.99","95202.97","117741.68"
"203","I11","19","71562.914","110608.56","117888.484"
"203","I11","20","75747.38","127889.26","117988.06"
"203","I11","21","79970.88","144791.89","118164.17"
"203","I11","22","84302.3","159025.45","118651.67"
"203","I11","23","88276.016","169681.06","119042.016"
"203","I11","24","91627.62","177335.8","119068.52"
"203","I11","25","94093.53","182716.72","118940.945"
"203","I11","26","95981.836","186055.48","118842.58"
"203","I11","27","97707.2","188983.1","118970.48"
"203","I11","28","99105.79","191117.73","118905.18"
"203","I11","29","100132.71","193289.78","118797.805"
"203","I11","30","100980.15","195497.92","118923.83"
"203","I11","31","101573.16","197609.64","119047.28"
"203","I11","32","102133.95","199220.36","118999.17"
"203","I11","33","102838.305","201115.39","119120.766"
"203","I11","34","103438.664","202409.42","119087.17"
"203","I11","35","104205.96","204319.5","119218.18"
"203","I11","36","104849.31","206474.45","119115.35"
"203","I11","37","105216.43","208031.61","119028.33"
"203","I11","38","105619.586","209406.14","119259.95"
"203","I11","39","106117.03","210805.39","119306.34"
"203","I11","40","106680.695","212488.44","119319.84"
"203","I11","41","107123.28","214170.0","119227.664"
"203","I11","42","107582.33","215425.17","119107.94"
"203","I11","43","108244.61","216958.89","119044.125"
"203","I11","44","108709.414","218812.52","118988.08"
"203","I11","45","108955.13","220301.83","119046.86"
"203","I11","46","109443.65","221927.73","119020.12"
"203","I11","47","109750.17","222991.67","119273.78"
"203","I11","48","110031.086","224321.52","119312.27"
"203","I11","49","110640.11","225809.94","119176.24"
"203","I11","50","111139.63","227217.94","119089.97"
"203","I11","51","111733.805","228263.19","118977.38"
"203","I11","52","112021.07","229948.89","119041.11"
"203","I11","53","112498.96","231325.28","119125.38"
"203","I11","54","112980.06","232038.14","119052.82"
"203","I11","55","113446.66","233478.19","119108.44"
"203","I11","56","113954.555","234788.92","119059.87"
"203","I11","57","114319.36","236294.66","119199.99"
"203","I11","58","114367.68","237774.62","119125.82"
"203","I11","59","114787.805","238996.69","118985.17"
"203","I11","60","115677.836","240219.06","118951.2"
"203","I11","61","115912.91","241906.73","118834.43"
"203","I11","62","116244.64","243608.89","118891.73"
"203","I11","63","116956.8","245323.03","119254.66"
"203","I11","64","117597.21","246761.33","119287.65"
"203","I11","65","118288.234","248674.28","119425.99"
"203","I11","66","119415.45","251517.67","119097.1"
"203","I11","67","120688.67","253979.53","118888.02"
"203","I11","68","122219.6","257512.02","119002.88"
"203","I11","69","124343.484","262020.25","119518.43"
"203","I11","70","126911.125","267404.0","119534.49"
"203","I11","71","129874.72","274617.56","119501.67"
"203","I11","72","133311.95","282391.34","119480.07"
"203","I11","73","137094.2","290878.75","119569.33"
"203","I11","74","140918.25","300196.3","119793.09"
"203","I11","75","144845.4","310287.4","119708.23"
"203","I11","76","149486.33","320141.72","119718.59"
"203","I11","77","154255.83","329817.47","119940.55"
"203","I11","78","158950.1","339823.0","119961.695"
"203","I11","79","163753.81","350002.88","119959.79"
"203","I11","80","168720.94","360357.7","120141.96"
"203","I11","81","174657.81","369882.53","120278.734"
"203","I11","82","180427.33","379977.62","120378.77"
"203","I11","83","186340.17","390345.3","120528.195"
"203","I11","84","192336.28","400512.53","120727.555"
"203","I11","85","198956.92","409992.44","120923.195"
"203","I11","86","205454.33","419374.9","120930.125"
"203","I11","87","211930.12","429243.84","121078.46"
"203","I11","88","218758.78","437995.72","121027.69"
"203","I11","89","225518.98","447018.3","121218.984"
"203","I11","90","231820.19","454461.7","121107.86"
"204","I12","1","62853.008","62268.008","118242.94"
"204","I12","2","62783.78","62682.45","118267.75"
"204","I12","3","62738.875","63636.08","118490.375"
"204","I12","4","62729.48","64285.336","118337.41"
"204","I12","5","62767.234","64853.62","118261.09"
"204","I12","6","62927.273","64879.88","118262.93"
"204","I12","7","62900.992","64971.37","118381.69"
"204","I12","8","62762.625","65383.094","118627.94"
"204","I12","9","62771.156","65599.03","118660.56"
"204","I12","10","62942.688","65964.8","118657.04"
"204","I12","11","63026.445","66087.0","118611.53"
"204","I12","12","63344.293","66569.52","118634.04"
"204","I12","13","63636.938","67840.77","118695.695"
"204","I12","14","63823.605","69456.98","118591.375"
"204","I12","15","64524.594","71702.734","118514.766"
"204","I12","16","65514.254","76800.91","118630.625"
"204","I12","17","67262.445","85174.64","119152.805"
"204","I12","18","70165.07","97043.96","119332.234"
"204","I12","19","73898.375","112649.27","119773.44"
"204","I12","20","78107.336","129778.29","119879.76"
"204","I12","21","82206.95","146410.2","119815.17"
"204","I12","22","86179.68","160983.31","119937.96"
"204","I12","23","89706.25","172506.95","120023.62"
"204","I12","24","92714.93","180650.58","120171.66"
"204","I12","25","95270.03","185736.33","120265.21"
"204","I12","26","97310.11","189934.38","120497.68"
"204","I12","27","98839.875","192703.94","120771.38"
"204","I12","28","99985.01","194820.08","120780.43"
"204","I12","29","100871.71","196816.9","120633.12"
"204","I12","30","101817.43","199165.38","120507.73"
"204","I12","31","102523.34","201357.97","120465.89"
"204","I12","32","103059.48","203348.73","120355.14"
"204","I12","33","103839.17","204997.47","120332.125"
"204","I12","34","104545.33","206803.83","120305.99"
"204","I12","35","104970.266","208400.69","120585.31"
"204","I12","36","105503.04","209974.78","120553.85"
"204","I12","37","105703.67","211696.08","120543.42"
"204","I12","38","106065.81","213235.88","120416.56"
"204","I12","39","106576.4","214871.84","120298.75"
"204","I12","40","106891.34","216145.62","120237.8"
"204","I12","41","107377.89","217694.36","120493.01"
"204","I12","42","108060.586","219348.14","120512.85"
"204","I12","43","108410.43","220391.77","120329.54"
"204","I12","44","108623.23","222193.34","120268.97"
"204","I12","45","109128.85","223779.69","120600.76"
"204","I12","46","109659.52","224867.44","120562.68"
"204","I12","47","110069.93","226056.61","120336.88"
"204","I12","48","110520.266","227422.73","120136.3"
"204","I12","49","110918.47","228906.64","120043.875"
"204","I12","50","111157.375","230359.66","120246.35"
"204","I12","51","111614.64","231757.08","120384.44"
"204","I12","52","112016.19","233023.48","120452.93"
"204","I12","53","112527.23","234453.27","120466.71"
"204","I12","54","112941.875","235937.31","120363.234"
"204","I12","55","113319.42","237312.12","120445.336"
"204","I12","56","113549.75","238471.8","120683.83"
"204","I12","57","113987.27","239939.0","120552.4"
"204","I12","58","114217.07","241332.58","120362.625"
"204","I12","59","114644.4","242443.38","120205.85"
"204","I12","60","114817.234","243364.97","120172.47"
"204","I12","61","115617.445","244946.1","120539.44"
"204","I12","62","116267.625","246371.06","120572.7"
"204","I12","63","116942.195","247837.53","120735.41"
"204","I12","64","117341.46","249860.02","120635.14"
"204","I12","65","117766.86","250919.77","120460.28"
"204","I12","66","118138.79","252782.36","120375.37"
"204","I12","67","118735.14","254856.38","120391.98"
"204","I12","68","119653.81","257513.61","120348.87"
"204","I12","69","121010.37","260341.94","120546.85"
"204","I12","70","122485.1","264574.56","120523.33"
"204","I12","71","124385.016","270408.4","120597.86"
"204","I12","72","126983.75","276029.44","120740.414"
"204","I12","73","129762.8","282826.78","120701.61"
"204","I12","74","132921.61","291171.62","120851.87"
"204","I12","75","136564.4","300707.62","120821.63"
"204","I12","76","140594.45","310137.44","120989.234"
"204","I12","77","145098.58","320316.88","121079.98"
"204","I12","78","149599.1","331225.53","121207.69"
"204","I12","79","154146.1","341997.06","121582.625"
"204","I12","80","158914.64","352614.84","121547.78"
"204","I12","81","163884.3","363362.7","121695.46"
"204","I12","82","169008.36","373882.75","122133.47"
"204","I12","83","174786.64","384058.7","122062.47"
"204","I12","84","180245.6","394637.1","121956.34"
"204","I12","85","186371.19","404517.3","121948.1"
"204","I12","86","193100.86","415222.66","121952.15"
"204","I12","87","199690.34","424800.16","122526.43"
"204","I12","88","205928.11","434283.06","122672.99"
"204","I12","89","212500.0","443684.88","122667.39"
"204","I12","90","218287.12","450982.5","122831.23"
"205","I13","1","56970.605","53913.52","104857.26"
"205","I13","2","56730.74","53974.47","104828.15"
"205","I13","3","56541.504","54651.066","104771.79"
"205","I13","4","56397.145","55033.6","104727.17"
"205","I13","5","56052.574","55641.28","104650.234"
"205","I13","6","55978.363","55909.305","104508.64"
"205","I13","7","56042.84","56311.08","104521.234"
"205","I13","8","56175.48","56351.438","104705.51"
"205","I13","9","56319.836","56569.734","104710.875"
"205","I13","10","56313.35","56641.98","104656.375"
"205","I13","11","56410.723","56967.21","104601.54"
"205","I13","12","56707.14","57333.37","104596.87"
"205","I13","13","56770.883","58143.965","104746.164"
"205","I13","14","57019.918","59815.363","104896.945"
"205","I13","15","57606.824","62416.895","104872.59"
"205","I13","16","58574.633","66606.414","104841.63"
"205","I13","17","60112.45","73943.39","104825.69"
"205","I13","18","62538.574","84442.24","104863.38"
"205","I13","19","65986.45","97866.23","105219.1"
"205","I13","20","69366.94","113147.04","105503.125"
"205","I13","21","72629.41","128122.82","105868.74"
"205","I13","22","75944.22","140705.66","105886.57"
"205","I13","23","78636.8","150625.72","105814.12"
"205","I13","24","80828.31","157673.81","105975.63"
"205","I13","25","82755.7","162278.31","106181.26"
"205","I13","26","84460.42","165436.44","106212.54"
"205","I13","27","85728.25","167883.7","106341.76"
"205","I13","28","86704.8","169992.84","106244.08"
"205","I13","29","87370.21","171799.19","106151.33"
"205","I13","30","88191.734","173134.33","106349.79"
"205","I13","31","88706.34","175374.38","106574.2"
"205","I13","32","89385.13","177434.47","106499.414"
"205","I13","33","89862.21","179112.2","106481.07"
"205","I13","34","90101.914","180590.75","106650.01"
"205","I13","35","90692.93","182094.83","106713.6"
"205","I13","36","91177.195","183399.27","106561.91"
"205","I13","37","91767.29","184729.33","106333.484"
"205","I13","38","92199.55","186282.62","106225.11"
"205","I13","39","92599.34","187666.27","106346.664"
"205","I13","40","92890.766","189169.27","106313.375"
"205","I13","41","93301.23","190352.78","106524.98"
"205","I13","42","93701.51","192104.78","106880.06"
"205","I13","43","94149.55","193444.42","106691.555"
"205","I13","44","94294.66","194893.56","106529.57"
"205","I13","45","94680.15","196268.48","106553.805"
"205","I13","46","95045.484","197722.33","106483.17"
"205","I13","47","95373.13","198958.14","106534.375"
"205","I13","48","95657.91","200414.12","106449.67"
"205","I13","49","96129.7","201854.81","106466.234"
"205","I13","50","96674.23","202839.77","106519.94"
"205","I13","51","96622.14","203943.25","106365.67"
"205","I13","52","97087.73","205304.78","106268.125"
"205","I13","53","97334.86","206724.0","106414.09"
"205","I13","54","97925.266","207836.97","106395.42"
"205","I13","55","98108.375","208742.03","106525.69"
"205","I13","56","98397.445","210072.3","106484.375"
"205","I13","57","98767.92","211398.81","106573.76"
"205","I13","58","99091.25","212501.56","106556.016"
"205","I13","59","99361.96","213684.7","106403.89"
"205","I13","60","99618.22","214917.95","106277.83"
"205","I13","61","100352.41","216195.48","106340.23"
"205","I13","62","100856.66","217222.31","106432.4"
"205","I13","63","101065.99","219118.16","106317.875"
"205","I13","64","101539.38","220772.72","106160.4"
"205","I13","65","102161.234","221762.34","106085.05"
"205","I13","66","102647.41","223016.81","106254.05"
"205","I13","67","103390.77","224994.55","106245.98"
"205","I13","68","104182.3","227285.06","106381.8"
"205","I13","69","105214.72","229751.92","106363.53"
"205","I13","70","106842.14","232865.34","106507.586"
"205","I13","71","108500.98","236499.1","106432.41"
"205","I13","72","110719.12","241051.1","106394.53"
"205","I13","73","113384.36","247173.36","106736.43"
"205","I13","74","116338.49","253644.72","106799.36"
"205","I13","75","119703.74","261260.2","107161.57"
"205","I13","76","123485.08","269955.62","107353.3"
"205","I13","77","127945.4","279852.1","107249.81"
"205","I13","78","133015.45","289022.16","107139.445"
"205","I13","79","137827.6","299306.6","107375.53"
"205","I13","80","142996.66","310473.25","107650.71"
"205","I13","81","148238.83","320700.4","107596.21"
"205","I13","82","153673.27","331154.97","107732.75"
"205","I13","83","159401.12","341359.25","107963.95"
"205","I13","84","165048.11","351772.5","107900.055"
"205","I13","85","170892.4","361841.53","107930.2"
"205","I13","86","176867.8","371190.25","108485.61"
"205","I13","87","182792.94","380562.88","108564.36"
"205","I13","88","188662.14","389552.78","108512.37"
"205","I13","89","194597.39","397889.7","108396.664"
"205","I13","90","199545.66","405522.75","108556.516"
"206","I14","1","62099.004","59334.926","114794.98"
"206","I14","2","61903.18","59495.69","114789.02"
"206","I14","3","61829.566","59986.387","114971.59"
"206","I14","4","61911.227","60479.97","115069.305"
"206","I14","5","61867.812","60768.848","115020.734"
"206","I14","6","61862.52","61201.965","114992.53"
"206","I14","7","61953.18","61489.06","114972.586"
"206","I14","8","61959.203","61906.387","114909.52"
"206","I14","9","61991.7","62016.508","114910.4"
"206","I14","10","62012.223","62318.656","115062.164"
"206","I14","11","62197.434","62488.195","115091.43"
"206","I14","12","62342.01","62816.594","115039.25"
"206","I14","13","62485.67","63476.89","115074.9"
"206","I14","14","62922.125","65139.27","115120.234"
"206","I14","15","63541.074","68169.16","115049.97"
"206","I14","16","64645.98","72383.37","115019.66"
"206","I14","17","66734.56","79785.03","115175.83"
"206","I14","18","69544.625","91229.125","115148.75"
"206","I14","19","73606.75","105751.19","115122.8"
"206","I14","20","77848.125","122652.96","115182.65"
"206","I14","21","81979.83","139161.3","115389.42"
"206","I14","22","85792.43","153190.11","115648.01"
"206","I14","23","89066.39","164402.97","115646.234"
"206","I14","24","91943.03","172116.62","115550.83"
"206","I14","25","94259.97","177519.95","115438.04"
"206","I14","26","96097.14","180627.81","115344.49"
"206","I14","27","97725.2","183799.9","115314.12"
"206","I14","28","98983.336","186642.94","115508.63"
"206","I14","29","99998.19","188429.84","115555.1"
"206","I14","30","100669.56","190226.84","115777.99"
"206","I14","31","101372.445","192309.89","115616.32"
"206","I14","32","102039.266","194053.92","115511.07"
"206","I14","33","102793.484","196085.06","115593.94"
"206","I14","34","103075.88","197478.78","115496.77"
"206","I14","35","103541.79","199024.56","115409.414"
"206","I14","36","104129.64","200694.52","115452.57"
"206","I14","37","104594.0","202238.31","115383.68"
"206","I14","38","105326.75","204275.16","115311.17"
"206","I14","39","105622.67","205625.8","115221.18"
"206","I14","40","105811.14","207064.12","115164.516"
"206","I14","41","106339.23","208661.56","115115.88"
"206","I14","42","106748.15","210011.88","115072.0"
"206","I14","43","107014.92","211348.19","115189.54"
"206","I14","44","107540.3","212818.0","115306.664"
"206","I14","45","107952.73","214334.56","115275.85"
"206","I14","46","108413.516","215869.78","115239.26"
"206","I14","47","108989.2","217240.34","114893.055"
"206","I14","48","109191.0","218774.62","114845.45"
"206","I14","49","109640.805","219820.73","115121.85"
"206","I14","50","109929.78","221122.31","114964.79"
"206","I14","51","110388.625","222708.95","114927.13"
"206","I14","52","110822.89","223861.25","115190.55"
"206","I14","53","111253.25","224824.62","115192.55"
"206","I14","54","111631.07","225893.86","115107.914"
"206","I14","55","111779.336","227247.77","115060.08"
"206","I14","56","112083.97","228669.66","114966.02"
"206","I14","57","112359.45","229893.61","114822.89"
"206","I14","58","112731.42","231342.03","114736.664"
"206","I14","59","113055.13","232772.3","114666.945"
"206","I14","60","113379.836","233887.23","114674.305"
"206","I14","61","114039.3","234677.22","114857.96"
"206","I14","62","114546.766","235743.44","114806.266"
"206","I14","63","114839.766","236955.38","114772.68"
"206","I14","64","114883.99","238211.1","114820.375"
"206","I14","65","115514.26","239365.73","114539.09"
"206","I14","66","116024.97","240804.56","114510.3"
"206","I14","67","116469.234","242659.48","114681.08"
"206","I14","68","117015.375","244034.84","114577.24"
"206","I14","69","117284.945","244977.17","114517.67"
"206","I14","70","117838.68","246761.98","114537.5"
"206","I14","71","118632.45","249275.05","114660.04"
"206","I14","72","119807.664","252389.89","114714.92"
"206","I14","73","121067.94","255654.6","114943.97"
"206","I14","74","122733.38","259944.88","114992.97"
"206","I14","75","124593.914","265183.8","114871.914"
"206","I14","76","127239.85","271765.53","114570.05"
"206","I14","77","130058.945","279474.34","114572.09"
"206","I14","78","133216.14","288877.8","114903.36"
"206","I14","79","137106.19","298549.56","114919.85"
"206","I14","80","141675.52","309194.84","114818.97"
"206","I14","81","146083.72","320366.8","114650.38"
"206","I14","82","150948.39","331964.5","114593.13"
"206","I14","83","156035.9","342642.78","114614.42"
"206","I14","84","161395.66","353572.62","114642.15"
"206","I14","85","167462.23","364832.8","114812.86"
"206","I14","86","173577.83","375464.3","114768.945"
"206","I14","87","179542.06","385491.5","114742.78"
"206","I14","88","185696.72","395380.44","114821.05"
"206","I14","89","192055.86","405088.53","114623.98"
"206","I14","90","197456.62","412688.25","114543.21"
"207","I15","1","72056.35","58345.6","112411.484"
"207","I15","2","71774.19","58434.344","112203.58"
"207","I15","3","71293.41","58960.992","111984.81"
"207","I15","4","70830.89","59648.027","111763.71"
"207","I15","5","70621.31","59985.68","111652.055"
"207","I15","6","70545.14","59975.242","111607.07"
"207","I15","7","70459.336","60244.05","111628.7"
"207","I15","8","70472.6","60778.164","111514.44"
"207","I15","9","70580.04","60899.508","111298.56"
"207","I15","10","70476.195","61018.227","111281.28"
"207","I15","11","70513.33","61096.293","111408.98"
"207","I15","12","70808.28","61908.625","111413.46"
"207","I15","13","70918.4","62752.645","111413.875"
"207","I15","14","71267.1","63795.39","111460.73"
"207","I15","15","71850.016","66281.34","111732.72"
"207","I15","16","72748.38","70634.164","111718.14"
"207","I15","17","74454.61","77502.586","111692.375"
"207","I15","18","76915.43","88339.875","111877.7"
"207","I15","19","80282.18","102467.695","112022.61"
"207","I15","20","83706.86","118248.125","112231.445"
"207","I15","21","87015.15","133478.4","112377.22"
"207","I15","22","89864.05","146733.12","112455.02"
"207","I15","23","92565.43","157011.2","112576.85"
"207","I15","24","95033.55","164036.9","112635.67"
"207","I15","25","96989.06","169069.05","112564.17"
"207","I15","26","98548.336","172216.81","112268.97"
"207","I15","27","99920.6","174581.77","112165.74"
"207","I15","28","100992.2","177254.61","112297.71"
"207","I15","29","101905.65","179046.36","112311.164"
"207","I15","30","102524.5","180821.92","112576.734"
"207","I15","31","103123.59","182491.66","112860.66"
"207","I15","32","103669.516","184717.02","112783.24"
"207","I15","33","104084.45","186648.17","112644.15"
"207","I15","34","104509.31","188162.45","112553.55"
"207","I15","35","104968.625","189609.23","112551.67"
"207","I15","36","105339.43","191104.39","112926.82"
"207","I15","37","105878.12","192789.67","112977.414"
"207","I15","38","106121.98","194295.97","112941.5"
"207","I15","39","106314.57","195938.56","112949.02"
"207","I15","40","106693.7","197512.4","112785.67"
"207","I15","41","106926.65","199168.14","112640.59"
"207","I15","42","107363.945","200194.34","112607.93"
"207","I15","43","107634.61","201717.45","112720.85"
"207","I15","44","108103.45","202887.34","112812.125"
"207","I15","45","108488.2","204274.97","112797.03"
"207","I15","46","108566.72","205698.14","112969.35"
"207","I15","47","108933.45","207210.27","112895.516"
"207","I15","48","109180.484","208588.61","112762.35"
"207","I15","49","109500.52","209893.23","112658.24"
"207","I15","50","109764.72","211323.75","112678.3"
"207","I15","51","110137.45","212594.22","112695.24"
"207","I15","52","110757.48","213646.77","112940.59"
"207","I15","53","111128.7","214854.98","112932.086"
"207","I15","54","111150.14","216119.94","112967.89"
"207","I15","55","111569.45","217238.16","112765.836"
"207","I15","56","111862.39","218400.9","112609.21"
"207","I15","57","112083.57","219751.42","112638.17"
"207","I15","58","112312.805","221596.33","112884.05"
"207","I15","59","112580.08","222495.44","112600.98"
"207","I15","60","112784.72","223365.06","112512.875"
"207","I15","61","113128.02","224898.38","112768.836"
"207","I15","62","113442.43","226362.53","112521.02"
"207","I15","63","113776.266","227137.84","112475.055"
"207","I15","64","114333.74","228663.6","112868.28"
"207","I15","65","114756.625","230230.81","112681.68"
"207","I15","66","114930.67","231578.52","112545.91"
"207","I15","67","115596.87","233232.47","112630.62"
"207","I15","68","116531.336","234748.1","112618.805"
"207","I15","69","117447.8","236792.5","112609.08"
"207","I15","70","118445.01","238743.98","112712.35"
"207","I15","71","119570.266","241799.23","112713.64"
"207","I15","72","121276.29","245317.5","112596.96"
"207","I15","73","123319.87","249215.3","112541.48"
"207","I15","74","125662.766","253328.14","112706.9"
"207","I15","75","128444.805","258576.4","112817.27"
"207","I15","76","131696.97","264930.28","112903.32"
"207","I15","77","135465.16","271732.47","112992.82"
"207","I15","78","139620.94","279900.75","112925.125"
"207","I15","79","144336.98","289002.22","112971.62"
"207","I15","80","149442.4","298666.78","113096.28"
"207","I15","81","155240.03","308865.62","113359.09"
"207","I15","82","161145.11","319671.7","113483.59"
"207","I15","83","166687.44","331014.03","113249.46"
"207","I15","84","172384.17","341953.44","113187.64"
"207","I15","85","178844.81","352462.6","113586.24"
"207","I15","86","185175.39","363301.56","113656.46"
"207","I15","87","191214.84","373555.38","113782.52"
"207","I15","88","197599.0","383635.97","113695.39"
"207","I15","89","204014.73","393359.7","113676.68"
"207","I15","90","209259.98","401600.75","113733.9"
"208","I16","1","60991.574","57099.97","110651.4"
"208","I16","2","60826.008","57289.676","110499.29"
"208","I16","3","60715.645","58278.6","110388.64"
"208","I16","4","60671.137","58850.59","110431.28"
"208","I16","5","60665.06","59151.754","110687.7"
"208","I16","6","60690.98","59687.09","110848.27"
"208","I16","7","60701.445","60113.27","110711.77"
"208","I16","8","60702.203","60254.664","110664.82"
"208","I16","9","60734.39","60300.562","110806.76"
"208","I16","10","60751.99","60330.105","110870.93"
"208","I16","11","60870.652","60942.83","110821.77"
"208","I16","12","60937.875","61110.88","110830.23"
"208","I16","13","61050.43","61700.215","110949.97"
"208","I16","14","61490.96","63303.6","110855.445"
"208","I16","15","62182.11","65852.63","110779.664"
"208","I16","16","63362.14","70193.18","110779.695"
"208","I16","17","65251.605","77512.07","110832.89"
"208","I16","18","68020.06","88034.96","111205.69"
"208","I16","19","71610.09","101999.586","111289.26"
"208","I16","20","75577.36","118125.9","111373.22"
"208","I16","21","79517.56","134094.19","111546.07"
"208","I16","22","83106.19","147919.78","111654.58"
"208","I16","23","86069.51","158390.17","111738.234"
"208","I16","24","88629.32","166136.86","111673.47"
"208","I16","25","90814.15","171254.73","111662.875"
"208","I16","26","92898.625","174834.36","112023.48"
"208","I16","27","94173.03","177653.53","112048.88"
"208","I16","28","95388.39","179933.89","111852.36"
"208","I16","29","96149.79","181996.16","111738.34"
"208","I16","30","97013.33","184182.56","111785.34"
"208","I16","31","97906.77","185970.81","111683.21"
"208","I16","32","98448.41","187936.97","111552.6"
"208","I16","33","98950.016","189538.12","111454.63"
"208","I16","34","99223.73","191211.77","111475.31"
"208","I16","35","99772.01","192974.17","111965.52"
"208","I16","36","100096.336","194340.84","112226.68"
"208","I16","37","100774.87","195704.31","112207.87"
"208","I16","38","101009.94","197624.83","112016.13"
"208","I16","39","101393.35","199160.2","111862.81"
"208","I16","40","101869.14","200490.58","111831.79"
"208","I16","41","102175.195","202071.02","111943.33"
"208","I16","42","102630.586","203725.83","111925.5"
"208","I16","43","102825.734","205053.8","112032.83"
"208","I16","44","103251.92","206577.9","111800.71"
"208","I16","45","103802.34","207835.17","111719.91"
"208","I16","46","104093.53","209086.16","111964.32"
"208","I16","47","104604.555","210636.6","111837.59"
"208","I16","48","104971.47","211746.28","111717.234"
"208","I16","49","105189.71","212845.69","111816.625"
"208","I16","50","105562.51","214262.47","112026.85"
"208","I16","51","106000.484","215517.78","112153.58"
"208","I16","52","106252.09","216921.44","112060.58"
"208","I16","53","106861.055","218180.66","111995.98"
"208","I16","54","107441.7","219154.81","112004.58"
"208","I16","55","107695.055","220862.16","111955.8"
"208","I16","56","107928.266","222079.12","112008.06"
"208","I16","57","108099.63","223255.12","111961.414"
"208","I16","58","108307.96","224210.94","111948.375"
"208","I16","59","108518.4","225448.73","111916.305"
"208","I16","60","108932.44","226846.28","111761.22"
"208","I16","61","109429.14","228372.1","111677.46"
"208","I16","62","109658.58","229538.81","111814.74"
"208","I16","63","110133.695","230881.45","111802.77"
"208","I16","64","110451.31","232148.2","111834.625"
"208","I16","65","110878.07","233691.27","112046.195"
"208","I16","66","111474.2","234414.72","112065.96"
"208","I16","67","111866.555","235418.78","111973.93"
"208","I16","68","112310.76","236867.84","111826.02"
"208","I16","69","112626.45","238314.69","111655.46"
"208","I16","70","113572.72","240187.45","111624.734"
"208","I16","71","114510.79","242329.39","111945.57"
"208","I16","72","115530.195","244321.98","111927.31"
"208","I16","73","116839.75","246469.39","111858.88"
"208","I16","74","118036.85","249000.42","112021.49"
"208","I16","75","119559.445","251949.08","111947.54"
"208","I16","76","121659.9","255380.8","111846.83"
"208","I16","77","124414.195","259773.69","111899.234"
"208","I16","78","127073.86","264470.97","111878.89"
"208","I16","79","129948.32","268915.47","112054.35"
"208","I16","80","132848.75","273724.97","111990.17"
"208","I16","81","136352.95","279352.25","111911.19"
"208","I16","82","139992.77","284961.53","112048.38"
"208","I16","83","144162.17","290760.6","111994.46"
"208","I16","84","148600.66","297230.38","112051.47"
"208","I16","85","153219.3","304236.3","112312.3"
"208","I16","86","157942.31","310887.1","112406.59"
"208","I16","87","162464.7","317769.5","112319.31"
"208","I16","88","166887.0","324657.3","112317.41"
"208","I16","89","171379.1","331886.1","112190.76"
"208","I16","90","175213.9","338252.25","112051.26"
"209","I17","1","63205.79","55980.934","120998.47"
"209","I17","2","63052.33","56259.074","120846.55"
"209","I17","3","62689.43","56797.094","120622.87"
"209","I17","4","62652.184","57386.305","120419.92"
"209","I17","5","62799.14","57795.92","120443.336"
"209","I17","6","62775.25","58099.41","120772.11"
"209","I17","7","62757.65","58159.79","121073.26"
"209","I17","8","62842.58","58229.207","121157.17"
"209","I17","9","62838.56","58612.027","120785.36"
"209","I17","10","62867.06","58674.766","120708.49"
"209","I17","11","62861.613","58961.24","120940.18"
"209","I17","12","62801.6","58989.26","120965.95"
"209","I17","13","62795.273","58997.137","121041.41"
"209","I17","14","62989.902","59197.53","121011.43"
"209","I17","15","63220.652","59430.285","120965.17"
"209","I17","16","63288.387","60126.332","121064.6"
"209","I17","17","63538.305","60939.508","121109.13"
"209","I17","18","64218.1","62749.727","121059.2"
"209","I17","19","65485.4","65310.508","121129.44"
"209","I17","20","67385.19","69680.13","121347.17"
"209","I17","21","70530.68","76309.805","121457.336"
"209","I17","22","75256.88","84848.445","121481.3"
"209","I17","23","81619.84","95114.055","121757.266"
"209","I17","24","89767.54","105506.53","121803.96"
"209","I17","25","99088.2","114686.125","121718.64"
"209","I17","26","108827.16","122436.09","121760.586"
"209","I17","27","117507.78","128538.68","121861.32"
"209","I17","28","123347.3","132628.56","121990.516"
"209","I17","29","127123.14","135310.83","122237.945"
"209","I17","30","129449.01","137200.23","122590.9"
"209","I17","31","131122.22","139246.86","122561.555"
"209","I17","32","132357.78","140848.2","122381.125"
"209","I17","33","133327.67","142453.28","122277.4"
"209","I17","34","134122.0","144025.03","122406.98"
"209","I17","35","135013.97","145248.7","122375.695"
"209","I17","36","135646.52","146702.39","122369.11"
"209","I17","37","136222.55","148197.6","122425.16"
"209","I17","38","136630.23","149523.53","122392.92"
"209","I17","39","137148.05","150874.52","122322.43"
"209","I17","40","137684.03","151786.88","122353.805"
"209","I17","41","138173.14","153267.83","122266.586"
"209","I17","42","138800.64","154587.14","122358.95"
"209","I17","43","139327.27","156004.38","122690.49"
"209","I17","44","139663.83","157214.42","122634.8"
"209","I17","45","140014.45","157986.12","122625.63"
"209","I17","46","140299.62","159306.8","122939.41"
"209","I17","47","140592.95","160693.45","122837.44"
"209","I17","48","141208.9","161795.6","122495.016"
"209","I17","49","141649.38","162900.3","122338.81"
"209","I17","50","142024.55","164090.73","122462.2"
"209","I17","51","142502.44","165596.08","122575.47"
"209","I17","52","142826.06","166718.88","122473.4"
"209","I17","53","143322.97","167694.28","122435.45"
"209","I17","54","143651.17","168355.05","122520.484"
"209","I17","55","143823.08","169582.17","122522.03"
"209","I17","56","144294.2","170685.77","122533.59"
"209","I17","57","145108.66","172085.38","122661.71"
"209","I17","58","145587.83","173143.47","122661.87"
"209","I17","59","145796.05","174442.03","122419.89"
"209","I17","60","146434.58","175756.4","122280.39"
"209","I17","61","147251.47","177061.08","122399.76"
"209","I17","62","147976.06","178523.56","122537.86"
"209","I17","63","149304.31","180563.36","122561.195"
"209","I17","64","151711.44","182889.72","122589.02"
"209","I17","65","154142.62","185733.73","122654.28"
"209","I17","66","157541.73","188684.5","122652.49"
"209","I17","67","161943.53","192154.88","122434.81"
"209","I17","68","166942.28","196149.5","122324.5"
"209","I17","69","172850.89","200746.97","122539.14"
"209","I17","70","179135.0","205422.58","122671.61"
"209","I17","71","186316.69","210251.73","122655.01"
"209","I17","72","193422.38","215080.84","122770.375"
"209","I17","73","200773.9","219923.48","122781.414"
"209","I17","74","208526.34","225073.98","122848.875"
"209","I17","75","216285.98","230502.77","123215.6"
"209","I17","76","224042.6","235517.38","123185.61"
"209","I17","77","232089.38","240615.52","123168.36"
"209","I17","78","240225.66","245721.11","123057.2"
"209","I17","79","247985.75","250954.45","122976.125"
"209","I17","80","256543.78","256111.9","123209.14"
"209","I17","81","264936.06","262463.2","123205.91"
"209","I17","82","272960.6","268340.53","123428.875"
"209","I17","83","281297.88","273925.3","123567.836"
"209","I17","84","289498.34","280216.6","123759.2"
"209","I17","85","297594.7","286358.75","123665.42"
"209","I17","86","306246.38","292191.12","123660.97"
"209","I17","87","314393.84","298679.3","123733.63"
"209","I17","88","322498.9","305163.34","123726.93"
"209","I17","89","329827.28","312057.56","123787.17"
"209","I17","90","336870.1","318092.16","123956.18"
"210","I18","1","57958.13","50625.55","119078.75"
"210","I18","2","57741.293","50811.816","118947.44"
"210","I18","3","57315.38","51479.098","118537.0"
"210","I18","4","57134.734","51831.69","118094.71"
"210","I18","5","56926.55","51864.25","118021.03"
"210","I18","6","56768.53","52180.67","118164.56"
"210","I18","7","56745.176","52557.492","118181.39"
"210","I18","8","56824.72","52601.844","118107.71"
"210","I18","9","56766.098","52714.152","117965.03"
"210","I18","10","56757.535","52868.047","118029.64"
"210","I18","11","56896.977","52840.645","118418.62"
"210","I18","12","56917.97","53028.934","118458.42"
"210","I18","13","56707.953","52937.195","118475.12"
"210","I18","14","56721.695","52951.137","118585.31"
"210","I18","15","57008.473","53542.355","118557.11"
"210","I18","16","57075.105","54149.375","118470.75"
"210","I18","17","57191.4","54666.324","118367.81"
"210","I18","18","57963.9","56192.91","118213.11"
"210","I18","19","59026.438","58805.598","118242.516"
"210","I18","20","60598.64","62797.637","118644.6"
"210","I18","21","63229.777","68823.375","118751.14"
"210","I18","22","67024.64","76964.73","118735.25"
"210","I18","23","72110.22","86298.49","118894.586"
"210","I18","24","78027.375","96401.25","118812.9"
"210","I18","25","85060.3","106076.83","118730.18"
"210","I18","26","93343.164","114447.73","118790.6"
"210","I18","27","101367.52","121414.15","118837.96"
"210","I18","28","108120.055","126594.55","118945.49"
"210","I18","29","113227.61","130077.14","118939.32"
"210","I18","30","116347.98","132798.16","118924.34"
"210","I18","31","118222.836","134814.06","118871.37"
"210","I18","32","119447.11","136295.62","118846.664"
"210","I18","33","120535.016","137664.64","119053.586"
"210","I18","34","121278.92","139203.48","119014.57"
"210","I18","35","121973.56","140489.53","118922.8"
"210","I18","36","122855.086","142038.14","118817.82"
"210","I18","37","123480.664","143280.16","118712.74"
"210","I18","38","124085.79","144643.69","118551.336"
"210","I18","39","124437.09","146266.36","118556.35"
"210","I18","40","124877.45","147456.58","118905.4"
"210","I18","41","125494.69","148758.05","118843.45"
"210","I18","42","126059.35","150072.94","118752.7"
"210","I18","43","126359.914","151316.34","118794.164"
"210","I18","44","126775.56","152501.39","118718.664"
"210","I18","45","127218.5","153751.12","118604.734"
"210","I18","46","127720.234","155013.27","118527.06"
"210","I18","47","128110.58","156249.03","118606.24"
"210","I18","48","128379.19","157395.3","118877.875"
"210","I18","49","128696.055","158713.12","118877.266"
"210","I18","50","129042.016","159923.44","118874.734"
"210","I18","51","129457.87","160666.16","118958.87"
"210","I18","52","129779.26","161544.73","118985.4"
"210","I18","53","130364.984","162786.84","118909.945"
"210","I18","54","130511.21","164387.44","118864.6"
"210","I18","55","130980.234","165517.56","118717.81"
"210","I18","56","131361.67","166221.0","118529.59"
"210","I18","57","131784.8","167567.95","118485.95"
"210","I18","58","132184.9","168665.05","118663.336"
"210","I18","59","132684.95","169881.88","118646.58"
"210","I18","60","133456.02","170703.67","118587.125"
"210","I18","61","133954.84","172543.11","118371.914"
"210","I18","62","134813.53","174169.12","118360.805"
"210","I18","63","135871.02","175481.2","118688.23"
"210","I18","64","137442.5","177706.14","118726.336"
"210","I18","65","139169.5","180117.5","118817.48"
"210","I18","66","141845.05","183486.61","118837.74"
"210","I18","67","145707.28","186664.22","118578.055"
"210","I18","68","149683.36","190642.47","118470.766"
"210","I18","69","154577.44","194694.22","118579.836"
"210","I18","70","160326.3","199195.31","118790.98"
"210","I18","71","166141.64","203974.45","118734.48"
"210","I18","72","172217.12","208961.38","118623.36"
"210","I18","73","178533.12","214454.33","118519.9"
"210","I18","74","185152.28","219507.8","118471.03"
"210","I18","75","192160.73","224430.19","118559.125"
"210","I18","76","199219.16","229998.5","118534.984"
"210","I18","77","206390.83","235389.92","118501.41"
"210","I18","78","213685.6","241130.31","118460.086"
"210","I18","79","221222.38","246373.19","118539.71"
"210","I18","80","228823.53","251897.62","118611.09"
"210","I18","81","236499.64","257876.69","118665.414"
"210","I18","82","244056.23","263666.34","118832.45"
"210","I18","83","251964.2","269851.12","118602.55"
"210","I18","84","259811.9","276480.2","118504.95"
"210","I18","85","268222.06","282912.88","118620.66"
"210","I18","86","276714.8","289389.8","118648.875"
"210","I18","87","285192.22","295967.22","118580.95"
"210","I18","88","293092.97","302732.88","118511.8"
"210","I18","89","301161.34","309101.7","118512.35"
"210","I18","90","309011.12","314949.5","118457.75"
"211","I19","1","59670.902","56968.324","120768.54"
"211","I19","2","59591.68","57277.168","120743.984"
"211","I19","3","59538.504","57871.098","120827.29"
"211","I19","4","59537.69","58491.438","121215.266"
"211","I19","5","59556.42","58889.59","121288.82"
"211","I19","6","59552.656","59311.99","121300.73"
"211","I19","7","59598.312","59615.312","121370.98"
"211","I19","8","59764.332","59619.32","121575.53"
"211","I19","9","59814.05","59876.81","121577.81"
"211","I19","10","59857.594","60092.45","121479.805"
"211","I19","11","59870.34","60049.23","121476.22"
"211","I19","12","59868.64","60218.043","121772.85"
"211","I19","13","60005.855","60174.66","121774.87"
"211","I19","14","60030.77","60435.504","121754.89"
"211","I19","15","60219.76","60898.336","121681.84"
"211","I19","16","60422.41","61517.19","121684.16"
"211","I19","17","60624.473","62309.527","121831.125"
"211","I19","18","61252.7","63456.508","121892.96"
"211","I19","19","62308.67","65818.71","121965.664"
"211","I19","20","63713.42","70433.414","121956.695"
"211","I19","21","66057.64","76963.52","121933.13"
"211","I19","22","69331.914","85421.89","122193.375"
"211","I19","23","73665.47","95086.45","122323.86"
"211","I19","24","78575.65","105490.06","122471.6"
"211","I19","25","84164.234","115678.34","122770.99"
"211","I19","26","90585.55","124914.04","122957.195"
"211","I19","27","97574.7","132962.44","123116.85"
"211","I19","28","104332.77","139868.22","123128.31"
"211","I19","29","109861.28","144839.55","123155.85"
"211","I19","30","113772.54","147947.95","123294.375"
"211","I19","31","115855.66","150246.95","123266.66"
"211","I19","32","117274.38","152429.39","123187.86"
"211","I19","33","118335.72","154155.1","123362.266"
"211","I19","34","119105.76","155789.7","123296.35"
"211","I19","35","119802.016","157245.86","123283.586"
"211","I19","36","120678.31","158446.77","123220.93"
"211","I19","37","121197.28","159849.39","123226.42"
"211","I19","38","121803.25","161534.66","123328.31"
"211","I19","39","122382.64","162717.47","123313.06"
"211","I19","40","122744.74","164251.62","123581.17"
"211","I19","41","123310.11","165711.73","123479.66"
"211","I19","42","123861.79","166720.12","123422.625"
"211","I19","43","124226.38","167793.38","123820.03"
"211","I19","44","124634.125","169280.27","123788.18"
"211","I19","45","125246.12","170210.53","123715.91"
"211","I19","46","125623.91","171785.58","123588.02"
"211","I19","47","125966.37","173326.48","123630.64"
"211","I19","48","126051.6","174440.22","123700.164"
"211","I19","49","126441.52","175426.67","123659.805"
"211","I19","50","126918.055","176810.3","123806.08"
"211","I19","51","127225.195","177867.16","123757.88"
"211","I19","52","127626.28","178975.2","123606.7"
"211","I19","53","128114.17","180188.78","123578.586"
"211","I19","54","128536.625","181077.8","123588.56"
"211","I19","55","128835.336","182275.19","123850.414"
"211","I19","56","129100.97","183697.31","123806.23"
"211","I19","57","129588.79","184905.31","123671.83"
"211","I19","58","130334.45","185895.64","123723.625"
"211","I19","59","130612.43","187005.94","123587.09"
"211","I19","60","130926.0","188353.45","123450.22"
"211","I19","61","131209.53","189251.83","123552.01"
"211","I19","62","131571.69","190981.25","123651.445"
"211","I19","63","132757.08","192389.08","123885.56"
"211","I19","64","133603.42","194172.75","123803.09"
"211","I19","65","134723.0","196420.34","123723.836"
"211","I19","66","136703.02","199072.67","123658.05"
"211","I19","67","139291.81","202272.88","123934.336"
"211","I19","68","142357.36","206076.48","123983.875"
"211","I19","69","146291.72","210216.33","123901.266"
"211","I19","70","150581.36","215204.92","123812.81"
"211","I19","71","155434.2","220322.33","124063.74"
"211","I19","72","160689.66","226254.1","124182.03"
"211","I19","73","166494.4","231952.28","124181.85"
"211","I19","74","172093.38","237322.3","124116.734"
"211","I19","75","177663.67","243434.58","124149.18"
"211","I19","76","183883.75","249634.77","124087.93"
"211","I19","77","190032.94","255550.97","124410.06"
"211","I19","78","196556.97","261533.55","124772.59"
"211","I19","79","203020.8","267895.75","124700.984"
"211","I19","80","209776.39","274324.94","124723.07"
"211","I19","81","216822.8","280817.0","124799.16"
"211","I19","82","224044.5","287067.4","124829.87"
"211","I19","83","231462.38","293991.94","125047.05"
"211","I19","84","238519.73","300944.9","125004.516"
"211","I19","85","246250.08","307827.47","125182.375"
"211","I19","86","254348.28","314872.0","125138.945"
"211","I19","87","262258.53","322912.16","125228.07"
"211","I19","88","269834.34","330062.94","125339.875"
"211","I19","89","277141.53","336762.1","125502.74"
"211","I19","90","284358.56","343567.8","125965.97"
"212","I20","1","61083.26","64956.332","126277.375"
"212","I20","2","60988.895","65046.008","126210.375"
"212","I20","3","60938.797","65679.86","126206.96"
"212","I20","4","61036.465","66400.125","126377.86"
"212","I20","5","60988.64","67142.09","126571.05"
"212","I20","6","60842.375","67270.9","126548.63"
"212","I20","7","60782.64","67580.21","126486.8"
"212","I20","8","60744.93","67622.516","126508.5"
"212","I20","9","60791.23","67933.164","126656.53"
"212","I20","10","61042.05","67994.67","126667.87"
"212","I20","11","61171.668","68172.33","126750.74"
"212","I20","12","61129.285","68608.59","126736.98"
"212","I20","13","61113.727","68537.96","126787.09"
"212","I20","14","61284.797","68521.33","126835.37"
"212","I20","15","61420.586","68945.79","127168.29"
"212","I20","16","61527.418","69245.31","127161.35"
"212","I20","17","61725.617","70149.11","127063.84"
"212","I20","18","62209.25","71678.01","126976.06"
"212","I20","19","63029.516","74321.445","127024.83"
"212","I20","20","64286.88","78401.13","127258.15"
"212","I20","21","66343.234","85004.34","127270.5"
"212","I20","22","69217.07","93868.58","127349.57"
"212","I20","23","72827.82","104229.984","127468.3"
"212","I20","24","76510.61","115567.65","127468.06"
"212","I20","25","80525.11","126934.84","127740.445"
"212","I20","26","84846.805","137665.86","127986.87"
"212","I20","27","89657.72","147431.14","128054.37"
"212","I20","28","95200.17","155095.67","128139.53"
"212","I20","29","100175.04","161392.53","128187.96"
"212","I20","30","104084.164","165732.16","128448.055"
"212","I20","31","106746.9","169083.92","128441.62"
"212","I20","32","108600.44","171734.45","128556.555"
"212","I20","33","109731.625","173755.62","128443.75"
"212","I20","34","110686.65","175169.22","128334.0"
"212","I20","35","111369.0","176910.17","128510.51"
"212","I20","36","112052.25","178186.94","128642.914"
"212","I20","37","112655.75","180005.27","128555.555"
"212","I20","38","113008.09","181251.17","128610.91"
"212","I20","39","113384.14","182527.8","128819.02"
"212","I20","40","114117.24","183738.14","128980.85"
"212","I20","41","114465.18","185222.0","128800.01"
"212","I20","42","114850.805","186672.75","128594.53"
"212","I20","43","115088.86","187882.81","128494.21"
"212","I20","44","115505.4","189156.5","128599.93"
"212","I20","45","115978.77","190711.83","128543.805"
"212","I20","46","116291.36","191720.66","128695.97"
"212","I20","47","116574.82","192939.0","128917.91"
"212","I20","48","116918.97","194034.9","128850.57"
"212","I20","49","117285.61","195155.88","128856.97"
"212","I20","50","117701.55","196560.58","128765.49"
"212","I20","51","117729.586","197743.38","128623.32"
"212","I20","52","118008.31","198622.98","128589.24"
"212","I20","53","118420.7","199984.11","128506.64"
"212","I20","54","118820.766","201189.19","128594.5"
"212","I20","55","119221.164","202582.31","128516.664"
"212","I20","56","119335.55","203726.64","128577.766"
"212","I20","57","119555.664","204662.42","128719.29"
"212","I20","58","119876.85","205349.47","128656.35"
"212","I20","59","120257.02","206681.16","128730.74"
"212","I20","60","120451.22","208044.81","128723.945"
"212","I20","61","121011.76","208998.06","128702.18"
"212","I20","62","121291.766","209971.94","128584.125"
"212","I20","63","121560.44","211347.0","128616.02"
"212","I20","64","122131.89","213058.6","128749.72"
"212","I20","65","122758.695","214605.17","128699.71"
"212","I20","66","123706.3","216217.67","128568.9"
"212","I20","67","124970.64","218535.66","128500.43"
"212","I20","68","126235.305","221274.47","128772.42"
"212","I20","69","128102.49","224568.16","128806.07"
"212","I20","70","130603.87","228613.08","128828.28"
"212","I20","71","133881.33","233279.3","128819.77"
"212","I20","72","137445.84","238585.61","128799.75"
"212","I20","73","141440.86","244630.92","128924.98"
"212","I20","74","145254.8","251111.77","129116.52"
"212","I20","75","149879.38","257600.34","129092.93"
"212","I20","76","154627.42","263845.38","129045.555"
"212","I20","77","159130.28","270303.38","129374.41"
"212","I20","78","164085.39","277256.75","129262.46"
"212","I20","79","169341.75","284543.9","129150.66"
"212","I20","80","174641.1","291635.66","129402.09"
"212","I20","81","180311.61","298495.84","129453.69"
"212","I20","82","186100.45","305507.84","129656.375"
"212","I20","83","192013.48","312986.75","129802.35"
"212","I20","84","198095.4","320324.66","129786.65"
"212","I20","85","204530.69","328274.78","129877.61"
"212","I20","86","211184.03","336176.47","130059.83"
"212","I20","87","217951.02","343828.97","130091.75"
"212","I20","88","224820.92","351658.6","129934.82"
"212","I20","89","231961.66","359507.12","129827.76"
"212","I20","90","238111.95","366655.6","130130.15"
"213","I21","1","56522.594","61213.93","117810.89"
"213","I21","2","56459.375","61432.258","117817.9"
"213","I21","3","56420.418","62179.91","117906.484"
"213","I21","4","56444.48","62728.46","117925.836"
"213","I21","5","56359.203","63274.977","117896.836"
"213","I21","6","56344.61","63706.023","117918.38"
"213","I21","7","56393.375","63832.285","118134.28"
"213","I21","8","56437.426","64217.2","118251.88"
"213","I21","9","56593.89","64541.336","118209.586"
"213","I21","10","56714.754","64494.34","118163.92"
"213","I21","11","56700.594","64487.355","118208.336"
"213","I21","12","56651.734","64786.727","118393.56"
"213","I21","13","56698.152","64803.625","118387.22"
"213","I21","14","56910.74","64902.734","118389.41"
"213","I21","15","57133.734","65115.023","118325.89"
"213","I21","16","57213.336","65737.09","118336.63"
"213","I21","17","57375.273","66532.195","118643.08"
"213","I21","18","57860.453","67818.45","118687.54"
"213","I21","19","58773.527","70221.42","118662.07"
"213","I21","20","60102.88","74430.984","118625.97"
"213","I21","21","62317.17","80408.76","118799.086"
"213","I21","22","65378.527","88616.57","118970.46"
"213","I21","23","69019.836","98231.23","119002.64"
"213","I21","24","72805.39","108366.57","119290.63"
"213","I21","25","76261.16","118389.984","119335.44"
"213","I21","26","79774.08","128021.93","119609.69"
"213","I21","27","83296.95","136910.92","119917.93"
"213","I21","28","87175.445","144676.47","120020.76"
"213","I21","29","90871.086","151222.1","119972.35"
"213","I21","30","93874.6","156363.22","120119.195"
"213","I21","31","96352.695","160287.06","119978.01"
"213","I21","32","98107.25","162590.83","119867.88"
"213","I21","33","99232.96","164695.73","120049.46"
"213","I21","34","100146.72","166452.38","120145.59"
"213","I21","35","100782.79","168117.14","120205.836"
"213","I21","36","101494.055","169424.1","120225.88"
"213","I21","37","102047.68","170674.27","120352.195"
"213","I21","38","102535.92","172462.48","120304.05"
"213","I21","39","102790.71","173562.84","120186.43"
"213","I21","40","102994.96","175085.27","120237.26"
"213","I21","41","103506.234","176566.92","120171.09"
"213","I21","42","103806.14","178012.95","120095.875"
"213","I21","43","104124.49","179113.64","120225.04"
"213","I21","44","104578.914","180374.16","120359.76"
"213","I21","45","104826.32","181596.72","120321.805"
"213","I21","46","105211.3","182864.7","120291.33"
"213","I21","47","105684.09","184248.4","120377.93"
"213","I21","48","105957.61","185559.97","120299.9"
"213","I21","49","106145.81","186619.58","120323.47"
"213","I21","50","106448.07","187691.19","120273.33"
"213","I21","51","106799.13","188840.11","120511.85"
"213","I21","52","107079.41","190037.3","120671.36"
"213","I21","53","107117.64","191175.62","120574.01"
"213","I21","54","107386.3","192024.36","120562.56"
"213","I21","55","107876.03","193342.6","120560.52"
"213","I21","56","108196.72","194345.9","120587.75"
"213","I21","57","108321.44","195490.17","120364.63"
"213","I21","58","108406.766","196936.42","120245.28"
"213","I21","59","108823.15","197974.86","120500.21"
"213","I21","60","109377.56","198956.38","120674.05"
"213","I21","61","109546.12","200084.83","120600.81"
"213","I21","62","109648.664","201209.39","120424.445"
"213","I21","63","109995.92","202395.38","120320.41"
"213","I21","64","110365.85","203744.22","120385.805"
"213","I21","65","110931.99","204924.97","120444.95"
"213","I21","66","111454.99","206756.02","120399.914"
"213","I21","67","112388.22","208696.5","120469.055"
"213","I21","68","113375.36","211068.8","120769.234"
"213","I21","69","114514.7","214326.02","120707.55"
"213","I21","70","116303.99","218289.11","120632.64"
"213","I21","71","118498.63","222685.44","120816.03"
"213","I21","72","121313.26","227751.81","120907.055"
"213","I21","73","124379.64","233720.8","120984.14"
"213","I21","74","127383.305","240128.69","120867.69"
"213","I21","75","130835.22","246896.47","120930.55"
"213","I21","76","134410.05","253389.78","121239.03"
"213","I21","77","138006.8","260510.72","121223.914"
"213","I21","78","142058.36","267927.78","121366.086"
"213","I21","79","145976.42","275173.78","121307.53"
"213","I21","80","150482.42","282641.94","121142.8"
"213","I21","81","155023.77","290275.62","121247.625"
"213","I21","82","159933.61","297978.0","121723.62"
"213","I21","83","165165.38","305873.75","121788.63"
"213","I21","84","170720.11","313532.0","121725.36"
"213","I21","85","176547.61","322177.3","121899.01"
"213","I21","86","182550.77","330846.16","122114.164"
"213","I21","87","188677.69","338983.03","122397.62"
"213","I21","88","195026.2","347889.53","122296.016"
"213","I21","89","202331.31","356477.2","122277.08"
"213","I21","90","208765.42","364110.8","122350.92"
"214","I22","1","58553.285","58168.676","115196.37"
"214","I22","2","58396.676","58402.523","114942.62"
"214","I22","3","58157.82","58969.19","114814.45"
"214","I22","4","58130.082","59551.414","114872.21"
"214","I22","5","58206.08","59947.953","114599.4"
"214","I22","6","58281.242","60173.445","114576.74"
"214","I22","7","58363.152","60321.902","114792.08"
"214","I22","8","58272.3","60530.785","114834.47"
"214","I22","9","58246.363","60641.973","114935.76"
"214","I22","10","58355.676","60949.875","114971.55"
"214","I22","11","58414.758","61105.89","115153.625"
"214","I22","12","58489.027","61270.67","115128.445"
"214","I22","13","58517.97","61228.438","115008.53"
"214","I22","14","58574.14","61311.895","114945.12"
"214","I22","15","58592.992","61536.29","114972.03"
"214","I22","16","58832.6","62099.13","114921.164"
"214","I22","17","59053.707","62705.098","114887.46"
"214","I22","18","59402.453","64326.082","114975.52"
"214","I22","19","60127.406","66802.41","115085.82"
"214","I22","20","61483.11","70561.61","115344.055"
"214","I22","21","63682.5","76209.92","115524.93"
"214","I22","22","66641.41","83766.47","115501.01"
"214","I22","23","69879.41","92985.93","115527.08"
"214","I22","24","73255.42","102914.586","115797.234"
"214","I22","25","76558.83","112687.086","116250.24"
"214","I22","26","79451.83","121640.45","116375.484"
"214","I22","27","82330.07","130264.625","116437.01"
"214","I22","28","84943.305","138129.56","116337.086"
"214","I22","29","87533.94","144830.22","116363.73"
"214","I22","30","90141.55","150369.77","116731.375"
"214","I22","31","92181.195","154478.75","116895.3"
"214","I22","32","93660.13","157321.64","117007.26"
"214","I22","33","94577.336","159599.92","117089.92"
"214","I22","34","95501.75","161460.72","116982.11"
"214","I22","35","96350.984","163251.38","116820.51"
"214","I22","36","96670.125","164649.06","116807.73"
"214","I22","37","96992.125","165957.73","117005.97"
"214","I22","38","97453.37","167516.2","116947.86"
"214","I22","39","97815.5","168902.61","116945.5"
"214","I22","40","98093.05","170348.3","117213.8"
"214","I22","41","98344.38","171717.72","117082.26"
"214","I22","42","98742.77","173057.42","116935.06"
"214","I22","43","99062.63","174164.73","117053.37"
"214","I22","44","99289.86","175254.8","117254.45"
"214","I22","45","99620.99","176844.81","117316.63"
"214","I22","46","99899.04","177766.03","117193.22"
"214","I22","47","100048.52","178636.19","117128.23"
"214","I22","48","100412.73","180292.12","117353.75"
"214","I22","49","100463.96","181657.55","117455.01"
"214","I22","50","100587.125","182780.83","117412.35"
"214","I22","51","100702.06","183730.6","117549.91"
"214","I22","52","101035.03","184451.5","117540.43"
"214","I22","53","101300.48","185784.42","117410.48"
"214","I22","54","101610.73","186726.53","117445.695"
"214","I22","55","101969.2","188178.12","117443.46"
"214","I22","56","102275.51","189002.2","117326.39"
"214","I22","57","102387.31","189930.58","117344.86"
"214","I22","58","102648.08","190808.45","117290.016"
"214","I22","59","102727.26","192157.5","117367.664"
"214","I22","60","102928.07","193375.11","117353.29"
"214","I22","61","103237.66","194323.36","117343.84"
"214","I22","62","103247.22","195212.12","117428.89"
"214","I22","63","103399.61","196371.66","117552.77"
"214","I22","64","103689.61","197719.27","117558.49"
"214","I22","65","104047.38","198685.39","117660.53"
"214","I22","66","104506.95","199888.69","117577.836"
"214","I22","67","104897.72","201497.44","117609.836"
"214","I22","68","105483.99","203511.38","117493.22"
"214","I22","69","106131.88","205967.17","117502.0"
"214","I22","70","106672.95","208804.81","117607.98"
"214","I22","71","108046.414","212768.03","117563.07"
"214","I22","72","109802.45","217364.98","117751.6"
"214","I22","73","111792.97","222680.33","117826.45"
"214","I22","74","113735.57","228015.42","118079.89"
"214","I22","75","116512.375","233989.9","118245.01"
"214","I22","76","119150.98","240636.3","118237.98"
"214","I22","77","121591.234","247283.89","118123.7"
"214","I22","78","124986.01","254566.2","118311.57"
"214","I22","79","128087.26","261737.22","118588.64"
"214","I22","80","131388.72","268935.9","118713.33"
"214","I22","81","135302.6","276875.9","118758.66"
"214","I22","82","139060.52","284509.75","118914.164"
"214","I22","83","143395.05","291723.8","118885.75"
"214","I22","84","147926.14","299175.5","118950.85"
"214","I22","85","153051.6","307355.62","119241.414"
"214","I22","86","158412.88","316060.66","119250.305"
"214","I22","87","163865.31","324313.53","119417.34"
"214","I22","88","169502.53","332460.06","119553.13"
"214","I22","89","175591.52","341204.84","119692.74"
"214","I22","90","181372.14","348284.62","119690.45"
"215","I23","1","61307.617","61710.2","116054.79"
"215","I23","2","61056.062","61732.758","115690.33"
"215","I23","3","60644.047","62068.605","115322.51"
"215","I23","4","60556.105","62532.016","115236.305"
"215","I23","5","60543.777","62979.938","115188.305"
"215","I23","6","60554.234","63518.84","115082.766"
"215","I23","7","60635.902","63800.94","115066.7"
"215","I23","8","60750.84","64053.387","115169.695"
"215","I23","9","60830.047","64151.92","115414.586"
"215","I23","10","60807.89","64185.613","115478.49"
"215","I23","11","60801.855","64484.402","115441.9"
"215","I23","12","60798.434","64565.734","115474.766"
"215","I23","13","60966.83","64663.69","115497.95"
"215","I23","14","61170.3","64881.312","115473.36"
"215","I23","15","61166.94","64961.242","115571.83"
"215","I23","16","61258.668","65451.336","115678.266"
"215","I23","17","61578.574","66343.02","115666.664"
"215","I23","18","62295.31","67614.09","115785.195"
"215","I23","19","63328.32","70026.12","115917.11"
"215","I23","20","64877.418","74129.53","115977.28"
"215","I23","21","67149.84","79903.0","116045.56"
"215","I23","22","70376.73","87597.05","116313.34"
"215","I23","23","73987.0","96588.07","116507.914"
"215","I23","24","77786.76","106282.05","116608.38"
"215","I23","25","81197.734","115914.445","116636.55"
"215","I23","26","84129.24","125150.88","117010.39"
"215","I23","27","86722.805","133589.38","117064.74"
"215","I23","28","89025.07","141613.1","117294.93"
"215","I23","29","91405.43","148234.42","117372.19"
"215","I23","30","93349.266","154243.03","117486.27"
"215","I23","31","94949.01","159041.66","117436.47"
"215","I23","32","96182.9","162230.95","117586.62"
"215","I23","33","97290.35","164730.17","117688.54"
"215","I23","34","98060.23","166763.42","117760.87"
"215","I23","35","98583.125","168693.08","117985.234"
"215","I23","36","99117.875","170223.94","117917.9"
"215","I23","37","99703.12","171511.42","117918.41"
"215","I23","38","100118.27","173247.6","117906.54"
"215","I23","39","100514.36","174712.39","117908.15"
"215","I23","40","100612.375","176163.44","117920.17"
"215","I23","41","101029.09","177371.31","117888.18"
"215","I23","42","101299.9","178701.47","118059.55"
"215","I23","43","101531.78","180204.92","118008.99"
"215","I23","44","101935.94","180948.5","118038.53"
"215","I23","45","102293.45","182380.62","117955.44"
"215","I23","46","102279.22","184004.05","117868.695"
"215","I23","47","102637.37","185387.66","118079.086"
"215","I23","48","102835.29","186752.34","118065.44"
"215","I23","49","103213.13","187703.14","118241.586"
"215","I23","50","103383.055","188895.27","118155.58"
"215","I23","51","103529.43","190145.31","118199.8"
"215","I23","52","103792.695","191453.77","118478.0"
"215","I23","53","103886.02","192557.2","118415.05"
"215","I23","54","104121.27","193539.61","118392.37"
"215","I23","55","104654.18","194895.44","118242.12"
"215","I23","56","104865.74","196011.97","118196.625"
"215","I23","57","104959.56","196695.95","118355.59"
"215","I23","58","105177.89","197950.33","118418.99"
"215","I23","59","105325.875","199189.11","118547.7"
"215","I23","60","105790.86","200554.17","118583.29"
"215","I23","61","105912.41","201780.81","118512.35"
"215","I23","62","106055.19","202816.05","118388.52"
"215","I23","63","106397.58","203671.64","118522.93"
"215","I23","64","106590.89","204809.69","118598.18"
"215","I23","65","106511.88","206345.75","118486.52"
"215","I23","66","106928.414","207984.47","118543.6"
"215","I23","67","107340.81","209389.5","118540.34"
"215","I23","68","107926.98","211026.25","118538.266"
"215","I23","69","108413.43","213629.9","118614.79"
"215","I23","70","109028.97","216525.2","118533.32"
"215","I23","71","110186.01","220220.83","118561.13"
"215","I23","72","111545.62","225000.88","118802.164"
"215","I23","73","112839.484","230622.8","119067.2"
"215","I23","74","114272.46","236581.94","119331.266"
"215","I23","75","116498.13","243291.66","119279.96"
"215","I23","76","118961.04","250086.2","119232.23"
"215","I23","77","121095.63","257587.9","119286.95"
"215","I23","78","123651.05","265199.1","119386.81"
"215","I23","79","126271.73","272689.03","119573.22"
"215","I23","80","129286.914","280695.12","119619.33"
"215","I23","81","132474.03","288645.25","119642.13"
"215","I23","82","136486.06","296728.56","119934.78"
"215","I23","83","140331.5","304964.5","120196.31"
"215","I23","84","144678.06","313501.3","120243.375"
"215","I23","85","149160.25","322197.06","120544.375"
"215","I23","86","154059.58","330895.5","120755.336"
"215","I23","87","159301.97","340008.06","120966.41"
"215","I23","88","164843.19","349103.53","120891.8"
"215","I23","89","170774.97","358175.4","121093.875"
"215","I23","90","176326.52","365997.62","121068.46"
"216","I24","1","63520.45","59486.387","116958.08"
"216","I24","2","63330.39","59770.766","116661.58"
"216","I24","3","63191.023","60752.156","116571.055"
"216","I24","4","63149.195","61373.652","116787.414"
"216","I24","5","63104.035","61763.97","116839.49"
"216","I24","6","63135.562","62050.8","116976.945"
"216","I24","7","63283.523","62425.273","117010.836"
"216","I24","8","63205.316","62546.87","117168.09"
"216","I24","9","63195.973","62741.5","117084.945"
"216","I24","10","63343.812","62924.613","117032.92"
"216","I24","11","63355.33","62963.55","117182.72"
"216","I24","12","63397.332","63021.8","117300.11"
"216","I24","13","63401.74","63130.797","117293.33"
"216","I24","14","63406.066","63319.953","117238.53"
"216","I24","15","63604.305","63607.188","117216.5"
"216","I24","16","63765.67","64079.824","117397.04"
"216","I24","17","64009.434","64959.434","117376.37"
"216","I24","18","64508.66","66489.33","117388.33"
"216","I24","19","65401.637","68894.25","117474.88"
"216","I24","20","66917.25","72759.62","117525.31"
"216","I24","21","69065.41","78608.734","117475.94"
"216","I24","22","72237.04","86307.664","117612.52"
"216","I24","23","75617.125","95603.69","117932.89"
"216","I24","24","78903.43","105583.836","117936.31"
"216","I24","25","81868.87","115413.77","118071.68"
"216","I24","26","84453.48","124599.0","118351.45"
"216","I24","27","86505.33","133585.95","118373.3"
"216","I24","28","88107.34","141634.03","118622.33"
"216","I24","29","89237.055","148569.42","118732.28"
"216","I24","30","89999.37","154855.44","118683.34"
"216","I24","31","90572.305","160470.48","118900.24"
"216","I24","32","91053.56","164498.11","119079.78"
"216","I24","33","91552.54","167574.17","119137.51"
"216","I24","34","91643.78","170119.02","119066.0"
"216","I24","35","91881.63","172120.92","119198.984"
"216","I24","36","92235.45","173873.81","119135.92"
"216","I24","37","92445.83","175679.84","119072.414"
"216","I24","38","92413.26","177324.56","119318.57"
"216","I24","39","92638.93","178930.64","119323.8"
"216","I24","40","92756.02","180322.52","119385.016"
"216","I24","41","92905.93","181889.48","119418.39"
"216","I24","42","92950.44","183276.97","119426.75"
"216","I24","43","93340.99","184473.66","119357.26"
"216","I24","44","93477.76","185716.52","119426.93"
"216","I24","45","93504.125","187263.47","119453.03"
"216","I24","46","93475.555","188794.94","119431.97"
"216","I24","47","93493.195","189892.42","119405.055"
"216","I24","48","93554.625","191098.08","119442.555"
"216","I24","49","93610.52","192409.7","119551.69"
"216","I24","50","93786.82","193706.6","119489.305"
"216","I24","51","93909.34","194808.92","119652.05"
"216","I24","52","94067.805","195845.53","119719.04"
"216","I24","53","94086.66","197248.72","119620.92"
"216","I24","54","94047.58","198493.92","119515.68"
"216","I24","55","94077.695","199762.55","119383.27"
"216","I24","56","94018.06","200837.56","119464.7"
"216","I24","57","94246.16","201965.73","119578.81"
"216","I24","58","94298.21","203016.6","119489.15"
"216","I24","59","94400.97","204441.89","119559.055"
"216","I24","60","94535.28","205706.58","119672.18"
"216","I24","61","94524.88","206525.7","119805.39"
"216","I24","62","94402.51","207592.17","119700.57"
"216","I24","63","94579.65","208903.86","119724.97"
"216","I24","64","94728.086","210098.12","119850.49"
"216","I24","65","94837.72","211102.8","119766.48"
"216","I24","66","94744.92","212357.53","119712.65"
"216","I24","67","94758.984","213251.34","119715.57"
"216","I24","68","94765.445","214200.62","119590.38"
"216","I24","69","94835.71","215228.69","119605.83"
"216","I24","70","94954.98","216411.72","119624.92"
"216","I24","71","94943.336","217283.9","119566.875"
"216","I24","72","95182.46","218353.27","119840.4"
"216","I24","73","95341.7","219637.08","119887.07"
"216","I24","74","95428.94","220851.72","119807.7"
"216","I24","75","95620.79","221842.03","120013.89"
"216","I24","76","95708.15","222938.73","119915.18"
"216","I24","77","95849.99","224643.72","119802.19"
"216","I24","78","96180.79","226046.4","119727.23"
"216","I24","79","96432.74","227560.67","119821.35"
"216","I24","80","96847.29","229366.69","119865.914"
"216","I24","81","97611.56","231680.06","119892.85"
"216","I24","82","98558.836","234452.89","120040.6"
"216","I24","83","99581.305","237312.7","120247.375"
"216","I24","84","100905.414","240805.95","120235.164"
"216","I24","85","102286.39","245638.22","120227.06"
"216","I24","86","103671.37","250784.52","120206.6"
"216","I24","87","105590.58","257124.77","120183.164"
"216","I24","88","107633.984","264059.78","120355.336"
"216","I24","89","109679.93","271778.97","120612.73"
"216","I24","90","111774.92","278918.7","120722.195"
"217","J1","1","75623.53","60681.152","143285.67"
"217","J1","2","75418.09","60702.168","142883.12"
"217","J1","3","75010.76","60968.285","142383.83"
"217","J1","4","74811.34","61192.332","142104.89"
"217","J1","5","74741.766","61394.082","141813.36"
"217","J1","6","74735.74","61456.527","141660.38"
"217","J1","7","74779.82","61618.234","141627.89"
"217","J1","8","74946.12","61772.598","141660.9"
"217","J1","9","75486.33","61939.6","141677.38"
"217","J1","10","76537.53","62200.47","141685.17"
"217","J1","11","78266.78","62748.938","141670.4"
"217","J1","12","81643.78","63563.39","141589.16"
"217","J1","13","87267.59","64975.8","141589.36"
"217","J1","14","95730.125","67613.984","141721.42"
"217","J1","15","107482.06","71986.13","141918.94"
"217","J1","16","121573.15","78789.96","142036.16"
"217","J1","17","137055.92","88252.34","142138.73"
"217","J1","18","153865.22","99284.83","142251.31"
"217","J1","19","170984.0","110527.47","142347.78"
"217","J1","20","187616.67","120700.48","142543.98"
"217","J1","21","202502.03","128888.375","142782.16"
"217","J1","22","214167.97","134580.78","142884.02"
"217","J1","23","222221.98","138598.86","142803.75"
"217","J1","24","227796.3","141412.1","142764.5"
"217","J1","25","232573.67","143729.89","142794.3"
"217","J1","26","236078.4","145676.14","142781.67"
"217","J1","27","238480.73","147561.56","142734.94"
"217","J1","28","240578.73","149492.88","142782.64"
"217","J1","29","242027.64","151255.25","143017.11"
"217","J1","30","243383.69","152891.77","142997.83"
"217","J1","31","244224.84","154396.34","143007.34"
"217","J1","32","244863.12","155817.72","142939.2"
"217","J1","33","246004.64","157222.78","142875.1"
"217","J1","34","246875.69","158616.25","143028.14"
"217","J1","35","247869.2","160043.34","143037.89"
"217","J1","36","248974.89","161284.1","142974.58"
"217","J1","37","249616.33","162462.25","143076.97"
"217","J1","38","250001.66","163582.7","143001.17"
"217","J1","39","250053.62","164980.11","142966.94"
"217","J1","40","250789.84","166078.67","143099.17"
"217","J1","41","251091.98","167037.67","143057.69"
"217","J1","42","251655.97","168178.78","143060.8"
"217","J1","43","251964.77","169466.19","143205.42"
"217","J1","44","252729.58","170722.83","143121.12"
"217","J1","45","253533.58","171686.6","143060.36"
"217","J1","46","253507.7","172795.77","143235.9"
"217","J1","47","253786.34","174151.47","143156.05"
"217","J1","48","254584.25","175094.6","143038.22"
"217","J1","49","255247.28","176137.11","143102.47"
"217","J1","50","256072.8","177149.61","143272.48"
"217","J1","51","256058.36","178139.28","143217.03"
"217","J1","52","256155.81","179128.16","143203.12"
"217","J1","53","256208.31","180443.36","143321.66"
"217","J1","54","257169.19","181337.25","143186.44"
"217","J1","55","257580.73","182394.19","143075.67"
"217","J1","56","257672.28","183490.52","143153.48"
"217","J1","57","258120.11","184334.39","143108.33"
"217","J1","58","258944.66","185439.53","143005.44"
"217","J1","59","259535.72","186734.23","142989.8"
"217","J1","60","260142.66","187802.05","142967.2"
"217","J1","61","260995.25","189090.77","142949.89"
"217","J1","62","262177.44","190713.44","143089.16"
"217","J1","63","263748.53","192360.97","143100.6"
"217","J1","64","266032.62","194230.14","143077.53"
"217","J1","65","269062.22","196639.83","143123.42"
"217","J1","66","272800.2","200004.67","143069.66"
"217","J1","67","277450.8","203846.67","143143.55"
"217","J1","68","283173.6","208203.52","143138.25"
"217","J1","69","289412.1","212954.42","143207.39"
"217","J1","70","296907.03","218093.44","143176.2"
"217","J1","71","305092.47","223610.38","143360.67"
"217","J1","72","313361.4","229398.11","143486.03"
"217","J1","73","321163.8","235133.06","143473.03"
"217","J1","74","329180.28","241213.9","143548.67"
"217","J1","75","337393.25","247079.8","143770.3"
"217","J1","76","345753.0","253449.86","143751.92"
"217","J1","77","353439.12","259659.16","143886.38"
"217","J1","78","361711.78","266282.88","143878.34"
"217","J1","79","370155.06","272800.84","143857.48"
"217","J1","80","377561.38","279388.03","143846.33"
"217","J1","81","384598.25","285855.97","143842.98"
"217","J1","82","392806.8","292555.7","143894.06"
"217","J1","83","399809.3","299604.3","143978.89"
"217","J1","84","406917.34","306731.94","144140.56"
"217","J1","85","414459.34","313265.97","144335.31"
"217","J1","86","422420.72","320555.25","144364.47"
"217","J1","87","429375.16","327704.12","144489.81"
"217","J1","88","437162.78","334940.47","144500.36"
"217","J1","89","444507.62","342649.72","144602.16"
"217","J1","90","450672.7","350239.53","144563.73"
"218","J2","1","64234.938","60184.26","139882.9"
"218","J2","2","64138.22","60204.117","139668.77"
"218","J2","3","63962.94","60457.117","139227.94"
"218","J2","4","63645.965","60698.59","139035.3"
"218","J2","5","63367.613","61012.01","138924.36"
"218","J2","6","63377.8","61163.54","138794.33"
"218","J2","7","63659.613","61375.742","138672.3"
"218","J2","8","63869.516","61606.473","138458.95"
"218","J2","9","64369.01","61761.754","138415.52"
"218","J2","10","65269.19","62061.06","138493.12"
"218","J2","11","67110.6","62582.586","138661.58"
"218","J2","12","70338.73","63476.395","138651.7"
"218","J2","13","75533.34","65111.31","138634.86"
"218","J2","14","83395.39","67987.805","138757.9"
"218","J2","15","94138.305","72931.14","138831.25"
"218","J2","16","106469.91","80190.13","138864.44"
"218","J2","17","119467.23","90009.375","138857.0"
"218","J2","18","132695.05","101381.27","139033.44"
"218","J2","19","146782.34","113026.61","139274.97"
"218","J2","20","161256.1","123386.41","139488.83"
"218","J2","21","175586.69","131962.75","139607.39"
"218","J2","22","187672.58","138529.03","139681.73"
"218","J2","23","197151.28","143304.45","139663.89"
"218","J2","24","203545.2","146892.0","139621.97"
"218","J2","25","207860.88","149620.88","139843.77"
"218","J2","26","211061.97","151792.12","140019.22"
"218","J2","27","213172.92","154000.69","139951.45"
"218","J2","28","214843.16","155852.94","139899.17"
"218","J2","29","216796.4","157518.83","139847.38"
"218","J2","30","217788.22","159304.64","140005.27"
"218","J2","31","218739.92","161221.17","139986.97"
"218","J2","32","219914.98","162731.8","139936.34"
"218","J2","33","220863.94","164019.12","140088.3"
"218","J2","34","221829.2","165315.72","140091.75"
"218","J2","35","222206.9","166819.94","140246.86"
"218","J2","36","222584.84","168219.78","140121.92"
"218","J2","37","223918.52","169346.17","140005.12"
"218","J2","38","225080.9","170599.33","140089.73"
"218","J2","39","225558.42","172012.7","140147.19"
"218","J2","40","225551.44","173332.23","140196.02"
"218","J2","41","225750.89","174433.52","140187.28"
"218","J2","42","226217.05","175582.88","140173.11"
"218","J2","43","226836.16","176857.0","140064.02"
"218","J2","44","227700.03","178005.92","140065.31"
"218","J2","45","228122.53","178864.03","140261.34"
"218","J2","46","228738.7","179958.66","140292.1"
"218","J2","47","228958.38","181521.42","140221.97"
"218","J2","48","229234.31","182581.42","140092.5"
"218","J2","49","229671.48","183770.16","140014.69"
"218","J2","50","229836.02","184829.66","140175.19"
"218","J2","51","230422.22","185835.44","140149.7"
"218","J2","52","230784.39","186890.67","140107.42"
"218","J2","53","231652.05","188014.92","140210.62"
"218","J2","54","231886.3","188911.73","140248.7"
"218","J2","55","232028.66","189940.77","140200.53"
"218","J2","56","232994.72","191063.94","140092.45"
"218","J2","57","233372.36","192313.73","140077.38"
"218","J2","58","233453.14","193626.6","140060.05"
"218","J2","59","233848.45","194616.3","140219.47"
"218","J2","60","234983.34","195712.1","140271.34"
"218","J2","61","235951.22","197186.56","140244.66"
"218","J2","62","237064.03","198841.34","140222.47"
"218","J2","63","238597.61","200670.72","140148.67"
"218","J2","64","241100.27","202825.2","140197.48"
"218","J2","65","243731.7","205608.34","140313.77"
"218","J2","66","246919.78","209240.28","140261.39"
"218","J2","67","251161.69","213520.8","140273.03"
"218","J2","68","256649.11","218414.47","140363.4"
"218","J2","69","262934.25","223799.4","140458.78"
"218","J2","70","269916.1","229625.3","140446.86"
"218","J2","71","277095.06","235656.64","140424.03"
"218","J2","72","284409.97","242066.81","140436.73"
"218","J2","73","292138.78","248768.38","140545.75"
"218","J2","74","299560.34","255420.02","140657.47"
"218","J2","75","307420.47","262460.38","140608.81"
"218","J2","76","314614.84","269930.16","140777.66"
"218","J2","77","322319.75","276473.22","140909.95"
"218","J2","78","329602.72","283925.0","140994.12"
"218","J2","79","337269.97","290976.25","141069.0"
"218","J2","80","344868.56","298337.94","141000.45"
"218","J2","81","352844.72","305486.12","141114.22"
"218","J2","82","360353.2","313205.06","141103.86"
"218","J2","83","368321.28","320770.72","141273.9"
"218","J2","84","375951.78","328963.47","141501.0"
"218","J2","85","383611.88","337057.28","141494.88"
"218","J2","86","391388.38","345251.34","141608.14"
"218","J2","87","400558.78","352615.0","141755.62"
"218","J2","88","409016.22","361156.7","141736.39"
"218","J2","89","418019.78","369567.47","141839.52"
"218","J2","90","425621.5","376863.47","141962.0"
"219","J3","1","65827.2","59318.12","136548.67"
"219","J3","2","65628.55","59346.96","136194.45"
"219","J3","3","65403.805","59652.355","135934.28"
"219","J3","4","65157.363","59746.734","135782.52"
"219","J3","5","65070.84","60043.79","135525.03"
"219","J3","6","65024.52","60306.5","135308.05"
"219","J3","7","65063.125","60637.465","135278.84"
"219","J3","8","65354.996","60854.24","135335.95"
"219","J3","9","65872.695","60951.44","135350.0"
"219","J3","10","66744.07","61175.016","135409.2"
"219","J3","11","68497.16","61620.043","135448.03"
"219","J3","12","71361.19","62540.867","135311.52"
"219","J3","13","76272.07","64106.31","135288.08"
"219","J3","14","83889.54","66843.78","135380.12"
"219","J3","15","93853.58","71287.15","135477.19"
"219","J3","16","105311.086","78258.93","135570.5"
"219","J3","17","116765.09","87752.75","135606.05"
"219","J3","18","127915.83","99077.98","135846.58"
"219","J3","19","139113.9","110891.375","135985.31"
"219","J3","20","151136.53","121607.64","136063.56"
"219","J3","21","163594.7","131150.64","136245.23"
"219","J3","22","175259.31","138739.48","136367.31"
"219","J3","23","184662.58","144919.14","136605.25"
"219","J3","24","192065.5","149393.69","136688.9"
"219","J3","25","197479.75","152576.66","136612.12"
"219","J3","26","200678.89","155416.05","136638.25"
"219","J3","27","203365.1","157608.62","136750.06"
"219","J3","28","205323.92","159470.3","136835.58"
"219","J3","29","206443.45","161469.08","136833.66"
"219","J3","30","207874.25","163066.55","136873.7"
"219","J3","31","209074.44","164636.03","136765.47"
"219","J3","32","209877.12","166156.27","136703.06"
"219","J3","33","210483.53","167695.22","136883.17"
"219","J3","34","211218.4","169249.84","136837.36"
"219","J3","35","211651.66","170784.16","136822.98"
"219","J3","36","212552.83","171778.66","136842.89"
"219","J3","37","213301.62","173247.9","136897.23"
"219","J3","38","213695.42","174499.75","136904.34"
"219","J3","39","214073.89","175841.0","136971.38"
"219","J3","40","214697.22","176951.02","136871.64"
"219","J3","41","215352.1","178015.2","136797.62"
"219","J3","42","215626.55","179322.22","136951.22"
"219","J3","43","216179.03","180560.77","136902.16"
"219","J3","44","217073.25","181834.67","136880.52"
"219","J3","45","217145.38","183116.67","136829.52"
"219","J3","46","217334.95","183967.84","136962.55"
"219","J3","47","218053.22","185131.33","136926.2"
"219","J3","48","218505.08","186176.66","136961.5"
"219","J3","49","218786.2","187497.48","136967.34"
"219","J3","50","219048.33","188590.67","136879.77"
"219","J3","51","219775.66","189549.97","136933.97"
"219","J3","52","219996.23","190565.17","137016.67"
"219","J3","53","220362.95","191693.58","136951.88"
"219","J3","54","220528.06","192660.97","136984.73"
"219","J3","55","220947.9","193717.81","136947.52"
"219","J3","56","221624.47","194780.75","137046.78"
"219","J3","57","221838.78","195987.94","137081.77"
"219","J3","58","221753.52","197382.23","137076.95"
"219","J3","59","222387.78","198211.95","136994.33"
"219","J3","60","223125.34","199126.11","136987.05"
"219","J3","61","224260.77","200489.6","136998.33"
"219","J3","62","224970.58","202269.45","136940.6"
"219","J3","63","226187.39","204088.27","137004.16"
"219","J3","64","228246.81","206164.72","136967.08"
"219","J3","65","230658.36","208847.34","136893.12"
"219","J3","66","233273.72","212285.83","137011.5"
"219","J3","67","236865.42","216557.7","137002.3"
"219","J3","68","241497.33","221362.55","137059.47"
"219","J3","69","247756.89","226565.62","137027.14"
"219","J3","70","253496.67","232748.6","137169.1"
"219","J3","71","259388.28","239588.2","137026.39"
"219","J3","72","265963.84","246407.92","136929.05"
"219","J3","73","273078.0","253470.72","137184.05"
"219","J3","74","280028.66","260718.3","137512.75"
"219","J3","75","286852.47","268298.56","137500.34"
"219","J3","76","294052.75","276099.06","137579.27"
"219","J3","77","301686.03","284034.6","137685.44"
"219","J3","78","309493.03","291957.9","137666.12"
"219","J3","79","317368.88","300047.25","137966.6"
"219","J3","80","325033.66","308401.9","138069.25"
"219","J3","81","332689.03","316979.3","138063.92"
"219","J3","82","341401.66","325009.12","138331.3"
"219","J3","83","350206.84","333870.03","138414.89"
"219","J3","84","358728.84","343196.6","138438.4"
"219","J3","85","368063.03","351538.34","138352.31"
"219","J3","86","377666.38","360107.78","138514.98"
"219","J3","87","386081.56","368315.84","138614.62"
"219","J3","88","395718.12","376459.1","138590.62"
"219","J3","89","404614.94","384323.5","138450.6"
"219","J3","90","411997.8","391290.94","138275.97"
"220","J4","1","61521.88","58125.258","132865.64"
"220","J4","2","61299.99","58163.465","132516.25"
"220","J4","3","61026.68","58565.684","132191.33"
"220","J4","4","60880.93","58665.09","131956.19"
"220","J4","5","60820.59","58920.766","131875.36"
"220","J4","6","60767.582","59199.07","131872.95"
"220","J4","7","60792.48","59524.44","131837.45"
"220","J4","8","61035.668","59651.867","131796.56"
"220","J4","9","61540.023","59844.68","131756.44"
"220","J4","10","62344.973","60078.348","131706.27"
"220","J4","11","63897.23","60760.156","131772.88"
"220","J4","12","66832.8","61601.797","132082.48"
"220","J4","13","71774.03","63185.445","132095.02"
"220","J4","14","79021.016","65747.14","132036.58"
"220","J4","15","88580.63","70328.09","132029.06"
"220","J4","16","99094.29","77352.484","132027.84"
"220","J4","17","109399.21","86678.695","132241.53"
"220","J4","18","118968.42","97758.586","132568.39"
"220","J4","19","128093.12","109450.88","132780.36"
"220","J4","20","137449.16","120468.94","132893.9"
"220","J4","21","147386.62","130176.08","132980.34"
"220","J4","22","157512.16","138421.45","132942.17"
"220","J4","23","166996.48","145407.9","133025.89"
"220","J4","24","174509.84","151183.38","133026.42"
"220","J4","25","180112.23","155602.94","133158.36"
"220","J4","26","183745.84","158969.47","133182.81"
"220","J4","27","186230.92","161620.03","133444.16"
"220","J4","28","187655.34","163722.72","133333.17"
"220","J4","29","188479.45","165348.05","133217.16"
"220","J4","30","189470.2","167215.97","133278.83"
"220","J4","31","190403.73","168923.08","133241.19"
"220","J4","32","191559.42","170389.16","133370.44"
"220","J4","33","192744.12","171767.83","133399.34"
"220","J4","34","193757.23","173547.98","133366.06"
"220","J4","35","194439.36","174912.52","133462.88"
"220","J4","36","194607.9","176229.34","133400.38"
"220","J4","37","195103.56","177231.58","133397.58"
"220","J4","38","195526.27","178712.17","133286.77"
"220","J4","39","195863.7","180072.62","133199.53"
"220","J4","40","196227.52","181294.11","133324.05"
"220","J4","41","196315.47","182704.11","133330.11"
"220","J4","42","196892.03","183719.58","133305.23"
"220","J4","43","197233.1","184977.62","133342.84"
"220","J4","44","198056.86","186070.58","133410.14"
"220","J4","45","198503.84","187315.38","133469.98"
"220","J4","46","199028.5","188126.02","133495.36"
"220","J4","47","199696.83","189086.16","133530.88"
"220","J4","48","199887.19","190362.47","133371.84"
"220","J4","49","200154.42","191411.56","133233.81"
"220","J4","50","200566.66","192375.23","133221.72"
"220","J4","51","200964.61","193540.02","133250.1"
"220","J4","52","201503.03","194598.34","133386.73"
"220","J4","53","201715.33","195657.19","133516.08"
"220","J4","54","201739.22","196922.11","133545.48"
"220","J4","55","202138.12","197946.77","133422.86"
"220","J4","56","202208.03","198828.7","133303.25"
"220","J4","57","202403.27","199796.06","133321.08"
"220","J4","58","203233.58","200923.9","133304.73"
"220","J4","59","203680.22","201980.42","133255.27"
"220","J4","60","203500.42","203203.6","133199.52"
"220","J4","61","204388.98","204519.89","133378.84"
"220","J4","62","205371.25","205869.19","133443.6"
"220","J4","63","205993.34","207266.6","133461.33"
"220","J4","64","207445.1","209172.5","133375.11"
"220","J4","65","209602.72","211299.78","133309.94"
"220","J4","66","211529.53","213933.62","133497.84"
"220","J4","67","214092.72","217273.33","133477.52"
"220","J4","68","217432.3","221544.36","133374.52"
"220","J4","69","221496.7","226435.5","133260.36"
"220","J4","70","226361.14","232289.42","133312.94"
"220","J4","71","231550.25","238167.66","133509.77"
"220","J4","72","236658.53","244753.58","133496.67"
"220","J4","73","242281.78","251892.47","133621.86"
"220","J4","74","248085.47","258960.78","133597.11"
"220","J4","75","253592.12","266206.03","133715.97"
"220","J4","76","259146.84","273630.3","133788.52"
"220","J4","77","264829.25","280693.84","134068.47"
"220","J4","78","270780.5","287846.8","134066.4"
"220","J4","79","276347.06","295402.88","133942.98"
"220","J4","80","282002.56","302614.06","133999.83"
"220","J4","81","287295.4","309735.1","134139.02"
"220","J4","82","292514.22","316762.72","134124.95"
"220","J4","83","297871.16","323849.44","134083.56"
"220","J4","84","303625.62","330810.75","134166.67"
"220","J4","85","309872.84","337935.3","134246.3"
"220","J4","86","315441.75","345452.8","134293.1"
"220","J4","87","321884.1","352811.06","134329.5"
"220","J4","88","328582.6","360049.22","134467.62"
"220","J4","89","335417.9","367716.06","134421.72"
"220","J4","90","341282.75","374130.7","134587.64"
"221","J5","1","67550.48","60203.78","134283.08"
"221","J5","2","67363.07","60241.453","134050.3"
"221","J5","3","66963.13","60647.65","133689.17"
"221","J5","4","66842.98","60767.49","133384.81"
"221","J5","5","66840.28","60917.71","133160.31"
"221","J5","6","66895.38","60973.543","132993.4"
"221","J5","7","66958.05","61191.996","132808.39"
"221","J5","8","67011.37","61370.52","132597.62"
"221","J5","9","67376.32","61584.887","132605.56"
"221","J5","10","68316.82","61864.94","132802.64"
"221","J5","11","69972.984","62443.773","132609.67"
"221","J5","12","73054.26","63299.125","132569.11"
"221","J5","13","77965.07","64785.45","132737.56"
"221","J5","14","85571.37","67393.44","132878.73"
"221","J5","15","95248.75","71852.555","132785.11"
"221","J5","16","106085.34","78525.625","132736.22"
"221","J5","17","116671.93","88045.39","132808.42"
"221","J5","18","126027.57","99368.61","132926.78"
"221","J5","19","134544.33","111279.28","133156.7"
"221","J5","20","142743.98","122700.85","133101.9"
"221","J5","21","151089.9","132602.73","133017.06"
"221","J5","22","159583.72","141656.77","133049.67"
"221","J5","23","167817.28","149665.77","133266.73"
"221","J5","24","175260.56","156355.16","133387.56"
"221","J5","25","181375.4","161987.22","133430.42"
"221","J5","26","185394.4","166096.11","133386.77"
"221","J5","27","187913.31","169328.98","133453.98"
"221","J5","28","189558.17","171655.34","133445.3"
"221","J5","29","190927.31","173566.78","133336.34"
"221","J5","30","192147.95","175129.38","133239.69"
"221","J5","31","193308.67","176830.55","133201.12"
"221","J5","32","194054.58","178994.22","133194.39"
"221","J5","33","194602.3","180511.88","133296.38"
"221","J5","34","195243.14","181868.5","133288.62"
"221","J5","35","195932.7","183398.06","133250.6"
"221","J5","36","196638.27","184792.14","133340.84"
"221","J5","37","197025.45","186219.44","133199.06"
"221","J5","38","197365.52","187383.0","133119.02"
"221","J5","39","197880.0","188613.31","133222.56"
"221","J5","40","198362.72","189756.97","133308.0"
"221","J5","41","198701.3","190912.22","133189.88"
"221","J5","42","198899.17","191932.25","133097.78"
"221","J5","43","199355.3","193248.69","133101.11"
"221","J5","44","199833.86","194750.17","133123.73"
"221","J5","45","200227.31","196043.81","133066.03"
"221","J5","46","200571.55","196989.61","133019.77"
"221","J5","47","200959.7","197924.55","132999.98"
"221","J5","48","201229.42","199067.33","133141.95"
"221","J5","49","201324.97","200525.3","133140.86"
"221","J5","50","201569.55","201205.45","133080.38"
"221","J5","51","202092.11","202049.36","133083.56"
"221","J5","52","202625.14","203184.78","133031.98"
"221","J5","53","202807.42","204218.12","133012.58"
"221","J5","54","202921.66","205477.47","133000.64"
"221","J5","55","203252.05","206633.47","133056.77"
"221","J5","56","203846.31","207667.1","133146.22"
"221","J5","57","204076.78","208787.36","133085.44"
"221","J5","58","204409.36","209805.23","132974.67"
"221","J5","59","204646.52","210468.73","132907.03"
"221","J5","60","204759.53","211539.45","132900.52"
"221","J5","61","205141.5","212680.12","132860.88"
"221","J5","62","205673.12","213963.48","132810.12"
"221","J5","63","206418.0","215238.95","132583.3"
"221","J5","64","207215.6","216632.66","132519.73"
"221","J5","65","208261.27","218432.92","132566.7"
"221","J5","66","209715.89","220529.08","132738.6"
"221","J5","67","211535.72","223028.72","132645.2"
"221","J5","68","213645.0","226315.77","132641.97"
"221","J5","69","216723.05","230511.52","132852.98"
"221","J5","70","220261.06","235376.11","132886.06"
"221","J5","71","224265.05","240960.1","132785.7"
"221","J5","72","229170.94","246953.95","132728.52"
"221","J5","73","234051.36","253888.64","132766.25"
"221","J5","74","239184.52","261265.78","132891.75"
"221","J5","75","244720.84","269514.03","132857.58"
"221","J5","76","249919.19","277476.78","132765.8"
"221","J5","77","255633.78","285013.8","132754.0"
"221","J5","78","261049.3","293114.78","132903.53"
"221","J5","79","266440.0","301835.12","132914.16"
"221","J5","80","272543.56","310305.72","132990.72"
"221","J5","81","278390.4","318553.06","133043.81"
"221","J5","82","284898.25","327242.38","133012.4"
"221","J5","83","291679.78","335958.16","132952.95"
"221","J5","84","298532.94","344429.25","132959.36"
"221","J5","85","305775.72","353228.03","133049.8"
"221","J5","86","313454.75","361589.84","133234.27"
"221","J5","87","320723.25","369914.4","133198.14"
"221","J5","88","328928.97","379008.72","133170.33"
"221","J5","89","337721.0","387647.16","133368.94"
"221","J5","90","344978.2","394937.62","133412.36"
"222","J6","1","68607.51","61966.562","136395.86"
"222","J6","2","68331.15","61927.418","136108.27"
"222","J6","3","67959.12","62032.918","135639.3"
"222","J6","4","67774.62","62571.18","135412.72"
"222","J6","5","67508.62","62839.57","135087.23"
"222","J6","6","67467.78","63034.57","134837.17"
"222","J6","7","67652.414","63138.26","134848.36"
"222","J6","8","68097.6","63346.65","135077.77"
"222","J6","9","68541.086","63596.73","135068.75"
"222","J6","10","69401.62","63779.402","134957.94"
"222","J6","11","71164.08","64106.387","134901.95"
"222","J6","12","74147.36","65232.668","134924.44"
"222","J6","13","79347.02","66621.484","135091.52"
"222","J6","14","86775.51","69114.586","135031.22"
"222","J6","15","96785.47","73651.02","134985.12"
"222","J6","16","107792.94","80486.84","135032.08"
"222","J6","17","118424.55","89767.32","135088.05"
"222","J6","18","127993.64","101168.78","135310.89"
"222","J6","19","136206.27","112954.81","135571.22"
"222","J6","20","143563.77","124637.16","135909.1"
"222","J6","21","151043.8","135652.6","135934.38"
"222","J6","22","158638.73","144994.55","136107.3"
"222","J6","23","165933.75","153689.78","136371.31"
"222","J6","24","172296.62","161685.62","136338.64"
"222","J6","25","177494.31","168431.53","136321.95"
"222","J6","26","181365.78","173777.77","136591.47"
"222","J6","27","184380.58","177714.22","136632.47"
"222","J6","28","186282.61","180498.4","136758.42"
"222","J6","29","187779.23","182708.95","136790.28"
"222","J6","30","189012.73","184429.3","136668.77"
"222","J6","31","189967.17","186397.81","136611.72"
"222","J6","32","190739.39","187958.83","136858.31"
"222","J6","33","191456.73","189314.02","136732.28"
"222","J6","34","192048.7","190778.9","136592.16"
"222","J6","35","192317.88","192424.56","136673.8"
"222","J6","36","192984.45","194078.05","136896.81"
"222","J6","37","193712.28","195325.08","137020.48"
"222","J6","38","193887.02","196546.23","136930.53"
"222","J6","39","194201.84","197840.05","136800.94"
"222","J6","40","194787.16","199113.8","136809.19"
"222","J6","41","195402.19","200394.05","136911.89"
"222","J6","42","195709.67","201781.4","136799.55"
"222","J6","43","196044.28","202947.11","136732.6"
"222","J6","44","196185.58","203872.98","136914.92"
"222","J6","45","196536.81","205126.55","136745.11"
"222","J6","46","197260.36","206534.11","136617.94"
"222","J6","47","197374.8","207622.84","136755.19"
"222","J6","48","197526.47","208711.7","136846.14"
"222","J6","49","198045.0","209847.28","136780.58"
"222","J6","50","198555.53","210786.22","136726.19"
"222","J6","51","198860.77","212157.88","136652.38"
"222","J6","52","199143.12","212923.84","136800.7"
"222","J6","53","199477.31","214169.06","136870.08"
"222","J6","54","199690.52","215401.0","136821.81"
"222","J6","55","199777.89","216237.64","136799.11"
"222","J6","56","200147.97","217397.8","136823.05"
"222","J6","57","200362.33","218662.62","136827.16"
"222","J6","58","200573.17","219592.4","136828.23"
"222","J6","59","200760.3","220523.17","136742.55"
"222","J6","60","201229.53","221603.14","136639.06"
"222","J6","61","201556.97","222835.72","136693.53"
"222","J6","62","201984.0","224103.45","136632.48"
"222","J6","63","202541.1","225207.62","136600.98"
"222","J6","64","202964.97","226405.0","136659.56"
"222","J6","65","203708.88","227732.34","136805.34"
"222","J6","66","204513.3","229512.52","136857.66"
"222","J6","67","205472.89","231534.0","136858.7"
"222","J6","68","206653.66","233438.19","136527.08"
"222","J6","69","208539.0","236333.0","136417.17"
"222","J6","70","210970.95","239959.8","136709.1"
"222","J6","71","214482.2","244357.03","136807.95"
"222","J6","72","218273.7","249361.22","136739.75"
"222","J6","73","222340.02","255701.44","136858.27"
"222","J6","74","226944.88","262853.03","136953.27"
"222","J6","75","231904.02","270720.56","137106.5"
"222","J6","76","236986.06","279167.44","137109.78"
"222","J6","77","242972.67","287612.56","137151.77"
"222","J6","78","248375.98","296754.56","137180.67"
"222","J6","79","254261.86","306065.78","137382.25"
"222","J6","80","260360.23","315319.22","137543.45"
"222","J6","81","266979.34","324813.1","137499.84"
"222","J6","82","273898.2","334227.88","137656.5"
"222","J6","83","281090.6","343275.22","137610.6"
"222","J6","84","288673.88","352796.22","137785.23"
"222","J6","85","296103.34","362153.5","138067.92"
"222","J6","86","304238.9","371802.9","138242.1"
"222","J6","87","312368.6","380578.25","138240.48"
"222","J6","88","319965.47","388882.84","138136.67"
"222","J6","89","327969.1","397445.34","138077.08"
"222","J6","90","334813.78","405198.25","138479.22"
"223","J7","1","61214.582","59913.344","134935.52"
"223","J7","2","61115.97","59932.57","134590.92"
"223","J7","3","60929.934","60020.727","133917.86"
"223","J7","4","60586.21","60181.848","133413.78"
"223","J7","5","60503.69","60416.574","133200.39"
"223","J7","6","60557.992","60459.156","133172.5"
"223","J7","7","60786.05","60570.11","133192.02"
"223","J7","8","60982.152","60748.14","133196.53"
"223","J7","9","61321.492","61039.914","133214.45"
"223","J7","10","62236.18","61489.387","133287.27"
"223","J7","11","63890.42","61906.55","133281.95"
"223","J7","12","66908.71","62478.914","133279.23"
"223","J7","13","71853.86","63866.184","133261.12"
"223","J7","14","79070.29","66424.03","133310.11"
"223","J7","15","88804.836","70480.17","133470.28"
"223","J7","16","99568.164","76920.18","133515.5"
"223","J7","17","109705.99","85748.984","133602.3"
"223","J7","18","118774.516","96892.56","133832.16"
"223","J7","19","126609.17","108390.32","134010.31"
"223","J7","20","133564.45","119760.195","134125.03"
"223","J7","21","140130.0","130415.88","134249.73"
"223","J7","22","146176.95","140248.45","134233.34"
"223","J7","23","151866.61","149022.44","134368.89"
"223","J7","24","156890.25","157126.3","134493.02"
"223","J7","25","161127.64","164489.81","134652.84"
"223","J7","26","164408.95","170587.2","134629.25"
"223","J7","27","166939.62","174768.0","134732.08"
"223","J7","28","168519.75","177773.22","134913.69"
"223","J7","29","169933.02","180242.31","135029.39"
"223","J7","30","171366.02","181973.81","134885.34"
"223","J7","31","172053.12","183373.12","134841.72"
"223","J7","32","172434.08","185147.9","135177.66"
"223","J7","33","173226.55","187075.22","135104.16"
"223","J7","34","173882.08","188499.1","134980.69"
"223","J7","35","174521.6","189747.44","135024.42"
"223","J7","36","174741.36","191383.42","135002.05"
"223","J7","37","175050.75","192697.6","135190.9"
"223","J7","38","175555.81","193822.66","135043.02"
"223","J7","39","175935.53","195149.2","134891.3"
"223","J7","40","176174.84","196462.05","134909.39"
"223","J7","41","176189.69","197827.44","135015.83"
"223","J7","42","176668.5","198577.8","134973.6"
"223","J7","43","177164.88","199754.31","134850.11"
"223","J7","44","177493.12","201169.39","134858.22"
"223","J7","45","177775.6","202540.56","135045.69"
"223","J7","46","178094.7","203378.67","135034.42"
"223","J7","47","178309.81","204691.27","134995.3"
"223","J7","48","178349.6","206009.14","135101.58"
"223","J7","49","178800.42","206764.73","135130.14"
"223","J7","50","179240.62","207817.53","134975.06"
"223","J7","51","179399.88","208941.16","134842.48"
"223","J7","52","179865.31","209929.5","134900.02"
"223","J7","53","180333.25","211199.56","135064.84"
"223","J7","54","180601.86","212344.83","134982.19"
"223","J7","55","180553.1","213243.4","134869.9"
"223","J7","56","180625.23","214274.12","134830.89"
"223","J7","57","181246.38","215101.72","135103.55"
"223","J7","58","181350.95","216257.03","135071.1"
"223","J7","59","181237.52","217024.9","135024.97"
"223","J7","60","181842.89","218434.28","134961.48"
"223","J7","61","182057.14","219327.8","135106.97"
"223","J7","62","182231.86","220656.62","135085.47"
"223","J7","63","182547.19","221751.64","134995.55"
"223","J7","64","182834.34","222282.8","135070.03"
"223","J7","65","183134.52","223387.3","134993.34"
"223","J7","66","183761.22","224755.89","135019.17"
"223","J7","67","184240.7","226362.69","135154.78"
"223","J7","68","184894.5","227605.1","135143.08"
"223","J7","69","185202.97","228951.64","135151.16"
"223","J7","70","185973.3","231071.48","135103.34"
"223","J7","71","187052.89","233512.86","135077.72"
"223","J7","72","188628.67","236430.31","135399.9"
"223","J7","73","190633.27","240095.72","135350.89"
"223","J7","74","192730.02","244999.23","135272.03"
"223","J7","75","195346.78","250286.02","135331.53"
"223","J7","76","198491.53","256555.81","135261.06"
"223","J7","77","201681.5","263930.2","135324.77"
"223","J7","78","204702.64","271660.28","135380.17"
"223","J7","79","207848.56","279551.28","135548.89"
"223","J7","80","211471.25","288058.06","135689.44"
"223","J7","81","214926.69","296954.2","136078.22"
"223","J7","82","217931.88","305613.97","136254.89"
"223","J7","83","220881.98","314047.7","136220.33"
"223","J7","84","224300.42","322384.75","136197.58"
"223","J7","85","227734.73","331029.75","136261.7"
"223","J7","86","231150.02","339566.9","136389.9"
"223","J7","87","235088.94","348600.97","136551.36"
"223","J7","88","239622.58","357127.9","136864.03"
"223","J7","89","244111.2","366006.6","137034.05"
"223","J7","90","247992.92","373123.97","136903.42"
"224","J8","1","66762.96","61807.742","138110.77"
"224","J8","2","66598.125","61896.008","137734.89"
"224","J8","3","66274.45","62248.77","137378.03"
"224","J8","4","66088.12","62515.492","137078.55"
"224","J8","5","65908.57","62853.81","136868.92"
"224","J8","6","65835.625","62966.2","136743.97"
"224","J8","7","65847.164","63075.785","136580.89"
"224","J8","8","66028.03","63429.348","136548.95"
"224","J8","9","66578.69","63658.875","136683.89"
"224","J8","10","67589.39","63986.75","136662.4"
"224","J8","11","69204.85","64459.27","136604.75"
"224","J8","12","72280.69","64886.76","136625.11"
"224","J8","13","77299.8","66269.36","136697.72"
"224","J8","14","84782.305","68665.555","136407.72"
"224","J8","15","94610.69","72746.35","136398.11"
"224","J8","16","105657.86","79288.99","136751.44"
"224","J8","17","116468.6","88337.86","137053.1"
"224","J8","18","125738.81","99194.414","137131.67"
"224","J8","19","133768.25","111475.8","137116.42"
"224","J8","20","140466.4","123422.38","137200.77"
"224","J8","21","146544.33","134181.19","137472.94"
"224","J8","22","151944.75","144171.89","137781.83"
"224","J8","23","156471.98","153774.8","137856.55"
"224","J8","24","160115.62","162870.33","137926.31"
"224","J8","25","162755.17","171580.94","138063.92"
"224","J8","26","164833.58","178895.6","138196.98"
"224","J8","27","166329.62","184638.66","138234.6"
"224","J8","28","167399.11","188806.27","138359.73"
"224","J8","29","168299.94","191221.56","138370.2"
"224","J8","30","169355.56","193598.34","138346.25"
"224","J8","31","170059.25","195547.19","138420.86"
"224","J8","32","170667.73","197298.83","138698.75"
"224","J8","33","171347.02","198818.42","138678.48"
"224","J8","34","171712.03","200374.3","138631.56"
"224","J8","35","171884.64","202048.89","138494.3"
"224","J8","36","172083.25","203453.17","138394.73"
"224","J8","37","172335.16","204740.14","138558.9"
"224","J8","38","172790.95","206046.7","138595.84"
"224","J8","39","173174.28","207553.58","138517.2"
"224","J8","40","173184.06","208888.36","138567.72"
"224","J8","41","173501.03","210163.56","138522.1"
"224","J8","42","173822.66","211208.38","138665.94"
"224","J8","43","173853.77","212724.27","138573.27"
"224","J8","44","174085.42","213968.22","138490.72"
"224","J8","45","174461.67","215269.38","138531.98"
"224","J8","46","174482.02","216429.95","138494.56"
"224","J8","47","174619.06","217518.56","138518.64"
"224","J8","48","174763.11","218800.92","138700.5"
"224","J8","49","174900.0","220235.73","138468.9"
"224","J8","50","175116.14","221198.3","138361.83"
"224","J8","51","175237.31","222395.22","138662.38"
"224","J8","52","175516.28","223461.44","138761.47"
"224","J8","53","175492.89","224504.77","138496.4"
"224","J8","54","175550.95","225413.66","138341.14"
"224","J8","55","175734.33","226264.77","138471.66"
"224","J8","56","175951.83","227295.2","138713.62"
"224","J8","57","176326.38","228717.06","138755.12"
"224","J8","58","176384.78","229418.69","138549.38"
"224","J8","59","176482.33","230494.69","138416.58"
"224","J8","60","176680.02","231573.17","138500.3"
"224","J8","61","176825.5","232603.84","138415.14"
"224","J8","62","176786.27","233512.06","138374.77"
"224","J8","63","176847.1","234513.6","138714.97"
"224","J8","64","177258.16","235570.62","138678.28"
"224","J8","65","177221.8","236634.73","138610.11"
"224","J8","66","177516.23","237753.45","138591.8"
"224","J8","67","177427.73","238744.8","138691.11"
"224","J8","68","177650.42","239514.52","138728.73"
"224","J8","69","178053.8","240334.61","138667.86"
"224","J8","70","178083.0","241256.56","138550.36"
"224","J8","71","178421.7","242444.58","138554.56"
"224","J8","72","178899.84","243424.88","138493.33"
"224","J8","73","179166.31","244777.97","138614.55"
"224","J8","74","179407.98","246191.42","138573.75"
"224","J8","75","180121.22","247589.95","138669.7"
"224","J8","76","180865.61","248895.98","138579.98"
"224","J8","77","181712.56","250578.17","138508.95"
"224","J8","78","183137.75","252478.03","138385.6"
"224","J8","79","184678.33","254287.97","138326.45"
"224","J8","80","186668.19","256319.94","138279.1"
"224","J8","81","188778.02","259075.64","138504.6"
"224","J8","82","191662.1","261892.27","138501.53"
"224","J8","83","194904.0","265045.72","138580.9"
"224","J8","84","198589.75","268430.34","138699.61"
"224","J8","85","202905.88","272272.94","138696.78"
"224","J8","86","207614.78","276325.44","138792.75"
"224","J8","87","212394.1","280202.38","138798.38"
"224","J8","88","217629.08","284834.6","138725.11"
"224","J8","89","222893.1","289343.62","138911.34"
"224","J8","90","227590.45","292979.0","138980.97"
"225","J9","1","64833.867","62508.867","122192.66"
"225","J9","2","64633.54","62555.99","122044.016"
"225","J9","3","64256.88","63172.832","121671.8"
"225","J9","4","64137.824","63763.3","121607.35"
"225","J9","5","64117.906","64027.93","121730.56"
"225","J9","6","64180.402","64316.406","121858.12"
"225","J9","7","64161.35","64564.07","121787.58"
"225","J9","8","64031.324","64702.543","121764.45"
"225","J9","9","63907.73","64863.55","121880.73"
"225","J9","10","63938.457","64922.85","121821.11"
"225","J9","11","64159.195","64894.203","121617.07"
"225","J9","12","64251.652","65278.29","121619.75"
"225","J9","13","64619.395","65737.45","121842.2"
"225","J9","14","65105.277","66521.91","121930.54"
"225","J9","15","66157.32","68238.29","121918.06"
"225","J9","16","67916.336","70928.05","121876.14"
"225","J9","17","71064.79","75650.86","121879.89"
"225","J9","18","76483.56","83286.74","121911.64"
"225","J9","19","84592.27","94523.84","122189.89"
"225","J9","20","95160.914","108689.53","122348.664"
"225","J9","21","106780.84","123477.05","122541.4"
"225","J9","22","117718.06","136046.11","122554.88"
"225","J9","23","126844.41","145322.53","122693.88"
"225","J9","24","133919.27","151911.61","122717.586"
"225","J9","25","139455.28","156656.3","122925.29"
"225","J9","26","143309.81","159855.98","122812.22"
"225","J9","27","146314.86","162609.89","122752.76"
"225","J9","28","148608.8","164685.23","122991.586"
"225","J9","29","150169.5","166796.56","123008.58"
"225","J9","30","151592.11","168627.33","123019.805"
"225","J9","31","152872.62","169925.56","123017.695"
"225","J9","32","153888.81","171419.8","123098.375"
"225","J9","33","154723.56","173192.75","123017.55"
"225","J9","34","155575.08","174729.39","122930.586"
"225","J9","35","156572.66","175896.97","122919.44"
"225","J9","36","157398.14","177672.73","122863.52"
"225","J9","37","158066.78","179279.28","122952.02"
"225","J9","38","159014.44","180571.52","122966.41"
"225","J9","39","159808.52","181885.53","123001.164"
"225","J9","40","160592.02","183510.97","122930.305"
"225","J9","41","161452.11","184584.73","122592.695"
"225","J9","42","162144.77","185946.11","122465.68"
"225","J9","43","162822.98","187571.84","122646.68"
"225","J9","44","163538.88","189041.1","122977.47"
"225","J9","45","164206.86","190355.03","122977.13"
"225","J9","46","164968.22","191354.25","123035.01"
"225","J9","47","165652.22","192639.38","123084.82"
"225","J9","48","166477.64","194167.25","123054.39"
"225","J9","49","167143.33","194994.67","122947.06"
"225","J9","50","167713.19","196468.47","122900.98"
"225","J9","51","168360.0","197680.48","122973.26"
"225","J9","52","169198.39","199009.27","122896.99"
"225","J9","53","169812.78","200357.39","122876.46"
"225","J9","54","170572.78","201388.2","122990.66"
"225","J9","55","171026.25","202593.31","123054.74"
"225","J9","56","171611.33","203802.47","123096.63"
"225","J9","57","172599.86","205313.67","123035.766"
"225","J9","58","173390.28","206884.08","122905.164"
"225","J9","59","174351.95","208273.62","122847.62"
"225","J9","60","175491.08","209982.56","123037.766"
"225","J9","61","177203.88","211985.42","123012.11"
"225","J9","62","178938.22","214224.05","123044.25"
"225","J9","63","181511.11","216913.55","123043.164"
"225","J9","64","184325.28","220630.7","123061.47"
"225","J9","65","187860.03","225331.2","122964.2"
"225","J9","66","192491.9","230848.0","122905.1"
"225","J9","67","197668.42","237022.69","122997.96"
"225","J9","68","202837.6","244111.36","123311.61"
"225","J9","69","208333.23","252075.3","123366.57"
"225","J9","70","214180.7","260294.36","123334.984"
"225","J9","71","220043.83","268247.3","123235.516"
"225","J9","72","225916.92","276309.9","123204.27"
"225","J9","73","231474.28","284753.62","123158.695"
"225","J9","74","237288.61","292671.6","123399.95"
"225","J9","75","242871.14","300478.28","123628.836"
"225","J9","76","248508.89","307790.38","123587.97"
"225","J9","77","254155.38","314614.84","123677.75"
"225","J9","78","259712.97","321413.88","123756.164"
"225","J9","79","266024.75","328490.8","123841.68"
"225","J9","80","271517.7","335458.9","123922.91"
"225","J9","81","277052.12","342174.8","123863.13"
"225","J9","82","282970.9","348375.25","123771.21"
"225","J9","83","289359.8","354702.22","123920.41"
"225","J9","84","295846.78","361065.9","124001.38"
"225","J9","85","302584.34","367316.4","124075.16"
"225","J9","86","309626.56","373649.84","123990.8"
"225","J9","87","316491.62","379664.66","124056.375"
"225","J9","88","324504.5","386020.2","124104.57"
"225","J9","89","332969.62","393058.97","124072.8"
"225","J9","90","340110.8","398632.72","124389.58"
"226","J10","1","64191.098","61169.58","118997.96"
"226","J10","2","64044.34","61266.78","118670.99"
"226","J10","3","63863.47","62103.97","118503.98"
"226","J10","4","63632.465","62555.848","118523.23"
"226","J10","5","63357.87","63085.234","118532.12"
"226","J10","6","63229.426","63571.85","118602.63"
"226","J10","7","63183.395","63595.758","118595.12"
"226","J10","8","63142.86","63576.863","118589.45"
"226","J10","9","63138.586","64005.74","118549.61"
"226","J10","10","63163.08","64057.004","118480.086"
"226","J10","11","63176.477","64364.582","118502.42"
"226","J10","12","63245.26","64701.758","118656.07"
"226","J10","13","63372.355","65129.414","118695.61"
"226","J10","14","64064.05","65774.984","118813.81"
"226","J10","15","65071.363","67239.805","118759.28"
"226","J10","16","66600.01","70020.79","118666.9"
"226","J10","17","69027.6","74691.84","118675.81"
"226","J10","18","73272.64","82518.94","118891.44"
"226","J10","19","79665.34","94511.54","118893.96"
"226","J10","20","87860.07","109495.9","118884.87"
"226","J10","21","96943.305","124941.62","119139.07"
"226","J10","22","105719.69","138879.89","119410.98"
"226","J10","23","113402.12","149293.52","119478.734"
"226","J10","24","119732.05","156594.33","119635.66"
"226","J10","25","124616.37","161654.14","119768.44"
"226","J10","26","128094.336","164787.02","119511.805"
"226","J10","27","130817.68","167484.92","119398.33"
"226","J10","28","132764.39","169894.62","119500.34"
"226","J10","29","134374.72","171974.9","119455.28"
"226","J10","30","135326.53","173937.8","119499.29"
"226","J10","31","136257.83","175726.69","119716.95"
"226","J10","32","137281.98","177258.52","119765.39"
"226","J10","33","138235.05","179024.61","119702.484"
"226","J10","34","139017.45","180743.25","119762.44"
"226","J10","35","139926.42","182060.88","119784.445"
"226","J10","36","140797.53","183337.31","120013.76"
"226","J10","37","141651.64","185080.23","119964.016"
"226","J10","38","141866.9","186267.77","119879.46"
"226","J10","39","142716.55","187866.47","119805.836"
"226","J10","40","143369.1","189250.36","119598.68"
"226","J10","41","143742.12","191084.6","119536.43"
"226","J10","42","144209.8","192636.03","119763.375"
"226","J10","43","145150.7","194190.02","119745.83"
"226","J10","44","145841.33","195253.16","119774.12"
"226","J10","45","146426.16","196914.66","119805.0"
"226","J10","46","147147.55","197903.94","119737.71"
"226","J10","47","147879.7","199011.66","119799.74"
"226","J10","48","148430.42","200273.42","119888.86"
"226","J10","49","148958.92","201564.06","119870.63"
"226","J10","50","149499.14","202915.8","119878.41"
"226","J10","51","149923.12","204269.86","119878.375"
"226","J10","52","150556.27","205568.55","119730.65"
"226","J10","53","151130.34","206893.77","119641.21"
"226","J10","54","151823.36","208047.58","119730.625"
"226","J10","55","152340.84","209272.31","119707.836"
"226","J10","56","152914.06","210727.0","119808.02"
"226","J10","57","153446.7","211605.0","119772.555"
"226","J10","58","154127.77","213008.27","119836.59"
"226","J10","59","154828.19","214326.92","119806.92"
"226","J10","60","155573.42","215853.47","119717.99"
"226","J10","61","156341.58","217495.34","119721.17"
"226","J10","62","157008.7","219091.03","119676.91"
"226","J10","63","158213.58","220850.42","119796.47"
"226","J10","64","159460.77","223050.77","119881.01"
"226","J10","65","161191.27","225724.86","119990.67"
"226","J10","66","163132.28","229070.4","119732.87"
"226","J10","67","165697.39","233095.8","119606.26"
"226","J10","68","168883.56","238738.23","119777.586"
"226","J10","69","172699.17","245020.08","120063.37"
"226","J10","70","177038.02","252086.27","120089.18"
"226","J10","71","181447.44","259482.98","120177.55"
"226","J10","72","186114.27","267846.34","120114.15"
"226","J10","73","190991.1","276382.78","120141.88"
"226","J10","74","196023.22","285164.22","120206.695"
"226","J10","75","200917.34","294193.12","120256.11"
"226","J10","76","206433.78","303070.94","120188.54"
"226","J10","77","211946.64","311557.7","120319.6"
"226","J10","78","217914.38","320716.7","120557.71"
"226","J10","79","223845.17","329561.53","120627.8"
"226","J10","80","230324.23","338291.03","120854.055"
"226","J10","81","237134.89","346843.7","120812.16"
"226","J10","82","244285.25","355434.2","120783.75"
"226","J10","83","251635.86","364095.62","121005.266"
"226","J10","84","259230.53","372665.28","121013.34"
"226","J10","85","267390.0","381194.75","121021.93"
"226","J10","86","275554.06","389645.47","121175.02"
"226","J10","87","283768.06","397826.84","121239.305"
"226","J10","88","291828.97","405735.12","121199.72"
"226","J10","89","300062.78","413796.16","121089.414"
"226","J10","90","307846.03","420038.62","120936.46"
"227","J11","1","64585.742","62905.137","121403.38"
"227","J11","2","64341.27","62968.016","121222.86"
"227","J11","3","63995.594","63733.36","120999.914"
"227","J11","4","63839.04","64318.293","120937.8"
"227","J11","5","63648.258","64732.42","121009.97"
"227","J11","6","63547.625","65128.523","120977.43"
"227","J11","7","63509.906","65491.8","120927.17"
"227","J11","8","63541.074","65531.496","120744.31"
"227","J11","9","63696.434","65899.336","120634.19"
"227","J11","10","63695.426","66065.61","120502.86"
"227","J11","11","63593.445","66040.6","120495.875"
"227","J11","12","63604.56","66323.55","120592.3"
"227","J11","13","63888.004","66818.43","120650.19"
"227","J11","14","64359.195","67542.76","120848.664"
"227","J11","15","65125.34","69130.94","120738.77"
"227","J11","16","66578.04","71984.93","120694.61"
"227","J11","17","69140.195","76742.81","120778.71"
"227","J11","18","73336.85","84706.984","120653.94"
"227","J11","19","79551.57","97130.64","120746.56"
"227","J11","20","87206.664","112792.03","121374.51"
"227","J11","21","95708.95","129472.23","121601.51"
"227","J11","22","103920.46","144317.31","121981.71"
"227","J11","23","111254.21","155814.19","122169.69"
"227","J11","24","117130.58","163843.11","122075.28"
"227","J11","25","121964.54","169064.27","122001.625"
"227","J11","26","125546.37","172729.23","122154.59"
"227","J11","27","128106.0","176025.0","122235.56"
"227","J11","28","130102.11","178214.5","122252.53"
"227","J11","29","131458.3","180441.56","122139.54"
"227","J11","30","132815.95","182551.39","122051.44"
"227","J11","31","133974.03","183839.3","122159.77"
"227","J11","32","134744.9","185665.25","122111.15"
"227","J11","33","135671.73","187291.56","122209.52"
"227","J11","34","136425.48","188871.2","122365.86"
"227","J11","35","137001.5","190864.19","122137.055"
"227","J11","36","137754.48","192396.16","122061.71"
"227","J11","37","138592.12","194123.92","122372.07"
"227","J11","38","139371.36","195665.5","122383.47"
"227","J11","39","139881.45","197551.75","122473.53"
"227","J11","40","140488.25","198696.61","122380.55"
"227","J11","41","141065.42","200235.02","122272.63"
"227","J11","42","141816.8","201830.58","122188.13"
"227","J11","43","142332.47","203322.17","122284.51"
"227","J11","44","142676.58","204764.98","122217.305"
"227","J11","45","143233.0","206166.97","122193.48"
"227","J11","46","143803.58","207361.72","122129.8"
"227","J11","47","144589.5","208793.6","122242.99"
"227","J11","48","145183.48","210031.39","122467.44"
"227","J11","49","145730.45","211333.28","122336.63"
"227","J11","50","146345.53","213010.02","121993.445"
"227","J11","51","146750.72","214220.58","121922.4"
"227","J11","52","147413.75","215135.4","122268.21"
"227","J11","53","147987.34","216423.52","122304.18"
"227","J11","54","148718.83","217727.58","122449.3"
"227","J11","55","149036.86","219107.66","122402.086"
"227","J11","56","149457.66","220487.58","122412.8"
"227","J11","57","150100.62","221786.3","122251.62"
"227","J11","58","150708.4","223326.81","122114.81"
"227","J11","59","151282.7","224349.4","122097.49"
"227","J11","60","151895.22","225784.25","122019.29"
"227","J11","61","152413.95","227171.78","122037.375"
"227","J11","62","153101.5","228087.02","121956.45"
"227","J11","63","153665.53","229662.64","121936.625"
"227","J11","64","154582.83","231721.95","121960.95"
"227","J11","65","155532.78","233478.88","122177.95"
"227","J11","66","156617.9","235880.53","122031.375"
"227","J11","67","158120.28","238553.69","121789.375"
"227","J11","68","159662.33","241657.69","121822.67"
"227","J11","69","161507.11","246030.31","122374.086"
"227","J11","70","163851.84","251533.05","122083.94"
"227","J11","71","167191.0","257975.19","121953.52"
"227","J11","72","170617.8","265742.78","122303.24"
"227","J11","73","174481.14","273983.06","122652.25"
"227","J11","74","178416.97","282498.7","122729.414"
"227","J11","75","182608.2","291573.44","122724.99"
"227","J11","76","186954.28","300472.56","123037.27"
"227","J11","77","191707.39","309658.62","122939.484"
"227","J11","78","196175.08","319323.0","122804.16"
"227","J11","79","201152.9","328531.84","122979.17"
"227","J11","80","206477.7","337357.56","123296.1"
"227","J11","81","211976.23","345836.0","123300.44"
"227","J11","82","217545.64","354842.4","123443.02"
"227","J11","83","223664.1","363554.2","123375.67"
"227","J11","84","230332.05","372881.84","123359.055"
"227","J11","85","237258.47","381095.72","123461.72"
"227","J11","86","244566.34","389592.12","123862.07"
"227","J11","87","252038.75","398143.94","124144.57"
"227","J11","88","259659.45","406649.25","124231.34"
"227","J11","89","267285.38","414965.66","124203.63"
"227","J11","90","273860.12","421398.5","124224.914"
"228","J12","1","67872.38","65050.89","123333.875"
"228","J12","2","67728.72","65211.07","123210.27"
"228","J12","3","67538.36","65858.52","122959.91"
"228","J12","4","67312.03","66444.84","122879.516"
"228","J12","5","66924.36","66729.06","122944.4"
"228","J12","6","66734.18","66917.77","122953.7"
"228","J12","7","66687.71","67308.805","123111.46"
"228","J12","8","66663.26","67536.52","123075.7"
"228","J12","9","66680.984","67573.99","122967.2"
"228","J12","10","66775.8","67965.234","122723.41"
"228","J12","11","66815.55","68138.82","122435.305"
"228","J12","12","66969.82","68165.11","122431.25"
"228","J12","13","67058.88","68851.99","122669.34"
"228","J12","14","67492.05","69676.336","122727.64"
"228","J12","15","68175.03","70978.68","122725.445"
"228","J12","16","69870.375","73805.74","122641.99"
"228","J12","17","72384.445","78743.38","122466.336"
"228","J12","18","76497.555","87089.195","122486.76"
"228","J12","19","82399.14","99558.36","122865.6"
"228","J12","20","90021.234","115613.98","123290.55"
"228","J12","21","98483.516","132596.1","123610.984"
"228","J12","22","106430.4","147166.06","123942.65"
"228","J12","23","113361.195","159382.16","124237.875"
"228","J12","24","119434.11","168265.8","124456.81"
"228","J12","25","123973.27","173782.95","124457.586"
"228","J12","26","127669.76","177726.33","124360.98"
"228","J12","27","130199.12","180526.75","124359.7"
"228","J12","28","131982.02","182712.8","124514.26"
"228","J12","29","133760.7","184811.14","124467.37"
"228","J12","30","134630.31","186946.81","124555.586"
"228","J12","31","135689.67","188780.72","124595.46"
"228","J12","32","136705.0","190397.89","124500.32"
"228","J12","33","137630.25","191898.14","124481.32"
"228","J12","34","138178.77","193880.22","124433.63"
"228","J12","35","138742.78","195724.94","124575.36"
"228","J12","36","139553.38","197668.55","124612.77"
"228","J12","37","140180.36","199157.12","124669.14"
"228","J12","38","140533.06","201118.4","124757.05"
"228","J12","39","141101.38","202386.4","124500.84"
"228","J12","40","141985.86","203663.58","124400.29"
"228","J12","41","142727.98","205006.11","124690.71"
"228","J12","42","143384.56","207059.67","124694.22"
"228","J12","43","143752.45","208303.75","124591.62"
"228","J12","44","144312.39","209550.27","124684.12"
"228","J12","45","144898.56","211342.86","124663.945"
"228","J12","46","145663.03","213062.88","124622.35"
"228","J12","47","146281.19","214385.98","124608.41"
"228","J12","48","147012.95","215720.73","124702.516"
"228","J12","49","147582.72","217017.14","124608.914"
"228","J12","50","147803.67","218403.22","124548.164"
"228","J12","51","148252.62","219754.53","124477.81"
"228","J12","52","148916.12","220800.31","124601.34"
"228","J12","53","149521.55","222328.38","124757.15"
"228","J12","54","150261.14","223211.9","124706.46"
"228","J12","55","150727.17","224532.84","124541.51"
"228","J12","56","151383.7","225964.08","124374.13"
"228","J12","57","151886.73","227245.92","124269.82"
"228","J12","58","152466.05","228881.95","124398.89"
"228","J12","59","152952.25","230031.89","124520.26"
"228","J12","60","153290.61","231003.4","124721.94"
"228","J12","61","153815.77","232278.3","124668.58"
"228","J12","62","154392.81","233361.03","124656.086"
"228","J12","63","155042.52","234779.56","124803.04"
"228","J12","64","155715.58","236562.6","124784.61"
"228","J12","65","156297.94","238005.2","125042.766"
"228","J12","66","157131.11","239598.11","125163.69"
"228","J12","67","157939.7","241219.53","124891.24"
"228","J12","68","158840.06","244066.38","124716.86"
"228","J12","69","160017.0","247439.7","124795.04"
"228","J12","70","161521.66","250266.47","124931.91"
"228","J12","71","163312.17","254487.4","124979.23"
"228","J12","72","165951.88","260044.95","124892.75"
"228","J12","73","169133.2","266441.56","125070.414"
"228","J12","74","172767.77","273878.56","125396.56"
"228","J12","75","176679.56","282812.97","125418.66"
"228","J12","76","180906.89","292129.4","125517.81"
"228","J12","77","185653.66","302199.78","125462.52"
"228","J12","78","190396.06","312047.84","125599.125"
"228","J12","79","195517.39","322232.1","125562.59"
"228","J12","80","201316.97","332263.8","125808.85"
"228","J12","81","207354.34","341853.97","125985.16"
"228","J12","82","213719.14","352099.66","125945.58"
"228","J12","83","220059.66","361882.03","126205.93"
"228","J12","84","226964.14","372233.8","126270.64"
"228","J12","85","233937.56","381868.62","126648.12"
"228","J12","86","241574.75","391319.5","127077.805"
"228","J12","87","249023.08","400808.16","127054.73"
"228","J12","88","256712.45","409733.94","127010.51"
"228","J12","89","264690.12","418963.5","127328.14"
"228","J12","90","271528.22","426526.38","127405.03"
"229","J13","1","64734.99","61703.703","120469.2"
"229","J13","2","64624.734","61772.492","120296.46"
"229","J13","3","64227.688","62287.14","119782.46"
"229","J13","4","64058.715","62948.66","119369.71"
"229","J13","5","63888.586","63392.152","119302.18"
"229","J13","6","63597.113","63833.234","119403.91"
"229","J13","7","63530.156","64255.15","119424.625"
"229","J13","8","63537.047","64367.652","119513.24"
"229","J13","9","63557.445","64449.87","119489.28"
"229","J13","10","63706.7","64417.42","119460.805"
"229","J13","11","63952.113","64380.83","119505.914"
"229","J13","12","64043.99","64845.082","119413.66"
"229","J13","13","64140.94","65378.535","119338.484"
"229","J13","14","64553.293","66219.11","119251.414"
"229","J13","15","65212.766","67578.04","119279.47"
"229","J13","16","66533.84","70327.02","119471.86"
"229","J13","17","69029.23","75105.53","119488.75"
"229","J13","18","73028.6","83503.34","119647.12"
"229","J13","19","78636.07","95803.734","120238.195"
"229","J13","20","85605.56","111295.734","120495.61"
"229","J13","21","93220.41","127826.945","120469.9"
"229","J13","22","100537.29","142799.95","120605.18"
"229","J13","23","106928.21","154680.08","120790.164"
"229","J13","24","112418.43","162968.33","120960.53"
"229","J13","25","116884.24","168295.92","121229.445"
"229","J13","26","120281.49","171917.23","121181.39"
"229","J13","27","122536.95","174585.89","121033.17"
"229","J13","28","124262.08","177116.53","121034.35"
"229","J13","29","125932.164","179345.75","121326.16"
"229","J13","30","127183.945","181492.78","121266.29"
"229","J13","31","128140.71","182958.0","121119.62"
"229","J13","32","128851.766","184890.78","121020.97"
"229","J13","33","129425.18","186131.45","121090.4"
"229","J13","34","130090.09","187778.3","120922.625"
"229","J13","35","130801.12","189558.36","120839.72"
"229","J13","36","131389.12","191500.27","121125.98"
"229","J13","37","132036.03","192892.23","121357.4"
"229","J13","38","132822.14","194233.06","121345.96"
"229","J13","39","133242.1","195623.72","121536.45"
"229","J13","40","133628.12","197144.86","121453.52"
"229","J13","41","134208.92","198665.28","121226.22"
"229","J13","42","134884.42","199982.78","121101.24"
"229","J13","43","135303.08","201619.08","121196.28"
"229","J13","44","135878.47","203168.22","121200.15"
"229","J13","45","136426.61","204842.89","121214.84"
"229","J13","46","136908.19","205986.97","121326.95"
"229","J13","47","137640.62","207356.4","121322.53"
"229","J13","48","137824.45","209046.55","121204.87"
"229","J13","49","138366.38","210537.12","121085.83"
"229","J13","50","139204.8","211456.98","121095.98"
"229","J13","51","139644.83","212521.11","121042.016"
"229","J13","52","140099.95","213798.22","121176.55"
"229","J13","53","140514.84","215201.0","121213.86"
"229","J13","54","140990.58","216252.48","121207.73"
"229","J13","55","141428.6","217650.61","120885.02"
"229","J13","56","142011.05","218606.06","120838.234"
"229","J13","57","142561.97","220242.23","121334.54"
"229","J13","58","142999.66","221873.89","121374.71"
"229","J13","59","143222.55","222867.3","121254.48"
"229","J13","60","143610.92","223895.72","121103.89"
"229","J13","61","144270.72","224842.05","120997.81"
"229","J13","62","144705.0","225921.61","121128.06"
"229","J13","63","145267.84","227636.36","121268.4"
"229","J13","64","145705.66","229113.75","121176.64"
"229","J13","65","145966.11","230106.11","121151.32"
"229","J13","66","146413.66","231411.33","121269.04"
"229","J13","67","147168.67","233219.27","121180.734"
"229","J13","68","147971.3","234713.44","121138.016"
"229","J13","69","148384.88","236202.28","121185.38"
"229","J13","70","149090.0","238386.81","121034.22"
"229","J13","71","149961.28","240933.05","120914.23"
"229","J13","72","150994.69","244358.2","121005.29"
"229","J13","73","152771.98","248001.52","121179.66"
"229","J13","74","154299.11","253220.95","121521.01"
"229","J13","75","156231.1","259664.27","121606.85"
"229","J13","76","159253.92","266636.94","121401.48"
"229","J13","77","162292.44","275480.22","121274.164"
"229","J13","78","165476.58","284297.1","121471.555"
"229","J13","79","168639.92","293085.34","121771.96"
"229","J13","80","172155.55","302622.44","121879.71"
"229","J13","81","175937.72","312301.28","122361.21"
"229","J13","82","179775.72","321750.28","122425.88"
"229","J13","83","184166.2","330010.34","122380.26"
"229","J13","84","188900.6","339343.25","122309.79"
"229","J13","85","193752.6","348599.25","122600.82"
"229","J13","86","199155.42","357540.0","122822.5"
"229","J13","87","204971.03","366207.03","122984.95"
"229","J13","88","211286.3","375686.0","122998.45"
"229","J13","89","218142.64","384992.88","122913.586"
"229","J13","90","224259.08","392751.5","123163.73"
"230","J14","1","66907.125","62563.35","123658.61"
"230","J14","2","66862.34","62795.47","123435.83"
"230","J14","3","66702.14","63491.27","122742.39"
"230","J14","4","66479.57","63954.215","122569.52"
"230","J14","5","66377.16","64643.797","122575.734"
"230","J14","6","66310.36","65014.62","122331.22"
"230","J14","7","66209.45","65039.254","122273.41"
"230","J14","8","66213.445","65367.594","122416.016"
"230","J14","9","66324.445","65341.77","122766.65"
"230","J14","10","66333.79","65444.52","122569.56"
"230","J14","11","66361.47","65644.58","122476.96"
"230","J14","12","66455.625","65856.375","122559.43"
"230","J14","13","66935.914","66622.94","122671.45"
"230","J14","14","67231.77","67370.12","122685.87"
"230","J14","15","67980.086","69015.85","122808.29"
"230","J14","16","69691.62","71869.71","122740.555"
"230","J14","17","72136.04","76938.82","122686.18"
"230","J14","18","76303.61","84779.49","122849.05"
"230","J14","19","82191.52","97064.77","123278.945"
"230","J14","20","89930.92","112587.664","123569.234"
"230","J14","21","98218.1","129674.79","123633.625"
"230","J14","22","105857.766","144970.17","123800.22"
"230","J14","23","112689.96","156940.03","124011.63"
"230","J14","24","118581.305","165517.84","124071.39"
"230","J14","25","123146.57","171333.48","124172.89"
"230","J14","26","126837.9","175100.62","124597.83"
"230","J14","27","129351.6","178213.39","124417.97"
"230","J14","28","131305.73","180478.56","124338.87"
"230","J14","29","132724.6","182726.98","124713.36"
"230","J14","30","133930.61","184778.48","124677.0"
"230","J14","31","134788.5","186655.53","124543.47"
"230","J14","32","135697.27","188273.23","124564.37"
"230","J14","33","136571.55","189897.1","124519.54"
"230","J14","34","137246.6","191587.56","124696.445"
"230","J14","35","138030.7","193392.0","124646.91"
"230","J14","36","138367.16","195009.47","124686.98"
"230","J14","37","139316.38","196214.98","124633.21"
"230","J14","38","139760.84","197895.42","124484.43"
"230","J14","39","140240.38","199689.55","124373.66"
"230","J14","40","141042.53","201442.67","124245.195"
"230","J14","41","141638.33","202575.84","124291.19"
"230","J14","42","142092.14","204045.86","124598.21"
"230","J14","43","142739.81","205398.73","124818.96"
"230","J14","44","143135.78","207234.14","124841.36"
"230","J14","45","143804.08","208665.16","124692.28"
"230","J14","46","144460.97","209737.11","124536.27"
"230","J14","47","144875.14","211280.77","124517.14"
"230","J14","48","145380.58","212841.05","124524.18"
"230","J14","49","146299.66","214042.22","124451.86"
"230","J14","50","146629.08","215519.36","124559.49"
"230","J14","51","147142.53","216534.19","124451.94"
"230","J14","52","147687.19","217768.34","124371.336"
"230","J14","53","148059.48","219100.88","124512.625"
"230","J14","54","148452.16","220623.17","124567.01"
"230","J14","55","149082.23","221869.69","125016.99"
"230","J14","56","149868.88","223027.55","124934.664"
"230","J14","57","150234.77","224091.2","124764.266"
"230","J14","58","150438.92","225496.9","124727.04"
"230","J14","59","150864.11","226776.42","124534.98"
"230","J14","60","151492.47","228254.6","124191.9"
"230","J14","61","152133.36","229405.3","124151.83"
"230","J14","62","152537.5","230459.08","124647.336"
"230","J14","63","153132.97","231633.77","124564.76"
"230","J14","64","153577.67","232958.33","124468.04"
"230","J14","65","154053.2","234506.08","124734.4"
"230","J14","66","154417.02","235448.52","124767.875"
"230","J14","67","154954.83","236673.62","124599.05"
"230","J14","68","155353.27","238008.4","124441.58"
"230","J14","69","156094.27","239551.17","124383.016"
"230","J14","70","156878.75","241236.5","124290.734"
"230","J14","71","157543.72","242812.1","124338.195"
"230","J14","72","158711.53","244808.11","124279.43"
"230","J14","73","159877.23","248080.34","124386.22"
"230","J14","74","161308.39","251305.02","124462.555"
"230","J14","75","163028.42","255080.97","124586.03"
"230","J14","76","165393.47","260461.9","124581.445"
"230","J14","77","168520.23","267139.3","124885.09"
"230","J14","78","172054.5","274672.66","124957.34"
"230","J14","79","175922.0","283609.94","124992.55"
"230","J14","80","180316.34","292947.88","125292.555"
"230","J14","81","185082.69","302721.72","125678.4"
"230","J14","82","190091.06","313172.1","125599.305"
"230","J14","83","195633.84","323700.28","125494.37"
"230","J14","84","201527.3","334051.2","125706.13"
"230","J14","85","207767.81","344973.03","125875.08"
"230","J14","86","214265.19","354686.66","125904.32"
"230","J14","87","221347.23","364919.25","126419.984"
"230","J14","88","228585.28","374855.6","126426.39"
"230","J14","89","236492.52","384901.12","126534.77"
"230","J14","90","243342.3","393835.3","126686.57"
"231","J15","1","78609.99","62582.867","121585.67"
"231","J15","2","78377.02","62684.27","121324.24"
"231","J15","3","77880.61","63245.742","121143.99"
"231","J15","4","77697.93","63701.348","121127.15"
"231","J15","5","77528.87","64369.53","120885.37"
"231","J15","6","77312.15","64500.98","120582.36"
"231","J15","7","77241.75","64795.44","120546.695"
"231","J15","8","77209.96","64831.42","120727.195"
"231","J15","9","77247.66","65143.363","120832.336"
"231","J15","10","77408.945","65326.31","120760.82"
"231","J15","11","77336.76","65276.707","120572.56"
"231","J15","12","77340.43","65574.055","120542.94"
"231","J15","13","77585.35","66195.3","120700.555"
"231","J15","14","77877.0","67028.195","120830.03"
"231","J15","15","78604.18","68311.88","120557.03"
"231","J15","16","79856.336","71096.67","120564.805"
"231","J15","17","82400.94","75882.22","120908.9"
"231","J15","18","86492.28","84109.33","120949.19"
"231","J15","19","92425.695","96374.6","121097.97"
"231","J15","20","99737.72","111643.336","121616.56"
"231","J15","21","107658.63","127994.11","121682.84"
"231","J15","22","115228.32","142885.2","121696.875"
"231","J15","23","121836.56","154664.75","122102.82"
"231","J15","24","127669.13","162619.88","122132.33"
"231","J15","25","131916.75","168465.25","122171.58"
"231","J15","26","135596.23","172711.56","122037.62"
"231","J15","27","138181.16","175686.19","121939.375"
"231","J15","28","140030.22","177902.27","122031.2"
"231","J15","29","141267.34","179915.27","122036.07"
"231","J15","30","142670.88","181537.2","122269.62"
"231","J15","31","143385.94","183310.97","122183.01"
"231","J15","32","144089.53","185310.19","122142.82"
"231","J15","33","144716.9","186937.2","122481.38"
"231","J15","34","145469.11","188294.33","122425.69"
"231","J15","35","146349.64","190279.7","122304.055"
"231","J15","36","147013.05","192008.55","122338.79"
"231","J15","37","147777.62","193592.17","122369.27"
"231","J15","38","148262.45","195052.94","122795.37"
"231","J15","39","148596.77","196568.97","122767.99"
"231","J15","40","149217.8","198401.33","122640.484"
"231","J15","41","149813.75","199640.03","122582.5"
"231","J15","42","150231.88","201152.34","122661.91"
"231","J15","43","150887.53","202631.05","122566.164"
"231","J15","44","151523.88","203740.75","122426.336"
"231","J15","45","151954.47","205176.48","122475.88"
"231","J15","46","152431.02","206786.08","122757.96"
"231","J15","47","152914.44","208369.78","122753.75"
"231","J15","48","153421.86","209786.28","122651.21"
"231","J15","49","153798.78","210824.02","122538.37"
"231","J15","50","154153.2","212084.38","122418.43"
"231","J15","51","154850.95","213440.33","122368.02"
"231","J15","52","155377.3","214627.19","122605.13"
"231","J15","53","155797.11","216143.47","122411.31"
"231","J15","54","156211.67","217254.72","122311.33"
"231","J15","55","156665.2","218316.31","122552.82"
"231","J15","56","156858.08","219949.08","122551.78"
"231","J15","57","157518.38","220930.25","122611.38"
"231","J15","58","158302.39","221999.38","122573.164"
"231","J15","59","158671.48","223097.25","122542.91"
"231","J15","60","158785.36","224633.0","122284.69"
"231","J15","61","159364.88","225890.0","122173.086"
"231","J15","62","159784.75","226898.5","122363.414"
"231","J15","63","160026.98","228527.83","122395.61"
"231","J15","64","160699.33","229649.98","122430.12"
"231","J15","65","161260.5","230855.17","122391.62"
"231","J15","66","161570.23","231571.39","122524.29"
"231","J15","67","162111.95","232842.66","122259.58"
"231","J15","68","162743.16","234091.31","122148.29"
"231","J15","69","163009.3","235548.9","122370.14"
"231","J15","70","163482.08","236633.06","122378.99"
"231","J15","71","163907.97","238583.62","122542.68"
"231","J15","72","164825.33","240436.33","122508.0"
"231","J15","73","165774.25","242600.19","122621.64"
"231","J15","74","166925.31","245248.11","122716.2"
"231","J15","75","168225.72","248281.06","122591.18"
"231","J15","76","169987.98","252840.38","122491.55"
"231","J15","77","172567.31","258184.19","122575.67"
"231","J15","78","175463.95","264576.0","122495.68"
"231","J15","79","179128.52","272688.9","122491.15"
"231","J15","80","183757.44","281687.97","122569.85"
"231","J15","81","188213.02","291127.47","122812.04"
"231","J15","82","193218.38","301513.38","122983.19"
"231","J15","83","198849.45","312110.25","123051.31"
"231","J15","84","204401.92","323042.06","122968.836"
"231","J15","85","210838.06","333659.3","123157.98"
"231","J15","86","217930.12","344516.6","123560.67"
"231","J15","87","224953.77","354948.28","123607.32"
"231","J15","88","232505.78","364852.12","123723.805"
"231","J15","89","240158.45","375164.75","123723.15"
"231","J15","90","246521.8","383551.22","123991.836"
"232","J16","1","66832.1","63165.66","122777.125"
"232","J16","2","66752.71","63229.246","122567.06"
"232","J16","3","66578.69","63995.617","122398.7"
"232","J16","4","66246.31","64577.777","122432.336"
"232","J16","5","66153.52","65055.47","122553.836"
"232","J16","6","66138.93","65343.953","122512.24"
"232","J16","7","66144.91","65550.7","122387.13"
"232","J16","8","66207.945","65897.84","121892.96"
"232","J16","9","66320.5","65981.09","121722.1"
"232","J16","10","66509.78","66127.72","121634.37"
"232","J16","11","66751.73","66321.8","121666.71"
"232","J16","12","66874.03","66682.625","121909.68"
"232","J16","13","67277.52","67112.22","122041.7"
"232","J16","14","67939.45","67892.27","122016.266"
"232","J16","15","68673.125","69460.58","121987.77"
"232","J16","16","69945.086","71995.98","121841.43"
"232","J16","17","72594.41","76751.86","121887.11"
"232","J16","18","76855.56","84849.69","122387.195"
"232","J16","19","82979.63","96909.18","122688.95"
"232","J16","20","90743.516","112410.91","122781.96"
"232","J16","21","99237.234","129136.875","122995.23"
"232","J16","22","107061.71","144517.95","123199.72"
"232","J16","23","114062.61","156918.52","123255.71"
"232","J16","24","119780.18","165369.39","123456.2"
"232","J16","25","124668.945","171666.06","123773.234"
"232","J16","26","128455.73","175366.6","123728.086"
"232","J16","27","131181.86","178600.66","123736.695"
"232","J16","28","133265.81","181231.45","123938.61"
"232","J16","29","134563.52","182910.95","124074.555"
"232","J16","30","135814.83","185107.8","123991.734"
"232","J16","31","137034.9","186813.73","123988.016"
"232","J16","32","138135.27","188269.38","124055.98"
"232","J16","33","138796.38","190132.23","124047.43"
"232","J16","34","139522.1","191861.3","124202.33"
"232","J16","35","140259.5","193778.27","124221.96"
"232","J16","36","140964.11","195101.6","124234.56"
"232","J16","37","141800.03","196692.53","124355.07"
"232","J16","38","142248.97","198414.89","124295.54"
"232","J16","39","142788.58","200166.27","124237.09"
"232","J16","40","143452.12","201778.12","124173.6"
"232","J16","41","144078.25","203207.83","124032.63"
"232","J16","42","144737.8","204604.12","124080.09"
"232","J16","43","145560.05","205828.61","124424.66"
"232","J16","44","146095.95","207275.03","124314.62"
"232","J16","45","146421.9","208570.66","124197.87"
"232","J16","46","147181.58","210122.3","124373.086"
"232","J16","47","147996.12","211488.92","124264.33"
"232","J16","48","148466.36","213085.3","124072.0"
"232","J16","49","148866.75","214365.34","123875.75"
"232","J16","50","149331.33","215595.11","123829.81"
"232","J16","51","150162.83","217061.38","124243.08"
"232","J16","52","150820.45","218530.92","124346.0"
"232","J16","53","151167.75","219779.28","124278.625"
"232","J16","54","151535.94","221441.19","124140.01"
"232","J16","55","152233.02","222756.23","124089.71"
"232","J16","56","152639.81","223949.5","123984.5"
"232","J16","57","153310.45","225021.11","124092.516"
"232","J16","58","153778.44","226104.53","124363.33"
"232","J16","59","153991.02","227392.44","124468.734"
"232","J16","60","154589.34","228858.2","124421.86"
"232","J16","61","155221.34","230157.48","124308.586"
"232","J16","62","155638.44","230961.61","124226.14"
"232","J16","63","156227.9","232608.84","124415.67"
"232","J16","64","156753.33","233680.31","124226.64"
"232","J16","65","157211.17","234607.52","124077.7"
"232","J16","66","157890.39","235813.7","124225.5"
"232","J16","67","158333.2","237063.5","124361.164"
"232","J16","68","158957.48","238334.86","124326.34"
"232","J16","69","159469.72","239784.16","124250.4"
"232","J16","70","160149.9","241023.69","124255.914"
"232","J16","71","160924.81","242450.64","124324.62"
"232","J16","72","161761.9","244025.72","124320.625"
"232","J16","73","163076.95","246087.78","124240.93"
"232","J16","74","164311.48","248138.19","124386.805"
"232","J16","75","165922.52","250160.52","124294.01"
"232","J16","76","167911.7","252383.14","124220.7"
"232","J16","77","169792.66","255325.5","124407.49"
"232","J16","78","172272.33","258377.22","124652.41"
"232","J16","79","175320.55","262303.5","124569.984"
"232","J16","80","178581.5","266434.12","124516.766"
"232","J16","81","182678.84","271084.72","124873.875"
"232","J16","82","187105.83","275826.66","124780.0"
"232","J16","83","191916.58","281086.78","124512.01"
"232","J16","84","197384.69","286983.34","124444.03"
"232","J16","85","202996.28","293833.03","124868.59"
"232","J16","86","209055.05","301216.03","124858.4"
"232","J16","87","214987.34","307819.53","124734.14"
"232","J16","88","221434.36","314700.22","124980.016"
"232","J16","89","227817.08","322528.66","125407.16"
"232","J16","90","233252.4","329904.28","125484.86"
"233","J17","1","65333.2","53980.418","129636.945"
"233","J17","2","65094.53","54038.92","129360.17"
"233","J17","3","64750.047","54238.527","129009.266"
"233","J17","4","64595.03","54380.5","128896.78"
"233","J17","5","64374.973","54950.434","128818.44"
"233","J17","6","64336.64","55133.31","128706.05"
"233","J17","7","64394.168","55367.844","128661.26"
"233","J17","8","64386.605","55810.656","128676.12"
"233","J17","9","64386.816","55813.676","128738.17"
"233","J17","10","64423.543","55817.95","128949.234"
"233","J17","11","64376.22","55817.58","129076.305"
"233","J17","12","64373.977","55874.895","128875.45"
"233","J17","13","64504.305","56025.3","128680.87"
"233","J17","14","64660.69","56025.812","128580.766"
"233","J17","15","64731.445","56304.113","128592.87"
"233","J17","16","64873.312","56425.992","128711.82"
"233","J17","17","65366.074","56751.766","128742.2"
"233","J17","18","66217.36","57363.992","128907.05"
"233","J17","19","67409.61","58860.594","129101.5"
"233","J17","20","69784.234","61015.844","129017.43"
"233","J17","21","73563.336","65208.15","128988.36"
"233","J17","22","79094.87","71784.23","129184.45"
"233","J17","23","87199.17","80066.76","129240.195"
"233","J17","24","97569.83","89887.484","129298.734"
"233","J17","25","109485.52","100212.3","129507.1"
"233","J17","26","121517.82","109523.45","129603.34"
"233","J17","27","132260.03","116934.39","129641.336"
"233","J17","28","140296.25","121910.46","129570.64"
"233","J17","29","145511.19","125350.49","129534.61"
"233","J17","30","149096.11","127429.81","129508.88"
"233","J17","31","151285.7","129383.266","129776.766"
"233","J17","32","152777.36","130992.02","130099.88"
"233","J17","33","154096.44","132633.56","130013.51"
"233","J17","34","155365.39","133964.5","129862.5"
"233","J17","35","156486.14","135489.84","129764.484"
"233","J17","36","157128.92","137022.9","129773.664"
"233","J17","37","157795.17","138280.7","129798.414"
"233","J17","38","158531.39","139792.53","129917.305"
"233","J17","39","159285.89","141185.22","129827.75"
"233","J17","40","159771.12","142410.64","129660.234"
"233","J17","41","159922.72","143578.05","129610.734"
"233","J17","42","160511.38","144785.62","129865.62"
"233","J17","43","161057.73","145864.97","129970.56"
"233","J17","44","161739.38","147235.16","129903.266"
"233","J17","45","162320.77","148391.78","130020.414"
"233","J17","46","162467.4","149749.34","130393.16"
"233","J17","47","162989.48","150582.45","130462.42"
"233","J17","48","163716.56","151726.88","130234.1"
"233","J17","49","164126.92","152918.02","130105.26"
"233","J17","50","164468.45","154325.03","130159.766"
"233","J17","51","164841.31","155468.03","130047.55"
"233","J17","52","165340.9","156457.66","129922.77"
"233","J17","53","165843.66","157293.94","129837.32"
"233","J17","54","166200.66","158465.16","129547.34"
"233","J17","55","166534.25","159918.7","129519.48"
"233","J17","56","167190.47","160810.72","130024.43"
"233","J17","57","167507.14","161942.94","130363.695"
"233","J17","58","167965.22","163040.08","130363.766"
"233","J17","59","168704.56","164208.67","130024.83"
"233","J17","60","169288.55","165319.9","129866.414"
"233","J17","61","169902.33","166386.5","129914.125"
"233","J17","62","170943.31","167925.08","129967.15"
"233","J17","63","172290.58","169805.33","130062.49"
"233","J17","64","174303.9","171805.25","130136.46"
"233","J17","65","176711.75","174089.88","130030.484"
"233","J17","66","179993.44","177142.42","129944.19"
"233","J17","67","184047.1","180532.66","130036.46"
"233","J17","68","189369.61","184491.6","130002.53"
"233","J17","69","195519.55","188388.61","130078.21"
"233","J17","70","202111.03","193046.06","130083.3"
"233","J17","71","209202.3","197656.8","130334.59"
"233","J17","72","216820.8","202502.45","130301.62"
"233","J17","73","225123.42","206882.28","130297.766"
"233","J17","74","233048.34","211320.53","130352.555"
"233","J17","75","241182.52","216286.53","130342.38"
"233","J17","76","249646.67","221191.66","130240.17"
"233","J17","77","257918.23","226292.48","130281.02"
"233","J17","78","266430.9","231072.81","130499.57"
"233","J17","79","275237.62","235758.55","130621.24"
"233","J17","80","284128.7","240959.83","130727.5"
"233","J17","81","292963.22","245593.3","130797.7"
"233","J17","82","301647.97","250589.98","130774.14"
"233","J17","83","310248.72","255812.03","130702.016"
"233","J17","84","318802.62","260761.17","130571.69"
"233","J17","85","327703.72","265734.56","130589.03"
"233","J17","86","336433.97","270611.8","130815.63"
"233","J17","87","344730.16","276183.7","130882.016"
"233","J17","88","352819.66","281126.47","130897.875"
"233","J17","89","361878.25","286869.25","130977.95"
"233","J17","90","368910.7","291805.94","131298.44"
"234","J18","1","65823.72","53790.027","133238.28"
"234","J18","2","65583.94","53799.195","132821.73"
"234","J18","3","65402.85","54024.176","132530.23"
"234","J18","4","65343.215","54629.55","132487.16"
"234","J18","5","65310.82","55221.34","132541.23"
"234","J18","6","65206.844","55405.984","132598.67"
"234","J18","7","65009.855","55523.383","132842.06"
"234","J18","8","64993.28","55524.742","132731.19"
"234","J18","9","65110.668","55637.625","132647.28"
"234","J18","10","65115.55","55707.45","132667.11"
"234","J18","11","65118.113","55647.715","132592.14"
"234","J18","12","65069.086","55639.84","132434.36"
"234","J18","13","65051.35","56052.74","132384.34"
"234","J18","14","65149.82","56092.3","132427.6"
"234","J18","15","65359.62","56136.477","132459.89"
"234","J18","16","65574.82","56208.36","132583.58"
"234","J18","17","65728.98","56649.223","132313.36"
"234","J18","18","66419.555","57552.04","132354.58"
"234","J18","19","67734.08","58849.832","132865.39"
"234","J18","20","69649.45","60876.43","133013.56"
"234","J18","21","72839.04","64752.316","132914.97"
"234","J18","22","77750.07","70700.49","132897.55"
"234","J18","23","84617.07","78997.586","133146.92"
"234","J18","24","92737.55","89212.43","133139.22"
"234","J18","25","102321.23","100006.33","133212.2"
"234","J18","26","113171.39","110430.88","133608.31"
"234","J18","27","123890.3","119103.305","133916.02"
"234","J18","28","133192.36","125650.69","134160.05"
"234","J18","29","139765.48","130509.914","134323.88"
"234","J18","30","144221.0","133562.02","134063.08"
"234","J18","31","146987.42","135532.1","133957.89"
"234","J18","32","148879.67","137404.45","134196.6"
"234","J18","33","150567.19","138757.02","134238.2"
"234","J18","34","151778.64","140704.48","134479.16"
"234","J18","35","152643.05","142205.64","134232.06"
"234","J18","36","153441.03","143231.81","134116.84"
"234","J18","37","154129.3","144850.81","134369.92"
"234","J18","38","154884.28","146253.8","134353.67"
"234","J18","39","155412.6","147183.27","134206.98"
"234","J18","40","155962.11","148475.36","134137.52"
"234","J18","41","156704.48","150328.17","134257.47"
"234","J18","42","157129.88","151488.67","134556.4"
"234","J18","43","157548.95","152703.45","134520.56"
"234","J18","44","158025.28","153926.86","134508.8"
"234","J18","45","158471.31","154964.08","134363.9"
"234","J18","46","159005.92","156105.73","134274.34"
"234","J18","47","159491.38","157510.92","134453.12"
"234","J18","48","159778.75","158299.53","134336.5"
"234","J18","49","160305.11","159524.6","134227.61"
"234","J18","50","160860.45","160798.11","134380.4"
"234","J18","51","161474.98","161945.23","134380.5"
"234","J18","52","161799.1","163083.78","134179.53"
"234","J18","53","162035.53","164231.22","134118.86"
"234","J18","54","162456.4","165526.14","134442.52"
"234","J18","55","163103.94","166742.6","134446.45"
"234","J18","56","163530.39","167468.42","134583.0"
"234","J18","57","163654.11","168279.38","134711.97"
"234","J18","58","164051.05","169269.45","134611.27"
"234","J18","59","164447.94","170692.86","134547.81"
"234","J18","60","164968.14","171931.5","134478.27"
"234","J18","61","165450.06","172854.25","134449.6"
"234","J18","62","166259.88","174153.6","134501.95"
"234","J18","63","167352.48","175957.75","134458.06"
"234","J18","64","168592.38","177560.88","134336.5"
"234","J18","65","170201.64","179773.16","134355.97"
"234","J18","66","172821.73","182442.17","134478.36"
"234","J18","67","175892.34","185415.53","134659.2"
"234","J18","68","179750.25","188841.17","134711.2"
"234","J18","69","184376.14","193365.58","134777.47"
"234","J18","70","189867.98","197677.69","134836.47"
"234","J18","71","195950.45","202158.73","134787.2"
"234","J18","72","202782.8","207145.86","134691.56"
"234","J18","73","209583.16","212437.34","134843.5"
"234","J18","74","216628.08","217699.62","134923.3"
"234","J18","75","224135.62","222899.28","134871.11"
"234","J18","76","231684.66","227854.38","134848.27"
"234","J18","77","239303.12","233022.27","135017.02"
"234","J18","78","247142.53","237822.53","134934.27"
"234","J18","79","254975.33","243381.05","134975.83"
"234","J18","80","263402.28","248839.72","135225.89"
"234","J18","81","271700.28","253863.34","135185.61"
"234","J18","82","280402.78","259003.86","135253.67"
"234","J18","83","288722.94","264377.94","135236.14"
"234","J18","84","297311.88","269998.78","135491.78"
"234","J18","85","305329.53","275353.72","135485.8"
"234","J18","86","313761.47","280541.0","135379.11"
"234","J18","87","323400.06","286210.2","135592.08"
"234","J18","88","332334.88","291704.25","135783.33"
"234","J18","89","340963.28","297522.2","135750.45"
"234","J18","90","349467.56","302616.62","135759.62"
"235","J19","1","67454.27","59277.27","132692.14"
"235","J19","2","67334.695","59262.086","132422.83"
"235","J19","3","67183.27","59391.586","132107.4"
"235","J19","4","67038.77","59986.125","132104.17"
"235","J19","5","66766.195","60306.227","132264.61"
"235","J19","6","66693.055","60593.44","132188.22"
"235","J19","7","66753.32","60811.66","132163.03"
"235","J19","8","66721.63","60898.36","132262.25"
"235","J19","9","66639.805","60956.215","132268.5"
"235","J19","10","66557.91","61226.25","132254.77"
"235","J19","11","66567.11","61368.42","132292.5"
"235","J19","12","66710.164","61472.055","132410.45"
"235","J19","13","66842.2","61514.652","132356.1"
"235","J19","14","66845.375","61613.316","132186.94"
"235","J19","15","66943.23","61663.426","132148.28"
"235","J19","16","67195.664","61643.113","132224.45"
"235","J19","17","67760.99","62162.336","132270.45"
"235","J19","18","68330.07","63178.28","132402.94"
"235","J19","19","69194.695","64520.312","132405.27"
"235","J19","20","71090.1","66676.516","132364.81"
"235","J19","21","74062.54","70250.74","132438.39"
"235","J19","22","78463.66","76130.31","132610.3"
"235","J19","23","84292.03","84868.81","132610.19"
"235","J19","24","91034.16","95615.21","132661.19"
"235","J19","25","98790.766","107332.23","132718.06"
"235","J19","26","107251.93","118724.59","132968.1"
"235","J19","27","116046.305","128816.93","133198.44"
"235","J19","28","124542.516","136635.45","133480.16"
"235","J19","29","131585.23","142752.34","133700.42"
"235","J19","30","136559.4","146391.33","133706.56"
"235","J19","31","139842.1","149402.34","133682.39"
"235","J19","32","142172.12","151599.3","133815.62"
"235","J19","33","143454.11","153716.77","133822.6"
"235","J19","34","144638.03","155199.28","133820.45"
"235","J19","35","145382.5","156709.95","133577.61"
"235","J19","36","146521.16","158075.66","133463.38"
"235","J19","37","147241.95","159683.95","133648.83"
"235","J19","38","147727.16","161212.61","133824.8"
"235","J19","39","148246.0","162591.11","133750.94"
"235","J19","40","148683.36","163846.98","133745.06"
"235","J19","41","149292.7","165020.42","133867.11"
"235","J19","42","149771.73","166493.02","133765.22"
"235","J19","43","150186.16","167709.11","133632.17"
"235","J19","44","150939.92","169197.05","133700.95"
"235","J19","45","151201.08","170717.05","134084.03"
"235","J19","46","151618.45","171792.86","134179.34"
"235","J19","47","152353.62","172852.55","134044.44"
"235","J19","48","152531.38","174232.9","133906.23"
"235","J19","49","152784.0","175600.38","133848.66"
"235","J19","50","153315.86","176835.55","133856.3"
"235","J19","51","153575.55","177698.06","133804.98"
"235","J19","52","153877.42","178957.58","133917.39"
"235","J19","53","154359.14","179873.4","133735.39"
"235","J19","54","154753.61","180886.4","133616.67"
"235","J19","55","155193.98","182299.55","133721.73"
"235","J19","56","155412.08","183423.62","133706.67"
"235","J19","57","156091.53","184797.17","133721.12"
"235","J19","58","156425.25","185806.03","133829.88"
"235","J19","59","156784.34","186960.73","133679.64"
"235","J19","60","157209.33","187956.66","133602.58"
"235","J19","61","157881.0","189267.42","133825.31"
"235","J19","62","158250.73","190730.25","133846.6"
"235","J19","63","159006.17","191952.61","133884.05"
"235","J19","64","159981.72","193592.19","133830.8"
"235","J19","65","160986.92","196072.58","133927.22"
"235","J19","66","162689.2","198434.7","133876.28"
"235","J19","67","164846.89","201084.69","133985.14"
"235","J19","68","167573.12","204612.36","134143.19"
"235","J19","69","171221.92","208955.9","134037.69"
"235","J19","70","175569.0","213782.64","133807.6"
"235","J19","71","180337.66","218874.02","133675.45"
"235","J19","72","185702.84","223933.55","133827.86"
"235","J19","73","191105.73","229608.78","134249.33"
"235","J19","74","197066.4","235260.27","134271.03"
"235","J19","75","203198.89","241647.2","134204.2"
"235","J19","76","209631.52","247616.39","134108.0"
"235","J19","77","216043.38","253178.73","134236.69"
"235","J19","78","222813.0","259236.48","134421.58"
"235","J19","79","229487.62","265256.9","134332.1"
"235","J19","80","236537.14","271358.28","134263.61"
"235","J19","81","243986.75","277643.88","134361.44"
"235","J19","82","251480.6","283472.25","134313.14"
"235","J19","83","259316.45","289233.72","134414.06"
"235","J19","84","266514.06","295543.1","134453.27"
"235","J19","85","274362.78","301520.25","134894.72"
"235","J19","86","282836.22","306958.97","134972.89"
"235","J19","87","290772.72","313126.75","135282.0"
"235","J19","88","298430.6","319057.8","135198.14"
"235","J19","89","306576.9","324652.94","134996.47"
"235","J19","90","315428.47","329490.34","134820.67"
"236","J20","1","65414.535","56449.1","129432.99"
"236","J20","2","65318.277","56542.832","129261.91"
"236","J20","3","65138.918","56866.875","129106.61"
"236","J20","4","65011.457","57292.47","128991.555"
"236","J20","5","64822.953","57538.168","128821.19"
"236","J20","6","64730.09","57750.355","128695.72"
"236","J20","7","64637.51","57826.812","128665.586"
"236","J20","8","64649.742","58192.44","128688.016"
"236","J20","9","64761.152","58276.117","128741.36"
"236","J20","10","64663.27","58566.715","128734.37"
"236","J20","11","64636.836","58742.85","128664.445"
"236","J20","12","64686.3","58746.113","128666.75"
"236","J20","13","64723.348","58756.92","128743.25"
"236","J20","14","64885.656","58665.2","128714.69"
"236","J20","15","64946.125","58798.445","128684.49"
"236","J20","16","65192.457","59193.95","128745.9"
"236","J20","17","65421.457","59671.066","129014.86"
"236","J20","18","66006.7","60080.28","128969.85"
"236","J20","19","66940.78","61237.434","128930.67"
"236","J20","20","68662.74","63377.984","128990.54"
"236","J20","21","71389.55","67142.19","128812.84"
"236","J20","22","75377.125","72975.72","128832.64"
"236","J20","23","80696.32","81438.266","129196.03"
"236","J20","24","86851.8","91702.62","129295.24"
"236","J20","25","93015.75","103136.086","129574.92"
"236","J20","26","99793.25","114380.89","129895.06"
"236","J20","27","106593.31","124540.16","130122.43"
"236","J20","28","113542.305","133246.47","130194.66"
"236","J20","29","120138.88","139617.22","130156.11"
"236","J20","30","125437.26","144318.73","130333.36"
"236","J20","31","128941.71","147695.7","130378.97"
"236","J20","32","131178.44","149990.64","130263.516"
"236","J20","33","132855.0","151780.7","130237.99"
"236","J20","34","133896.83","153508.06","130445.484"
"236","J20","35","135027.16","155292.67","130433.46"
"236","J20","36","135623.19","156713.31","130528.96"
"236","J20","37","135942.4","158183.97","130513.22"
"236","J20","38","136505.58","159888.84","130698.22"
"236","J20","39","137320.27","160887.55","130648.68"
"236","J20","40","137945.66","162120.4","130637.66"
"236","J20","41","138342.27","163659.48","130566.67"
"236","J20","42","138747.75","164868.4","130528.47"
"236","J20","43","139436.08","166022.56","130503.69"
"236","J20","44","139691.56","167479.34","130479.76"
"236","J20","45","140322.53","168367.86","130454.664"
"236","J20","46","140602.47","169795.4","130785.47"
"236","J20","47","141036.17","171318.17","130949.836"
"236","J20","48","141318.48","172415.36","130951.15"
"236","J20","49","141605.42","173677.34","131009.484"
"236","J20","50","142153.61","174648.3","131019.84"
"236","J20","51","142513.0","175859.88","130992.26"
"236","J20","52","143162.88","177008.3","130827.99"
"236","J20","53","143322.66","177931.95","130606.14"
"236","J20","54","143368.55","179165.64","130525.14"
"236","J20","55","143809.97","180335.62","130759.52"
"236","J20","56","144233.0","181829.12","130728.32"
"236","J20","57","144494.42","182883.5","130739.27"
"236","J20","58","144737.11","183666.53","130634.31"
"236","J20","59","145057.11","184927.2","130641.16"
"236","J20","60","145593.06","185990.0","130810.71"
"236","J20","61","146027.89","187206.03","130699.65"
"236","J20","62","146348.7","188432.78","130611.74"
"236","J20","63","146844.53","189600.7","130828.805"
"236","J20","64","147547.69","191055.22","130861.12"
"236","J20","65","148266.78","192664.08","130863.12"
"236","J20","66","149119.72","194772.83","131203.52"
"236","J20","67","150726.52","197067.75","131082.23"
"236","J20","68","152685.19","199549.03","130673.97"
"236","J20","69","154928.12","202810.86","130546.2"
"236","J20","70","157970.1","206822.55","130818.12"
"236","J20","71","161604.45","211439.47","130958.85"
"236","J20","72","165778.31","216965.53","131087.92"
"236","J20","73","170269.84","222393.66","131089.55"
"236","J20","74","175242.58","227772.22","131040.07"
"236","J20","75","180360.17","233364.69","131333.9"
"236","J20","76","185570.95","239474.69","131440.0"
"236","J20","77","190739.36","245277.88","131396.19"
"236","J20","78","196189.67","251118.08","131457.53"
"236","J20","79","201908.17","256555.11","131446.69"
"236","J20","80","207774.86","262235.9","131620.47"
"236","J20","81","214172.2","268021.6","131984.08"
"236","J20","82","220888.17","273655.16","131872.1"
"236","J20","83","227265.22","279498.56","131716.9"
"236","J20","84","233600.89","285470.66","131830.31"
"236","J20","85","240400.48","290909.4","131953.53"
"236","J20","86","247629.11","296713.34","132120.2"
"236","J20","87","254889.11","302118.25","132230.75"
"236","J20","88","262221.44","307180.1","132286.61"
"236","J20","89","269984.7","312485.88","132331.53"
"236","J20","90","275697.38","317320.53","132565.38"
"237","J21","1","64577.51","64241.934","129383.71"
"237","J21","2","64502.04","64357.406","129070.85"
"237","J21","3","64266.79","64915.938","128709.375"
"237","J21","4","64043.617","65216.902","128681.81"
"237","J21","5","63801.79","65745.26","128833.195"
"237","J21","6","63665.094","66292.086","128454.055"
"237","J21","7","63495.45","66383.14","128410.18"
"237","J21","8","63416.92","66619.92","128682.02"
"237","J21","9","63348.863","66781.92","128757.19"
"237","J21","10","63356.13","66972.91","128865.89"
"237","J21","11","63457.53","67026.89","128805.41"
"237","J21","12","63479.402","66945.81","128803.195"
"237","J21","13","63453.613","66925.43","129025.586"
"237","J21","14","63474.734","67269.586","128885.52"
"237","J21","15","63618.96","67364.836","128753.234"
"237","J21","16","63897.684","67369.78","128645.43"
"237","J21","17","64112.523","68019.36","128619.914"
"237","J21","18","64681.977","68717.48","128761.96"
"237","J21","19","65728.484","69765.92","128863.11"
"237","J21","20","67370.94","72157.414","129023.65"
"237","J21","21","70297.234","75683.914","129099.69"
"237","J21","22","74459.055","81603.875","129042.11"
"237","J21","23","79487.94","90074.78","129058.86"
"237","J21","24","85060.555","100169.97","129209.66"
"237","J21","25","90668.81","111583.19","129274.43"
"237","J21","26","96177.664","122785.41","129631.48"
"237","J21","27","101192.61","133472.3","129658.6"
"237","J21","28","106034.086","142472.81","129764.27"
"237","J21","29","110735.01","149958.1","129924.664"
"237","J21","30","114642.95","155525.3","129941.57"
"237","J21","31","117702.836","159840.5","129887.96"
"237","J21","32","119988.016","162756.22","130025.93"
"237","J21","33","121565.125","164977.2","130033.125"
"237","J21","34","122627.58","166870.02","130273.72"
"237","J21","35","123202.03","168652.44","130292.41"
"237","J21","36","123776.84","170340.84","130157.66"
"237","J21","37","124558.664","172015.5","130096.69"
"237","J21","38","125204.8","173060.44","130211.76"
"237","J21","39","125610.94","174534.45","130227.64"
"237","J21","40","125930.664","176073.69","130127.42"
"237","J21","41","126294.35","177472.34","130133.79"
"237","J21","42","126722.555","178726.05","130156.0"
"237","J21","43","127351.86","180092.73","130258.49"
"237","J21","44","127592.47","181159.42","130378.47"
"237","J21","45","127884.086","182466.34","130421.83"
"237","J21","46","128216.87","183648.3","130310.5"
"237","J21","47","128604.96","184784.22","130194.85"
"237","J21","48","128946.21","185951.34","130228.65"
"237","J21","49","129120.16","187057.7","130179.97"
"237","J21","50","129391.09","188336.94","130283.93"
"237","J21","51","129738.2","189619.98","130366.87"
"237","J21","52","130123.62","190913.75","130448.305"
"237","J21","53","130343.78","191918.66","130467.016"
"237","J21","54","130602.37","193045.98","130363.66"
"237","J21","55","130785.016","194178.86","130273.91"
"237","J21","56","130935.64","195381.55","130408.16"
"237","J21","57","131306.19","196411.23","130427.734"
"237","J21","58","131581.38","197646.45","130561.11"
"237","J21","59","131785.17","199110.8","130233.305"
"237","J21","60","132225.88","199830.02","130090.81"
"237","J21","61","132505.73","201230.22","130301.61"
"237","J21","62","132642.64","202310.28","130372.91"
"237","J21","63","133039.2","203800.31","130298.42"
"237","J21","64","133547.4","204816.88","130371.375"
"237","J21","65","133902.81","206022.48","130279.555"
"237","J21","66","134547.1","208208.25","130191.15"
"237","J21","67","135038.92","209734.19","130267.4"
"237","J21","68","135984.08","211967.56","130215.74"
"237","J21","69","137077.2","215306.7","130325.734"
"237","J21","70","138699.02","218863.86","130383.12"
"237","J21","71","140725.11","223722.55","130318.05"
"237","J21","72","143369.1","229204.86","130440.05"
"237","J21","73","146417.58","235487.58","130454.53"
"237","J21","74","149528.1","241688.45","130385.66"
"237","J21","75","152836.8","248105.53","130328.3"
"237","J21","76","156443.9","254629.72","130590.984"
"237","J21","77","160298.06","261555.95","130711.18"
"237","J21","78","163950.34","269156.62","130699.3"
"237","J21","79","168063.72","275954.66","130814.11"
"237","J21","80","171999.0","282928.97","130960.375"
"237","J21","81","176482.03","289821.7","131194.17"
"237","J21","82","181148.34","296501.06","131332.33"
"237","J21","83","186072.16","303581.88","131344.86"
"237","J21","84","190852.89","311031.5","131228.78"
"237","J21","85","196216.45","317996.12","131242.67"
"237","J21","86","201744.36","325251.28","131148.23"
"237","J21","87","207425.61","332175.75","131173.86"
"237","J21","88","213133.75","338904.28","131509.05"
"237","J21","89","219386.97","346178.34","131743.19"
"237","J21","90","225042.3","352179.4","131636.02"
"238","J22","1","60559.082","63064.176","128514.266"
"238","J22","2","60343.797","63187.426","128515.805"
"238","J22","3","60255.77","63548.137","128549.914"
"238","J22","4","60327.203","63992.086","128514.09"
"238","J22","5","60310.74","64415.484","128524.39"
"238","J22","6","60256.52","64517.77","128605.26"
"238","J22","7","60273.3","65037.76","128554.945"
"238","J22","8","60399.363","65497.363","128580.03"
"238","J22","9","60393.574","65568.77","128821.12"
"238","J22","10","60350.273","65711.74","128932.35"
"238","J22","11","60294.973","65640.59","128850.56"
"238","J22","12","60326.41","65738.44","128802.29"
"238","J22","13","60543.754","65969.836","128894.4"
"238","J22","14","60638.027","66031.68","129039.15"
"238","J22","15","60947.395","66106.766","129120.03"
"238","J22","16","60963.258","66609.25","129153.03"
"238","J22","17","61102.082","66932.96","129060.75"
"238","J22","18","61870.47","67583.14","128966.78"
"238","J22","19","63019.79","68553.61","128883.984"
"238","J22","20","64649.863","70854.42","128888.945"
"238","J22","21","67351.28","74412.92","129166.12"
"238","J22","22","71494.24","80063.03","129314.32"
"238","J22","23","76508.73","88862.9","129371.445"
"238","J22","24","82121.71","99239.2","129608.07"
"238","J22","25","87425.96","111117.06","130031.82"
"238","J22","26","92587.28","122941.1","130555.87"
"238","J22","27","97416.695","133809.84","130786.91"
"238","J22","28","101558.875","143527.3","130708.125"
"238","J22","29","105518.24","151248.72","130730.56"
"238","J22","30","109203.195","157512.88","130842.2"
"238","J22","31","112086.945","162494.64","130905.01"
"238","J22","32","114230.09","166323.86","131093.39"
"238","J22","33","115502.44","168977.05","131133.42"
"238","J22","34","116888.38","170993.08","131050.82"
"238","J22","35","117731.805","172755.27","131170.97"
"238","J22","36","118411.39","174420.4","131179.2"
"238","J22","37","118995.68","175887.12","131374.0"
"238","J22","38","119522.03","177522.98","131300.97"
"238","J22","39","120131.19","179089.33","131208.42"
"238","J22","40","120467.98","180581.02","131260.11"
"238","J22","41","120891.516","181670.56","131291.47"
"238","J22","42","121496.734","182850.78","131307.27"
"238","J22","43","121721.586","184579.11","131426.33"
"238","J22","44","121961.02","185990.81","131373.55"
"238","J22","45","122318.46","187429.2","131416.17"
"238","J22","46","122775.38","188557.94","131333.52"
"238","J22","47","123169.76","189859.38","131464.78"
"238","J22","48","123384.63","190937.8","131611.8"
"238","J22","49","123537.21","192161.23","131496.73"
"238","J22","50","123878.43","193621.55","131497.83"
"238","J22","51","124187.336","194517.3","131748.6"
"238","J22","52","124520.43","195410.5","131769.9"
"238","J22","53","124593.84","196623.19","131625.17"
"238","J22","54","124712.82","197976.17","131574.67"
"238","J22","55","125407.61","199235.94","131449.4"
"238","J22","56","125458.04","200444.14","131459.27"
"238","J22","57","125648.945","201520.44","131401.42"
"238","J22","58","126191.87","202471.97","131345.36"
"238","J22","59","126269.14","203719.6","131682.11"
"238","J22","60","126503.97","204845.33","131732.62"
"238","J22","61","126431.086","206108.66","131637.61"
"238","J22","62","126950.76","207259.28","131702.14"
"238","J22","63","127276.39","208536.25","131669.44"
"238","J22","64","127534.23","210047.03","131566.67"
"238","J22","65","127781.34","211253.78","131683.34"
"238","J22","66","128299.85","212433.23","131704.14"
"238","J22","67","128599.94","213490.56","131588.83"
"238","J22","68","129185.68","215322.66","131639.4"
"238","J22","69","129521.15","217974.1","131616.3"
"238","J22","70","130535.68","220891.3","131704.97"
"238","J22","71","131808.88","224233.5","131682.12"
"238","J22","72","133315.95","228474.92","131859.0"
"238","J22","73","135147.16","233319.08","131894.08"
"238","J22","74","137339.53","238857.4","132280.27"
"238","J22","75","139964.36","245639.92","132458.48"
"238","J22","76","142620.61","251835.95","132399.12"
"238","J22","77","145527.4","258843.98","132394.53"
"238","J22","78","148673.92","265678.84","132570.0"
"238","J22","79","151631.03","272628.88","132563.75"
"238","J22","80","154900.25","279665.2","132687.72"
"238","J22","81","158256.55","286751.56","132612.27"
"238","J22","82","162022.89","294324.62","132844.61"
"238","J22","83","165858.62","301089.62","133228.78"
"238","J22","84","169675.44","308364.97","133147.33"
"238","J22","85","173767.67","315433.28","133120.97"
"238","J22","86","178381.6","322284.12","133259.62"
"238","J22","87","183203.48","329475.2","133776.84"
"238","J22","88","187875.25","336283.5","133759.83"
"238","J22","89","193156.28","343407.94","133776.08"
"238","J22","90","197967.89","349474.8","133768.83"
"239","J23","1","70960.76","67340.69","127599.0"
"239","J23","2","70654.33","67429.47","127462.875"
"239","J23","3","70130.25","68095.0","127256.89"
"239","J23","4","69897.99","68528.414","127137.86"
"239","J23","5","69781.7","68837.61","127061.836"
"239","J23","6","69691.945","69135.195","127058.72"
"239","J23","7","69482.08","69445.49","127109.65"
"239","J23","8","69398.84","69821.07","127141.57"
"239","J23","9","69493.14","69853.36","126989.44"
"239","J23","10","69530.266","70071.64","126697.766"
"239","J23","11","69268.164","70116.234","126658.06"
"239","J23","12","68942.98","70134.71","126786.445"
"239","J23","13","68912.36","70215.51","126668.484"
"239","J23","14","69087.3","70208.55","126640.36"
"239","J23","15","69249.37","70384.75","126738.3"
"239","J23","16","69529.96","70566.586","126711.195"
"239","J23","17","69795.85","71137.3","126600.98"
"239","J23","18","70273.516","71709.44","126607.555"
"239","J23","19","71224.234","72832.016","126738.48"
"239","J23","20","72870.01","74845.17","126787.36"
"239","J23","21","75803.37","78283.664","126960.66"
"239","J23","22","79911.78","84082.15","127036.93"
"239","J23","23","85078.28","91919.5","127328.83"
"239","J23","24","90764.06","102063.484","127317.69"
"239","J23","25","96152.875","113435.79","127293.13"
"239","J23","26","100814.195","124654.13","127548.5"
"239","J23","27","105006.88","135214.58","127694.055"
"239","J23","28","108648.48","144415.78","127719.38"
"239","J23","29","111530.97","152178.03","127903.99"
"239","J23","30","113926.33","158370.73","128158.17"
"239","J23","31","116011.0","163342.7","128201.14"
"239","J23","32","117526.51","167327.95","128191.805"
"239","J23","33","118693.27","170271.14","128267.625"
"239","J23","34","119817.25","172573.94","128404.16"
"239","J23","35","120329.96","174459.38","128430.65"
"239","J23","36","120827.26","175907.5","128248.38"
"239","J23","37","121261.48","177530.64","127982.93"
"239","J23","38","121702.3","179081.34","127929.84"
"239","J23","39","122135.29","180413.7","128254.47"
"239","J23","40","122351.95","181935.84","128273.56"
"239","J23","41","122530.805","183725.34","128396.07"
"239","J23","42","122821.38","184747.95","128437.26"
"239","J23","43","123022.58","186079.94","128384.26"
"239","J23","44","123459.34","187074.34","128564.6"
"239","J23","45","123368.72","188312.58","128638.4"
"239","J23","46","123632.69","189708.0","128624.26"
"239","J23","47","123926.99","191079.38","128501.2"
"239","J23","48","123942.914","192147.44","128410.84"
"239","J23","49","124209.914","193436.06","128322.73"
"239","J23","50","124325.25","194600.64","128403.68"
"239","J23","51","124520.99","195801.33","128404.914"
"239","J23","52","124597.87","196786.64","128509.99"
"239","J23","53","124859.37","197974.27","128497.01"
"239","J23","54","125256.52","199189.88","128465.29"
"239","J23","55","125227.71","200139.97","128542.41"
"239","J23","56","125161.74","201314.14","128587.27"
"239","J23","57","125156.055","202490.08","128562.625"
"239","J23","58","125495.29","203423.55","128471.62"
"239","J23","59","125787.28","204668.75","128519.26"
"239","J23","60","125923.945","205839.25","128421.35"
"239","J23","61","125892.3","206737.73","128295.016"
"239","J23","62","126069.83","207961.3","128327.305"
"239","J23","63","126296.8","209109.92","128461.805"
"239","J23","64","126420.36","210062.14","128502.51"
"239","J23","65","126612.31","210900.89","128445.79"
"239","J23","66","126723.15","212400.1","128356.54"
"239","J23","67","127022.445","213733.81","128493.11"
"239","J23","68","127132.18","215057.22","128661.56"
"239","J23","69","127219.66","217036.28","128570.95"
"239","J23","70","127453.836","219198.02","128487.58"
"239","J23","71","127997.59","221516.16","128489.36"
"239","J23","72","128612.516","224868.81","128413.99"
"239","J23","73","129309.84","229378.8","128477.875"
"239","J23","74","130186.125","234557.55","128684.44"
"239","J23","75","131187.23","240618.06","128876.4"
"239","J23","76","132838.36","246854.86","128794.14"
"239","J23","77","134353.39","253574.62","128753.336"
"239","J23","78","136361.03","260332.39","128827.555"
"239","J23","79","138394.5","267896.03","129106.51"
"239","J23","80","140249.89","274908.34","129225.98"
"239","J23","81","142495.55","282512.6","129403.375"
"239","J23","82","144799.31","289719.28","129427.49"
"239","J23","83","146968.62","297030.88","129587.72"
"239","J23","84","149744.88","304657.56","129532.63"
"239","J23","85","152716.23","312073.62","129670.125"
"239","J23","86","155734.6","319529.06","129950.984"
"239","J23","87","158927.67","326784.25","129968.664"
"239","J23","88","162332.62","334533.34","129970.76"
"239","J23","89","166169.9","342556.9","130079.22"
"239","J23","90","169445.48","348872.78","130146.78"
"240","J24","1","74947.664","69532.65","135819.11"
"240","J24","2","74832.86","69607.27","135663.98"
"240","J24","3","74609.25","70522.4","135538.9"
"240","J24","4","74491.7","71215.86","135465.23"
"240","J24","5","74333.7","71609.72","135234.55"
"240","J24","6","74299.92","72129.03","135215.28"
"240","J24","7","74368.27","72237.336","135379.81"
"240","J24","8","74555.75","72315.76","135412.58"
"240","J24","9","74554.87","72630.84","135459.39"
"240","J24","10","74491.66","72719.94","135534.39"
"240","J24","11","74414.37","72716.94","135581.02"
"240","J24","12","74419.28","72628.02","135558.62"
"240","J24","13","74606.97","72856.96","135496.77"
"240","J24","14","74720.266","73124.82","135405.33"
"240","J24","15","74795.29","73219.03","135217.12"
"240","J24","16","75036.78","73401.13","135207.8"
"240","J24","17","75371.03","73657.64","135350.19"
"240","J24","18","76115.77","74335.69","135352.12"
"240","J24","19","77202.7","75492.68","135365.52"
"240","J24","20","78997.46","77480.81","135447.77"
"240","J24","21","82051.3","81123.07","135411.5"
"240","J24","22","86550.14","86949.28","135325.56"
"240","J24","23","92303.03","95273.63","135301.95"
"240","J24","24","98506.36","106050.69","135467.73"
"240","J24","25","104576.336","118059.625","135885.38"
"240","J24","26","109915.586","129882.4","136184.94"
"240","J24","27","114235.375","141244.45","136443.44"
"240","J24","28","117579.61","151630.28","136600.23"
"240","J24","29","120310.07","160372.81","136793.84"
"240","J24","30","122252.75","167454.48","136785.23"
"240","J24","31","123757.57","173358.72","136932.4"
"240","J24","32","124921.01","177794.53","136976.1"
"240","J24","33","125411.7","181250.47","137166.92"
"240","J24","34","126065.94","184134.05","137306.0"
"240","J24","35","126436.07","186522.11","137338.27"
"240","J24","36","126834.65","188414.64","137296.06"
"240","J24","37","127222.69","190120.94","137261.27"
"240","J24","38","127542.27","192025.94","137167.64"
"240","J24","39","127777.96","193731.33","137256.58"
"240","J24","40","128088.7","195344.67","137353.83"
"240","J24","41","128391.055","196782.3","137263.39"
"240","J24","42","128608.97","198007.03","137271.64"
"240","J24","43","128679.73","199647.81","137317.02"
"240","J24","44","128821.484","201093.9","137233.81"
"240","J24","45","128934.45","202503.44","137297.25"
"240","J24","46","129041.98","203768.94","137331.6"
"240","J24","47","129128.945","205130.92","137154.97"
"240","J24","48","129289.73","206285.95","137053.84"
"240","J24","49","129416.734","207745.95","137199.9"
"240","J24","50","129610.39","208913.17","137069.39"
"240","J24","51","129551.22","210420.89","136986.4"
"240","J24","52","129646.2","211796.72","137199.12"
"240","J24","53","129707.29","212991.58","137161.84"
"240","J24","54","129896.555","214181.78","137183.33"
"240","J24","55","130015.39","215482.94","137194.39"
"240","J24","56","129913.31","216722.12","137258.42"
"240","J24","57","130078.62","217824.98","137130.69"
"240","J24","58","130349.664","219142.5","137016.75"
"240","J24","59","130523.99","220230.5","137140.89"
"240","J24","60","130585.81","221408.94","137279.81"
"240","J24","61","130579.47","222574.16","137229.3"
"240","J24","62","130715.92","223503.83","137162.56"
"240","J24","63","130602.28","224674.34","137330.52"
"240","J24","64","130614.6","225840.69","137134.75"
"240","J24","65","130810.336","226898.34","136986.39"
"240","J24","66","130970.23","228082.86","137117.52"
"240","J24","67","130996.766","229426.45","137370.42"
"240","J24","68","131100.78","230456.16","137158.3"
"240","J24","69","130977.984","231036.52","137012.78"
"240","J24","70","131073.77","232195.36","137082.73"
"240","J24","71","131368.73","233356.47","137058.4"
"240","J24","72","131541.86","234721.44","137289.64"
"240","J24","73","131535.22","235871.78","137415.48"
"240","J24","74","131458.31","236529.8","137334.03"
"240","J24","75","131503.88","237886.06","137321.14"
"240","J24","76","131595.95","239244.38","137135.66"
"240","J24","77","131678.2","240350.25","136984.45"
"240","J24","78","131639.22","241401.94","136954.23"
"240","J24","79","131653.31","242692.14","136864.11"
"240","J24","80","131760.05","243821.52","136828.9"
"240","J24","81","131735.3","245562.84","137042.08"
"240","J24","82","131805.4","247683.56","137354.45"
"240","J24","83","132094.47","250029.66","137307.8"
"240","J24","84","131937.34","252918.47","137181.61"
"240","J24","85","132055.88","256565.64","137240.08"
"240","J24","86","132177.02","261032.22","137342.03"
"240","J24","87","132177.22","266371.28","137345.58"
"240","J24","88","131859.7","272887.38","137613.5"
"240","J24","89","132075.44","279969.12","137735.75"
"240","J24","90","132144.55","286005.8","137644.19"
"241","K1","1","71692.516","58307.254","137714.86"
"241","K1","2","71382.38","58334.05","137502.27"
"241","K1","3","70928.92","58666.23","136913.9"
"241","K1","4","70727.375","58929.37","136545.25"
"241","K1","5","70647.06","59194.168","136344.86"
"241","K1","6","70690.3","59374.3","136309.61"
"241","K1","7","70943.516","59378.953","136366.03"
"241","K1","8","71137.19","59556.31","136388.48"
"241","K1","9","71556.52","59604.605","136367.8"
"241","K1","10","72476.21","59875.797","136373.28"
"241","K1","11","74215.04","60196.7","136412.28"
"241","K1","12","77544.42","60660.1","136476.9"
"241","K1","13","83269.6","61421.875","136476.61"
"241","K1","14","91840.03","62608.473","136457.62"
"241","K1","15","103927.26","64588.64","136307.6"
"241","K1","16","119252.445","67914.2","136329.17"
"241","K1","17","137187.0","73029.94","136570.47"
"241","K1","18","156481.44","80538.28","136622.34"
"241","K1","19","175828.92","89513.56","136746.77"
"241","K1","20","194120.23","98902.34","136727.88"
"241","K1","21","209255.38","107157.92","136655.8"
"241","K1","22","221650.14","113856.625","136656.98"
"241","K1","23","230422.1","118828.86","136894.3"
"241","K1","24","237397.03","122208.695","136972.25"
"241","K1","25","243069.56","124695.9","137011.72"
"241","K1","26","247363.16","126575.25","136956.3"
"241","K1","27","250537.12","128394.31","136791.86"
"241","K1","28","252730.73","130239.75","136742.55"
"241","K1","29","254604.6","131899.31","136879.33"
"241","K1","30","256288.61","133381.16","136894.17"
"241","K1","31","257893.8","134648.36","137014.27"
"241","K1","32","258952.52","135887.2","136975.31"
"241","K1","33","259271.64","137269.67","136910.45"
"241","K1","34","260074.11","138475.66","136798.75"
"241","K1","35","260823.38","139739.56","136764.78"
"241","K1","36","261910.53","140526.44","136948.38"
"241","K1","37","262615.66","141663.27","137040.1"
"241","K1","38","262983.5","142809.12","137001.95"
"241","K1","39","263297.94","143756.5","137046.67"
"241","K1","40","264263.0","144805.72","137021.9"
"241","K1","41","264241.0","146357.05","136989.53"
"241","K1","42","264883.72","147307.11","137159.08"
"241","K1","43","265742.16","148208.2","137219.45"
"241","K1","44","266102.38","149282.81","137026.94"
"241","K1","45","266727.56","150147.4","136770.5"
"241","K1","46","266913.78","151388.81","136710.55"
"241","K1","47","267282.03","152299.78","136870.83"
"241","K1","48","268119.75","153380.6","136935.72"
"241","K1","49","268393.12","154472.19","137045.1"
"241","K1","50","269248.2","155379.34","136992.84"
"241","K1","51","269813.2","156181.39","136909.28"
"241","K1","52","270322.9","157559.17","136866.19"
"241","K1","53","271297.56","158925.39","136964.16"
"241","K1","54","273040.75","160291.5","136923.73"
"241","K1","55","274128.44","161799.88","136872.94"
"241","K1","56","275751.4","163652.27","136817.7"
"241","K1","57","278040.62","165689.62","136841.7"
"241","K1","58","280963.97","168245.7","136819.23"
"241","K1","59","284645.62","171153.1","136743.02"
"241","K1","60","288379.7","174633.47","136737.17"
"241","K1","61","292900.22","178172.06","136957.23"
"241","K1","62","298312.66","181849.73","136978.38"
"241","K1","63","303712.84","186408.42","137058.3"
"241","K1","64","309826.66","191158.72","137005.7"
"241","K1","65","316292.66","195984.6","136943.48"
"241","K1","66","322572.12","201288.23","136916.19"
"241","K1","67","329341.4","206770.72","136988.0"
"241","K1","68","336612.66","211851.56","137013.5"
"241","K1","69","343696.16","217317.77","137016.33"
"241","K1","70","350362.5","223188.8","136957.42"
"241","K1","71","356772.25","228954.12","137029.55"
"241","K1","72","362936.66","234763.1","137295.17"
"241","K1","73","369798.8","240759.27","137314.9"
"241","K1","74","377022.5","246599.17","137299.19"
"241","K1","75","382694.16","252875.08","137281.77"
"241","K1","76","389046.47","258996.67","137225.53"
"241","K1","77","395719.97","265350.62","137160.55"
"241","K1","78","401121.7","271442.0","137220.73"
"241","K1","79","406960.66","277279.38","137210.84"
"241","K1","80","413387.38","282834.25","137201.14"
"241","K1","81","419431.56","288646.75","137155.75"
"241","K1","82","424714.28","295214.3","137230.58"
"241","K1","83","429615.56","301177.28","137237.23"
"241","K1","84","434735.9","306264.3","137396.81"
"241","K1","85","440039.53","311640.25","137282.86"
"241","K1","86","444505.25","316873.47","137164.33"
"241","K1","87","448714.34","322507.75","137116.02"
"241","K1","88","452799.75","327443.9","137037.11"
"241","K1","89","456065.53","331851.1","136991.28"
"241","K1","90","459094.38","336524.66","136919.25"
"242","K2","1","70508.29","58874.348","135711.47"
"242","K2","2","70230.04","58898.266","135316.69"
"242","K2","3","69902.445","59185.54","134905.33"
"242","K2","4","69778.52","59349.707","134638.61"
"242","K2","5","69620.32","59497.547","134416.19"
"242","K2","6","69586.57","59803.918","134303.4"
"242","K2","7","69624.26","59932.324","134173.56"
"242","K2","8","69759.336","60016.168","133902.83"
"242","K2","9","70179.39","60203.344","133879.0"
"242","K2","10","71116.0","60374.184","134072.36"
"242","K2","11","72917.984","60525.82","134088.88"
"242","K2","12","76223.4","60958.234","134103.33"
"242","K2","13","81530.766","61859.61","134028.23"
"242","K2","14","89760.06","63158.168","133850.27"
"242","K2","15","101141.43","65479.395","133875.38"
"242","K2","16","114947.01","69232.03","134141.47"
"242","K2","17","130214.17","74956.07","134184.34"
"242","K2","18","146247.69","82701.734","134257.97"
"242","K2","19","162578.42","92724.24","134232.28"
"242","K2","20","178637.11","102902.32","134207.17"
"242","K2","21","193135.33","112274.695","134319.39"
"242","K2","22","205617.27","119672.08","134300.8"
"242","K2","23","215313.39","125086.34","134318.95"
"242","K2","24","222488.78","128806.84","134384.08"
"242","K2","25","227237.28","131768.31","134486.1"
"242","K2","26","231231.27","133732.84","134535.97"
"242","K2","27","233912.2","135851.72","134300.02"
"242","K2","28","235544.16","137956.62","134245.62"
"242","K2","29","237409.25","139430.86","134458.33"
"242","K2","30","239006.19","140951.19","134470.05"
"242","K2","31","240385.72","142150.9","134437.0"
"242","K2","32","241357.4","143516.23","134477.14"
"242","K2","33","242676.81","144998.53","134511.9"
"242","K2","34","243558.02","146389.86","134611.28"
"242","K2","35","243626.14","147825.53","134493.67"
"242","K2","36","244006.3","148872.33","134405.75"
"242","K2","37","244889.58","149869.9","134463.31"
"242","K2","38","245470.6","151172.0","134594.4"
"242","K2","39","246036.25","152306.81","134546.45"
"242","K2","40","246184.22","153594.25","134482.38"
"242","K2","41","246980.66","154690.56","134530.72"
"242","K2","42","247931.36","155495.56","134519.42"
"242","K2","43","248203.67","156533.39","134606.25"
"242","K2","44","248589.66","157508.42","134562.75"
"242","K2","45","248793.11","158684.58","134554.7"
"242","K2","46","249320.5","159743.06","134582.1"
"242","K2","47","249641.98","160898.84","134533.72"
"242","K2","48","249957.78","161787.25","134544.64"
"242","K2","49","250646.39","162848.5","134521.2"
"242","K2","50","251173.5","163884.22","134621.84"
"242","K2","51","251792.02","164705.39","134554.23"
"242","K2","52","252455.34","165513.55","134497.64"
"242","K2","53","252296.22","166768.94","134601.92"
"242","K2","54","252370.72","167783.95","134600.92"
"242","K2","55","253048.56","168705.62","134604.3"
"242","K2","56","253387.33","169520.95","134549.1"
"242","K2","57","253864.98","170867.45","134438.67"
"242","K2","58","254130.14","171733.42","134282.22"
"242","K2","59","255074.0","172612.81","134210.86"
"242","K2","60","255799.88","173965.98","134277.55"
"242","K2","61","256223.23","175340.28","134425.27"
"242","K2","62","257302.23","176589.28","134494.5"
"242","K2","63","259216.97","178772.88","134465.62"
"242","K2","64","261198.47","180855.62","134507.06"
"242","K2","65","264173.16","183673.7","134444.9"
"242","K2","66","267792.94","187031.31","134428.2"
"242","K2","67","271730.53","191191.0","134618.88"
"242","K2","68","276263.84","195989.38","134635.5"
"242","K2","69","282260.62","201534.95","134551.86"
"242","K2","70","288855.47","207184.17","134518.3"
"242","K2","71","295143.88","213551.75","134544.1"
"242","K2","72","302571.38","219944.16","134487.6"
"242","K2","73","308950.62","226589.73","134467.16"
"242","K2","74","315673.16","233417.45","134443.5"
"242","K2","75","322561.78","240270.45","134433.56"
"242","K2","76","330050.44","247226.86","134495.58"
"242","K2","77","336658.25","253892.83","134469.3"
"242","K2","78","343847.34","260990.45","134515.73"
"242","K2","79","351069.56","268433.16","134534.2"
"242","K2","80","358673.34","275633.84","134762.08"
"242","K2","81","366739.28","283121.22","134707.98"
"242","K2","82","373794.78","290611.47","134608.12"
"242","K2","83","380974.88","298063.06","134601.8"
"242","K2","84","388744.25","305586.12","134687.44"
"242","K2","85","396941.84","313518.28","134815.84"
"242","K2","86","404927.3","320974.62","134619.42"
"242","K2","87","412998.38","328329.22","134515.06"
"242","K2","88","421829.94","336184.22","134605.22"
"242","K2","89","430301.78","344220.78","134761.92"
"242","K2","90","437416.62","350323.62","134910.47"
"243","K3","1","64103.36","59353.72","139811.75"
"243","K3","2","63817.008","59390.605","139383.98"
"243","K3","3","63458.49","59850.75","138833.8"
"243","K3","4","63328.086","60227.305","138633.16"
"243","K3","5","63260.746","60473.73","138580.23"
"243","K3","6","63172.223","60516.203","138649.58"
"243","K3","7","63241.03","60587.78","138587.64"
"243","K3","8","63670.94","60734.145","138483.88"
"243","K3","9","64103.13","60988.37","138360.34"
"243","K3","10","64845.14","61232.816","138305.02"
"243","K3","11","66632.12","61520.523","138289.28"
"243","K3","12","69732.62","61810.62","138264.34"
"243","K3","13","75038.93","62556.566","138245.55"
"243","K3","14","83050.95","63934.5","138192.23"
"243","K3","15","94063.125","66147.086","138228.6"
"243","K3","16","107227.266","69821.766","138440.7"
"243","K3","17","121236.14","75569.34","138541.05"
"243","K3","18","135200.0","83922.22","138688.14"
"243","K3","19","149191.64","94165.695","138669.61"
"243","K3","20","163166.75","105357.99","138695.4"
"243","K3","21","177048.6","115800.52","138833.03"
"243","K3","22","189430.5","124632.516","138804.23"
"243","K3","23","199852.86","131328.58","138828.03"
"243","K3","24","207782.95","136139.97","139056.83"
"243","K3","25","213393.23","139696.19","139176.48"
"243","K3","26","217051.17","142366.77","139131.58"
"243","K3","27","219911.61","144444.42","139156.19"
"243","K3","28","221829.9","146465.45","139138.45"
"243","K3","29","224060.06","148159.47","139223.4"
"243","K3","30","225464.81","149708.83","139228.44"
"243","K3","31","226968.05","150960.0","139242.77"
"243","K3","32","227927.5","152470.86","139279.62"
"243","K3","33","228406.44","153827.02","139304.77"
"243","K3","34","229522.98","155108.39","139267.03"
"243","K3","35","230220.0","156624.02","139312.61"
"243","K3","36","230672.3","157932.17","139233.69"
"243","K3","37","231267.58","159153.05","139140.86"
"243","K3","38","231588.12","160341.64","139109.98"
"243","K3","39","232089.34","161531.64","139312.55"
"243","K3","40","232720.11","162566.19","139289.61"
"243","K3","41","233628.52","163636.44","139267.47"
"243","K3","42","233403.38","164727.81","139233.45"
"243","K3","43","233473.12","165839.55","139377.81"
"243","K3","44","234621.27","166741.73","139340.95"
"243","K3","45","235777.97","167756.06","139263.38"
"243","K3","46","235800.16","168951.34","139187.95"
"243","K3","47","236834.73","170089.38","139183.48"
"243","K3","48","237047.1","171298.03","139124.75"
"243","K3","49","236716.5","172278.0","139192.12"
"243","K3","50","237655.73","173096.64","139310.55"
"243","K3","51","237458.77","174132.67","139278.36"
"243","K3","52","238322.22","175085.12","139331.66"
"243","K3","53","238881.38","175948.75","139256.55"
"243","K3","54","239220.3","177044.73","139170.48"
"243","K3","55","239184.05","178111.66","139118.53"
"243","K3","56","239347.69","179016.73","139125.31"
"243","K3","57","240120.6","180108.61","139089.38"
"243","K3","58","240350.92","180968.0","139108.77"
"243","K3","59","241457.36","181868.02","139227.5"
"243","K3","60","242178.08","183143.7","139136.77"
"243","K3","61","242239.36","184361.22","139067.6"
"243","K3","62","243107.75","185665.16","139188.19"
"243","K3","63","244694.81","187268.9","139198.02"
"243","K3","64","246375.11","189443.78","139104.78"
"243","K3","65","248109.23","191930.14","139027.31"
"243","K3","66","251515.06","195009.48","139058.27"
"243","K3","67","254701.48","198992.77","139043.62"
"243","K3","68","258788.67","203502.0","139212.39"
"243","K3","69","263831.8","208770.55","139294.02"
"243","K3","70","269227.72","214766.61","139335.25"
"243","K3","71","275073.97","221390.9","139389.9"
"243","K3","72","280960.72","228141.27","139323.52"
"243","K3","73","287007.8","234970.94","139353.8"
"243","K3","74","293647.47","242404.31","139563.19"
"243","K3","75","300467.75","249440.95","139560.75"
"243","K3","76","306114.22","256580.86","139549.4"
"243","K3","77","312490.28","264270.4","139633.86"
"243","K3","78","319173.53","271597.8","139795.1"
"243","K3","79","325470.5","278946.5","139765.38"
"243","K3","80","331896.84","286438.75","139713.77"
"243","K3","81","338748.3","293693.53","139950.88"
"243","K3","82","346052.88","301159.7","140032.69"
"243","K3","83","352273.34","308753.12","139866.73"
"243","K3","84","358981.22","316576.88","139793.19"
"243","K3","85","366270.84","324097.1","140027.78"
"243","K3","86","373507.5","331736.2","140050.1"
"243","K3","87","381137.34","339039.12","140181.67"
"243","K3","88","389378.8","347089.72","140295.77"
"243","K3","89","397996.1","354983.88","140233.88"
"243","K3","90","404636.56","361371.56","140100.25"
"244","K4","1","66378.59","60624.79","140998.47"
"244","K4","2","66109.14","60649.883","140749.52"
"244","K4","3","65832.555","61002.887","140403.8"
"244","K4","4","65810.414","61411.598","140148.36"
"244","K4","5","65879.2","61649.26","139800.27"
"244","K4","6","65888.43","61740.387","139729.55"
"244","K4","7","65970.81","61924.242","139792.36"
"244","K4","8","66281.7","61978.473","139896.1"
"244","K4","9","66687.38","62199.047","139918.22"
"244","K4","10","67579.195","62282.434","139883.53"
"244","K4","11","69352.59","62749.293","139857.33"
"244","K4","12","72410.36","62989.887","139830.72"
"244","K4","13","77725.63","63808.91","139836.72"
"244","K4","14","85644.875","65188.54","139875.53"
"244","K4","15","96332.98","67566.914","139992.31"
"244","K4","16","109164.13","71161.56","139874.47"
"244","K4","17","122627.164","77132.55","139864.17"
"244","K4","18","135592.64","85723.484","140127.36"
"244","K4","19","147988.3","96236.484","140403.17"
"244","K4","20","160196.55","108018.44","140447.45"
"244","K4","21","172256.16","119404.305","140666.45"
"244","K4","22","183793.48","129535.4","140841.73"
"244","K4","23","194059.27","137692.05","141031.11"
"244","K4","24","202407.72","143584.22","141110.4"
"244","K4","25","208465.25","147953.53","141213.7"
"244","K4","26","213034.14","151489.5","141186.05"
"244","K4","27","216033.02","153964.55","141207.81"
"244","K4","28","218347.7","156011.69","141134.78"
"244","K4","29","220044.83","158074.64","141049.72"
"244","K4","30","221540.02","159591.56","141134.39"
"244","K4","31","222706.2","161324.86","141281.36"
"244","K4","32","224010.56","162819.1","141258.12"
"244","K4","33","224775.67","164143.39","141396.34"
"244","K4","34","225648.55","165388.66","141427.86"
"244","K4","35","226458.64","166741.56","141431.48"
"244","K4","36","226814.39","168328.08","141450.45"
"244","K4","37","227244.72","169655.75","141395.81"
"244","K4","38","227706.39","170756.92","141375.36"
"244","K4","39","228351.16","172064.02","141383.69"
"244","K4","40","229116.31","173043.95","141420.03"
"244","K4","41","229639.34","174169.4","141369.75"
"244","K4","42","229972.67","175239.66","141389.36"
"244","K4","43","231064.05","176495.12","141546.1"
"244","K4","44","231047.92","177646.8","141626.1"
"244","K4","45","231259.0","178625.19","141487.92"
"244","K4","46","231961.16","179627.66","141368.64"
"244","K4","47","232708.56","180587.81","141450.47"
"244","K4","48","232870.58","181729.0","141548.84"
"244","K4","49","233066.7","182896.98","141483.5"
"244","K4","50","233676.31","183877.45","141507.98"
"244","K4","51","234137.45","184986.5","141420.92"
"244","K4","52","234305.66","185969.34","141379.56"
"244","K4","53","234604.78","186663.64","141322.36"
"244","K4","54","234980.1","187799.47","141455.45"
"244","K4","55","235257.89","188664.7","141386.11"
"244","K4","56","235496.83","189656.36","141296.95"
"244","K4","57","236311.33","190949.42","141394.11"
"244","K4","58","236767.52","191934.33","141330.94"
"244","K4","59","236608.06","192906.72","141331.19"
"244","K4","60","237405.38","194067.11","141377.62"
"244","K4","61","237869.92","195127.03","141498.14"
"244","K4","62","238678.95","196098.95","141475.22"
"244","K4","63","240192.23","197365.72","141652.88"
"244","K4","64","241168.47","199299.6","141702.77"
"244","K4","65","242271.64","201376.03","141664.19"
"244","K4","66","244460.1","203852.17","141562.27"
"244","K4","67","247152.42","206948.78","141611.78"
"244","K4","68","250625.33","210902.06","141675.98"
"244","K4","69","254110.95","215310.7","141579.64"
"244","K4","70","258522.23","220871.22","141577.34"
"244","K4","71","264272.8","227089.61","141689.0"
"244","K4","72","269033.72","234180.55","141672.16"
"244","K4","73","274417.28","241338.62","141674.7"
"244","K4","74","280384.7","248864.28","141888.42"
"244","K4","75","286400.9","256714.88","141998.08"
"244","K4","76","292435.47","264442.0","141927.11"
"244","K4","77","298019.72","272452.75","142014.58"
"244","K4","78","304052.5","280518.6","142068.8"
"244","K4","79","310707.06","288374.38","142224.98"
"244","K4","80","316951.78","296297.4","142184.34"
"244","K4","81","323034.1","304448.3","142327.47"
"244","K4","82","329977.9","312678.56","142697.62"
"244","K4","83","337189.5","320735.8","142722.03"
"244","K4","84","344621.34","328922.4","142603.0"
"244","K4","85","352049.44","337016.0","142584.52"
"244","K4","86","359641.0","344939.22","142700.33"
"244","K4","87","368057.5","353059.44","142730.34"
"244","K4","88","375920.97","361482.25","142782.22"
"244","K4","89","383857.72","369851.78","142868.23"
"244","K4","90","391168.25","376402.5","142994.8"
"245","K5","1","68364.48","61970.027","137800.03"
"245","K5","2","68173.37","61971.215","137519.84"
"245","K5","3","67940.83","62023.133","137081.45"
"245","K5","4","67579.88","62232.656","136832.36"
"245","K5","5","67147.03","62667.008","136505.64"
"245","K5","6","67086.18","62846.535","136077.38"
"245","K5","7","67227.6","63056.145","135873.31"
"245","K5","8","67406.74","63124.58","135744.95"
"245","K5","9","68031.56","63066.812","135708.1"
"245","K5","10","69027.484","63152.863","135930.16"
"245","K5","11","70875.555","63420.168","135818.16"
"245","K5","12","73827.81","64045.7","135729.45"
"245","K5","13","79054.85","64787.77","135843.33"
"245","K5","14","87055.125","66066.234","135799.47"
"245","K5","15","97906.26","68132.74","135841.56"
"245","K5","16","110638.58","71872.01","135914.19"
"245","K5","17","124027.84","77437.97","135724.73"
"245","K5","18","136391.98","85682.14","135697.86"
"245","K5","19","147687.8","96526.65","136080.06"
"245","K5","20","158334.0","108356.195","136018.11"
"245","K5","21","168319.95","119897.01","135709.22"
"245","K5","22","177937.38","130743.17","135551.38"
"245","K5","23","186982.39","139813.75","135567.64"
"245","K5","24","194712.12","146898.5","135863.0"
"245","K5","25","201156.03","152208.2","135942.61"
"245","K5","26","205747.86","156135.94","135991.6"
"245","K5","27","208673.02","158928.19","135932.33"
"245","K5","28","210911.27","161421.69","135983.36"
"245","K5","29","212842.27","163418.62","135987.34"
"245","K5","30","214393.5","165011.47","135942.81"
"245","K5","31","215517.69","166690.83","135915.44"
"245","K5","32","216468.03","168376.03","135673.22"
"245","K5","33","217370.12","169787.02","135577.88"
"245","K5","34","217866.11","171222.05","135780.98"
"245","K5","35","218606.34","172376.12","135984.97"
"245","K5","36","219015.17","173505.89","135938.67"
"245","K5","37","219696.67","174898.58","135902.92"
"245","K5","38","220197.84","176028.0","135832.23"
"245","K5","39","220716.95","176995.67","135706.88"
"245","K5","40","221002.17","178598.02","135569.95"
"245","K5","41","221669.39","179896.39","135528.75"
"245","K5","42","221987.05","180842.52","135753.19"
"245","K5","43","222222.47","181964.0","135773.47"
"245","K5","44","222600.4","183206.52","135643.73"
"245","K5","45","223057.78","184142.5","135542.77"
"245","K5","46","223754.22","184962.25","135563.34"
"245","K5","47","223954.88","186249.98","135598.83"
"245","K5","48","224344.77","187146.23","135538.25"
"245","K5","49","224598.9","188232.67","135552.83"
"245","K5","50","224857.22","189372.45","135539.69"
"245","K5","51","224985.28","190392.31","135469.66"
"245","K5","52","225328.3","191283.22","135424.42"
"245","K5","53","225873.88","192418.3","135425.28"
"245","K5","54","226175.28","193573.44","135440.86"
"245","K5","55","226545.19","194489.66","135246.47"
"245","K5","56","226720.23","195351.08","135206.56"
"245","K5","57","227034.48","196217.11","135475.69"
"245","K5","58","227202.55","197462.39","135522.88"
"245","K5","59","227808.39","198361.75","135435.55"
"245","K5","60","228318.72","199347.62","135364.69"
"245","K5","61","228545.25","200270.6","135308.53"
"245","K5","62","228727.22","201369.77","135367.67"
"245","K5","63","229222.95","202511.17","135313.92"
"245","K5","64","229669.22","204036.39","135244.03"
"245","K5","65","230475.64","205358.88","135260.95"
"245","K5","66","231822.23","207249.92","135217.12"
"245","K5","67","233376.02","209343.88","135225.27"
"245","K5","68","235120.56","212021.25","135216.61"
"245","K5","69","238059.39","215195.66","135367.12"
"245","K5","70","240711.7","219652.2","135304.58"
"245","K5","71","244044.88","224657.14","135106.75"
"245","K5","72","247975.02","230531.39","134909.88"
"245","K5","73","252229.67","237533.2","134831.69"
"245","K5","74","256986.16","244594.12","134849.14"
"245","K5","75","261825.98","252475.52","134943.4"
"245","K5","76","267084.72","260861.3","134936.03"
"245","K5","77","272320.25","268975.28","134871.95"
"245","K5","78","277990.03","276963.62","134878.77"
"245","K5","79","283397.44","285722.1","135012.92"
"245","K5","80","289128.44","294442.56","134680.25"
"245","K5","81","295080.47","302779.72","134639.72"
"245","K5","82","300296.62","311361.53","134872.88"
"245","K5","83","306521.9","320083.0","134902.22"
"245","K5","84","313128.2","328416.47","134851.34"
"245","K5","85","320420.75","336917.56","134820.61"
"245","K5","86","327357.84","345238.53","134805.1"
"245","K5","87","334615.56","353553.44","134916.16"
"245","K5","88","342112.1","361836.22","134962.89"
"245","K5","89","349828.28","369938.9","134712.3"
"245","K5","90","356665.84","377309.78","134627.67"
"246","K6","1","68864.445","63204.957","141077.17"
"246","K6","2","68548.15","63221.88","140720.69"
"246","K6","3","68219.62","63412.52","140003.78"
"246","K6","4","67761.75","63545.37","139644.39"
"246","K6","5","67673.99","63912.02","139558.42"
"246","K6","6","67780.36","63970.56","139604.1"
"246","K6","7","67910.53","64029.57","139629.56"
"246","K6","8","68220.28","64385.72","139519.97"
"246","K6","9","68614.55","64502.848","139363.7"
"246","K6","10","69522.305","64626.008","139344.78"
"246","K6","11","71340.03","64906.04","139439.78"
"246","K6","12","74574.625","65551.7","139392.53"
"246","K6","13","79757.05","66415.99","139348.95"
"246","K6","14","87586.48","67618.16","139323.62"
"246","K6","15","98379.234","69683.47","139325.98"
"246","K6","16","111396.875","72963.97","139378.69"
"246","K6","17","124800.38","78510.24","139306.89"
"246","K6","18","137266.95","86850.61","139369.78"
"246","K6","19","148198.95","97682.03","139710.75"
"246","K6","20","158278.98","109896.0","139730.61"
"246","K6","21","167375.7","122286.14","139686.94"
"246","K6","22","175949.9","133581.66","139823.42"
"246","K6","23","183829.77","143760.48","140206.31"
"246","K6","24","190912.7","151879.25","140437.2"
"246","K6","25","196565.25","158121.0","140408.53"
"246","K6","26","201027.67","162970.5","140298.23"
"246","K6","27","204076.86","166352.14","140203.83"
"246","K6","28","206286.98","169076.52","140197.11"
"246","K6","29","208148.92","171326.36","140522.53"
"246","K6","30","209487.25","173202.75","140593.02"
"246","K6","31","210652.22","174667.06","140396.39"
"246","K6","32","211246.98","176224.27","140248.6"
"246","K6","33","211904.4","177843.58","140199.69"
"246","K6","34","212871.45","179222.69","140356.02"
"246","K6","35","213433.67","180812.89","140335.86"
"246","K6","36","214118.77","181878.2","140348.77"
"246","K6","37","214582.53","183338.47","140211.95"
"246","K6","38","214805.62","184553.66","140108.4"
"246","K6","39","215049.17","185839.66","140111.23"
"246","K6","40","215818.42","186734.56","140093.61"
"246","K6","41","216407.44","187888.83","140037.58"
"246","K6","42","216482.36","189210.72","140058.03"
"246","K6","43","216672.38","190330.92","139931.88"
"246","K6","44","216926.34","191517.94","139849.89"
"246","K6","45","217368.81","192471.86","139943.88"
"246","K6","46","217899.92","193600.42","140178.45"
"246","K6","47","218184.06","194582.4","140126.73"
"246","K6","48","218605.83","195826.95","140015.11"
"246","K6","49","218832.44","197072.83","139918.0"
"246","K6","50","218889.94","198003.12","139883.05"
"246","K6","51","219173.44","198696.4","140025.05"
"246","K6","52","219435.92","199736.34","139995.69"
"246","K6","53","219726.0","200744.33","139997.36"
"246","K6","54","219977.42","202055.38","140084.67"
"246","K6","55","220510.16","203163.39","140034.11"
"246","K6","56","220727.81","203885.88","139988.36"
"246","K6","57","220726.12","204615.03","139939.12"
"246","K6","58","220815.84","205490.36","139903.94"
"246","K6","59","221209.28","206443.14","139863.33"
"246","K6","60","221695.1","207444.7","139944.11"
"246","K6","61","222099.98","208510.28","139966.97"
"246","K6","62","222468.88","209597.97","139963.56"
"246","K6","63","222470.2","210739.64","139884.53"
"246","K6","64","222614.3","211498.73","139787.17"
"246","K6","65","222955.16","212427.88","139737.31"
"246","K6","66","223652.78","214025.89","139856.48"
"246","K6","67","224736.58","215308.81","139997.31"
"246","K6","68","225767.56","217326.47","139779.9"
"246","K6","69","226519.19","219224.08","139659.73"
"246","K6","70","227810.89","221778.39","139677.08"
"246","K6","71","229273.2","225148.55","139887.23"
"246","K6","72","231392.64","229477.97","139906.16"
"246","K6","73","234093.05","234397.06","139959.27"
"246","K6","74","237853.86","240165.73","139825.86"
"246","K6","75","241329.64","246611.27","139729.83"
"246","K6","76","244706.27","253931.72","139748.7"
"246","K6","77","247826.0","261984.97","139945.22"
"246","K6","78","251586.27","270264.34","139993.16"
"246","K6","79","256028.08","278608.38","139948.75"
"246","K6","80","259856.08","287130.2","140084.25"
"246","K6","81","263419.7","295486.72","140387.05"
"246","K6","82","266408.2","303538.53","140403.77"
"246","K6","83","269978.03","311818.28","140521.64"
"246","K6","84","273848.78","319814.5","140649.1"
"246","K6","85","277807.47","327534.06","140676.7"
"246","K6","86","281528.9","335178.28","140591.08"
"246","K6","87","284612.72","342355.25","140470.27"
"246","K6","88","287648.44","349437.16","140462.45"
"246","K6","89","291355.5","356379.1","140687.22"
"246","K6","90","295120.03","362573.5","140667.69"
"247","K7","1","68643.695","62860.65","139098.2"
"247","K7","2","68231.21","62961.273","138652.27"
"247","K7","3","67713.92","63099.355","138081.42"
"247","K7","4","67571.78","63433.535","137470.34"
"247","K7","5","67451.72","63589.633","137118.53"
"247","K7","6","67441.86","63812.906","137032.5"
"247","K7","7","67532.72","64001.18","137045.72"
"247","K7","8","67706.22","64101.016","137027.89"
"247","K7","9","68296.41","64228.805","136990.0"
"247","K7","10","69136.805","64448.74","137000.27"
"247","K7","11","70701.55","64548.176","137027.94"
"247","K7","12","73728.09","65026.14","136899.34"
"247","K7","13","78880.055","65777.836","136844.2"
"247","K7","14","86632.945","66608.625","136819.97"
"247","K7","15","97339.336","68786.08","136835.45"
"247","K7","16","110185.5","72347.39","136921.31"
"247","K7","17","123353.71","77566.984","136985.3"
"247","K7","18","135397.36","85673.84","137286.16"
"247","K7","19","146325.19","96255.4","137471.25"
"247","K7","20","156058.14","108465.734","137416.08"
"247","K7","21","164719.38","121215.43","137420.05"
"247","K7","22","172275.7","132668.8","137766.42"
"247","K7","23","179200.5","142798.73","137936.08"
"247","K7","24","185171.66","151564.47","137893.23"
"247","K7","25","190353.11","158329.73","138003.19"
"247","K7","26","194310.31","163489.92","138250.94"
"247","K7","27","197265.2","167681.33","138207.1"
"247","K7","28","199230.95","170515.98","138192.97"
"247","K7","29","201096.23","172831.4","138326.66"
"247","K7","30","202248.38","174408.05","138266.12"
"247","K7","31","203365.9","176248.53","138215.61"
"247","K7","32","204070.25","178097.2","138171.5"
"247","K7","33","204889.64","179559.48","138333.89"
"247","K7","34","205477.78","180971.08","138265.19"
"247","K7","35","205985.73","182395.94","138190.19"
"247","K7","36","206612.31","183584.94","138278.45"
"247","K7","37","207366.56","185017.31","138356.38"
"247","K7","38","207436.72","186493.62","138607.58"
"247","K7","39","207774.77","187416.1","138597.17"
"247","K7","40","208039.84","188831.7","138486.22"
"247","K7","41","208503.17","189998.6","138438.3"
"247","K7","42","208785.0","191516.0","138563.64"
"247","K7","43","209256.86","192479.98","138617.72"
"247","K7","44","209786.1","193392.61","138317.42"
"247","K7","45","209962.3","194498.5","138205.08"
"247","K7","46","210185.36","195744.86","138399.03"
"247","K7","47","210622.6","196923.72","138349.05"
"247","K7","48","210656.95","197987.38","138270.22"
"247","K7","49","210815.3","198851.0","138389.42"
"247","K7","50","211142.25","199831.2","138324.4"
"247","K7","51","211325.03","201111.1","138288.16"
"247","K7","52","211758.48","201751.47","138274.81"
"247","K7","53","211979.0","202798.16","138200.81"
"247","K7","54","212390.0","203742.16","138235.66"
"247","K7","55","212559.95","204895.5","138173.67"
"247","K7","56","212700.36","205788.39","138248.14"
"247","K7","57","212671.31","206728.17","138403.94"
"247","K7","58","212767.52","207657.6","138394.45"
"247","K7","59","212958.42","208514.64","138402.27"
"247","K7","60","213079.23","209821.7","138324.38"
"247","K7","61","213374.0","210872.8","138326.92"
"247","K7","62","213934.47","211712.6","138216.52"
"247","K7","63","214273.36","212226.67","138075.81"
"247","K7","64","214711.94","213332.78","138064.92"
"247","K7","65","214746.78","214501.12","138444.36"
"247","K7","66","215021.97","215696.52","138514.2"
"247","K7","67","215611.1","216660.22","138549.66"
"247","K7","68","216000.02","217942.47","138490.67"
"247","K7","69","216444.05","219293.81","138363.0"
"247","K7","70","216849.8","220885.52","138261.75"
"247","K7","71","217491.92","223138.36","138269.92"
"247","K7","72","218714.36","225470.73","138376.84"
"247","K7","73","220137.22","228457.55","138353.14"
"247","K7","74","221520.28","231897.6","138256.77"
"247","K7","75","223647.58","236633.22","138256.1"
"247","K7","76","226140.73","242608.62","138210.25"
"247","K7","77","229321.39","249029.02","138290.22"
"247","K7","78","232623.53","256409.75","138420.28"
"247","K7","79","235947.84","264879.28","138717.28"
"247","K7","80","239795.11","273703.47","138755.9"
"247","K7","81","243448.95","282578.22","138832.05"
"247","K7","82","247219.12","291882.88","139049.0"
"247","K7","83","251598.7","301448.72","139016.56"
"247","K7","84","256836.5","310908.62","138929.88"
"247","K7","85","262665.47","319960.03","139114.27"
"247","K7","86","268168.75","329079.5","139250.11"
"247","K7","87","273623.16","338004.6","139366.4"
"247","K7","88","279552.88","346928.38","139545.8"
"247","K7","89","285862.62","355374.88","139601.17"
"247","K7","90","291474.6","363116.75","139796.78"
"248","K8","1","67934.875","63991.355","139569.77"
"248","K8","2","67764.83","64012.44","139308.95"
"248","K8","3","67525.91","64270.18","138910.8"
"248","K8","4","67223.18","64472.086","138568.6"
"248","K8","5","67110.28","64738.34","138227.25"
"248","K8","6","67122.43","64867.098","138129.55"
"248","K8","7","67266.805","65038.22","138168.5"
"248","K8","8","67510.99","65356.78","138217.47"
"248","K8","9","67938.16","65429.535","138149.92"
"248","K8","10","68860.69","65656.25","137959.77"
"248","K8","11","70592.234","65817.77","137933.92"
"248","K8","12","73695.414","66189.39","138014.23"
"248","K8","13","78992.75","67022.12","138015.72"
"248","K8","14","86841.58","68106.23","138072.66"
"248","K8","15","97605.44","70061.91","138232.27"
"248","K8","16","110526.89","73566.72","138228.67"
"248","K8","17","123680.02","78868.58","138220.08"
"248","K8","18","135991.44","86616.445","138388.36"
"248","K8","19","146802.3","97551.03","138500.64"
"248","K8","20","156280.22","109628.125","138694.88"
"248","K8","21","164057.6","122244.59","138843.1"
"248","K8","22","170900.72","134289.64","138971.16"
"248","K8","23","177015.17","145059.81","139131.98"
"248","K8","24","181840.39","154379.6","139219.84"
"248","K8","25","185837.14","162243.78","139299.78"
"248","K8","26","188997.73","168485.98","139388.5"
"248","K8","27","191445.97","173180.39","139306.89"
"248","K8","28","193095.05","176708.28","139265.69"
"248","K8","29","194668.02","178899.95","139311.14"
"248","K8","30","195817.0","181021.67","139347.69"
"248","K8","31","196758.3","182560.05","139472.4"
"248","K8","32","197740.38","184394.06","139451.94"
"248","K8","33","198471.89","186248.0","139531.22"
"248","K8","34","198763.78","187632.97","139254.23"
"248","K8","35","199154.53","189049.34","139170.69"
"248","K8","36","199878.64","190305.23","139498.61"
"248","K8","37","199884.8","191811.36","139642.38"
"248","K8","38","199998.89","193021.39","139537.92"
"248","K8","39","200262.56","194128.5","139416.6"
"248","K8","40","200786.77","195241.77","139445.14"
"248","K8","41","200810.86","196725.98","139547.5"
"248","K8","42","201044.45","197947.02","139509.8"
"248","K8","43","201392.97","199102.34","139515.33"
"248","K8","44","201768.64","200265.94","139416.08"
"248","K8","45","201907.28","201190.97","139370.45"
"248","K8","46","202149.77","202343.3","139482.36"
"248","K8","47","202103.5","203113.48","139730.48"
"248","K8","48","202328.98","204398.64","139673.81"
"248","K8","49","202506.53","205743.69","139482.47"
"248","K8","50","202405.48","206718.64","139334.23"
"248","K8","51","202552.28","207306.48","139239.14"
"248","K8","52","203013.62","208397.1","139217.48"
"248","K8","53","203153.1","209612.67","139479.14"
"248","K8","54","203343.62","210582.38","139335.56"
"248","K8","55","203509.28","211576.44","139177.83"
"248","K8","56","203229.8","212566.73","139188.02"
"248","K8","57","203538.05","213556.7","139498.9"
"248","K8","58","203652.23","214404.02","139461.11"
"248","K8","59","203819.77","215437.4","139244.31"
"248","K8","60","203876.44","216559.44","139138.36"
"248","K8","61","203997.19","217384.78","139231.38"
"248","K8","62","203946.78","218342.23","139308.03"
"248","K8","63","204362.81","219514.17","139497.11"
"248","K8","64","204542.89","220393.16","139424.39"
"248","K8","65","204784.19","221006.02","139289.89"
"248","K8","66","204975.89","222291.5","139181.34"
"248","K8","67","205030.81","223231.78","139184.98"
"248","K8","68","205163.75","223889.62","139395.58"
"248","K8","69","205413.28","224960.08","139343.19"
"248","K8","70","205873.56","226149.47","139247.39"
"248","K8","71","206074.31","227376.53","139180.3"
"248","K8","72","206382.38","228384.4","139289.67"
"248","K8","73","206779.1","229585.2","139281.52"
"248","K8","74","207448.3","230894.45","139204.42"
"248","K8","75","208427.84","232249.86","139246.84"
"248","K8","76","209922.44","233560.77","139217.42"
"248","K8","77","211280.4","235768.31","139377.66"
"248","K8","78","213136.34","238027.72","139398.9"
"248","K8","79","215157.19","239965.72","139130.4"
"248","K8","80","217876.97","242362.39","139068.5"
"248","K8","81","221056.64","245237.8","139389.08"
"248","K8","82","224785.9","248439.77","139413.14"
"248","K8","83","229105.66","251831.4","139372.27"
"248","K8","84","233695.34","255072.19","139272.72"
"248","K8","85","238596.78","258622.75","139193.1"
"248","K8","86","243988.1","262205.2","139277.98"
"248","K8","87","248277.12","266462.97","139208.11"
"248","K8","88","253864.44","270639.72","139135.28"
"248","K8","89","259925.62","274563.78","139135.44"
"248","K8","90","264603.94","277838.34","139510.94"
"249","K9","1","69376.45","63594.918","128078.984"
"249","K9","2","69077.61","63665.008","127628.695"
"249","K9","3","68828.2","64009.06","127156.6"
"249","K9","4","68620.11","64434.215","126937.54"
"249","K9","5","68303.984","64756.785","126908.27"
"249","K9","6","68091.72","65105.965","126979.65"
"249","K9","7","68048.06","65326.69","126837.016"
"249","K9","8","68045.15","65608.98","126902.42"
"249","K9","9","68048.445","65825.51","126715.8"
"249","K9","10","68070.84","65762.48","126640.484"
"249","K9","11","68077.1","65731.47","126708.01"
"249","K9","12","68150.56","66223.14","126584.41"
"249","K9","13","68452.89","66689.65","126529.14"
"249","K9","14","69070.16","67188.89","126390.56"
"249","K9","15","70036.82","68317.695","126543.01"
"249","K9","16","71858.016","70469.72","126390.93"
"249","K9","17","75053.29","74396.95","126261.51"
"249","K9","18","80481.07","80382.31","126236.94"
"249","K9","19","89072.695","89566.39","126063.1"
"249","K9","20","101359.27","100742.41","125990.7"
"249","K9","21","115662.664","112369.57","125565.055"
"249","K9","22","129768.97","122812.41","125254.84"
"249","K9","23","142279.2","130571.0","125137.06"
"249","K9","24","152742.98","136223.62","125125.76"
"249","K9","25","161019.1","140570.0","124981.87"
"249","K9","26","167279.08","143993.45","125072.64"
"249","K9","27","171924.3","146300.8","125156.43"
"249","K9","28","174915.06","148283.47","124971.35"
"249","K9","29","177051.53","150123.31","124784.93"
"249","K9","30","178794.92","151138.5","124629.14"
"249","K9","31","180366.23","152392.22","124797.945"
"249","K9","32","181498.72","154100.88","125072.76"
"249","K9","33","182480.14","155478.14","124994.13"
"249","K9","34","183371.92","156649.56","124680.04"
"249","K9","35","184549.31","157517.62","124463.52"
"249","K9","36","185600.8","158748.77","124460.516"
"249","K9","37","186555.27","160203.9","124424.56"
"249","K9","38","187287.27","161381.7","124823.9"
"249","K9","39","188396.23","162651.36","124793.24"
"249","K9","40","188829.03","163670.14","124613.97"
"249","K9","41","189617.89","164706.34","124618.984"
"249","K9","42","190591.47","165595.33","124598.72"
"249","K9","43","191354.27","166719.34","124440.87"
"249","K9","44","192133.75","167837.94","124328.27"
"249","K9","45","192817.47","169010.1","124409.38"
"249","K9","46","193768.14","169915.36","124345.78"
"249","K9","47","194524.62","170795.98","124530.74"
"249","K9","48","195021.75","171920.83","124351.99"
"249","K9","49","195559.45","173167.83","124187.83"
"249","K9","50","196358.64","174122.53","124312.79"
"249","K9","51","197320.16","175040.9","124098.59"
"249","K9","52","198062.34","176054.05","123896.9"
"249","K9","53","198692.73","176764.66","123958.81"
"249","K9","54","199553.19","177832.92","124054.97"
"249","K9","55","200208.78","178824.72","123933.08"
"249","K9","56","201033.95","180080.14","123944.016"
"249","K9","57","201745.03","181304.38","123952.86"
"249","K9","58","202618.02","182278.5","123893.94"
"249","K9","59","203814.05","183291.95","123678.12"
"249","K9","60","204973.67","184733.22","123526.48"
"249","K9","61","206608.58","186421.8","123694.664"
"249","K9","62","208440.34","188526.9","123792.08"
"249","K9","63","210612.42","191532.52","123630.47"
"249","K9","64","213655.81","195052.64","123392.516"
"249","K9","65","217640.0","199347.19","122954.38"
"249","K9","66","222033.38","204674.02","122770.89"
"249","K9","67","226919.16","210828.38","122929.766"
"249","K9","68","232378.67","217938.05","122972.625"
"249","K9","69","238017.39","225489.08","122862.375"
"249","K9","70","243588.9","232988.72","122898.83"
"249","K9","71","248883.64","240824.08","122836.164"
"249","K9","72","254434.7","248687.81","122650.33"
"249","K9","73","259923.39","255959.52","122427.0"
"249","K9","74","265804.6","263690.8","122226.836"
"249","K9","75","271100.53","270986.3","122103.7"
"249","K9","76","276076.66","277798.28","122121.414"
"249","K9","77","282827.6","284520.0","121855.78"
"249","K9","78","288387.84","291277.25","121599.984"
"249","K9","79","293525.47","297944.9","121492.48"
"249","K9","80","299134.75","304092.53","121542.91"
"249","K9","81","305344.0","309978.53","121340.55"
"249","K9","82","310514.3","315941.7","121197.5"
"249","K9","83","316547.97","321924.22","121151.2"
"249","K9","84","322464.38","327701.94","121057.54"
"249","K9","85","328502.44","332636.06","120829.63"
"249","K9","86","335049.34","337801.6","120621.64"
"249","K9","87","341434.97","343285.1","120225.32"
"249","K9","88","348070.44","349231.47","120175.26"
"249","K9","89","355115.97","354688.4","120353.055"
"249","K9","90","361405.34","358852.16","120358.68"
"250","K10","1","70479.28","62246.37","125750.7"
"250","K10","2","70260.695","62374.02","125491.38"
"250","K10","3","70061.82","62841.605","125163.96"
"250","K10","4","69950.06","63486.23","125148.875"
"250","K10","5","69785.26","63982.055","125343.85"
"250","K10","6","69441.164","64338.645","125462.36"
"250","K10","7","69333.23","64737.703","125230.64"
"250","K10","8","69326.15","64777.37","125160.01"
"250","K10","9","69332.51","64969.69","125271.45"
"250","K10","10","69254.56","65312.29","125508.5"
"250","K10","11","69259.66","65420.03","125318.14"
"250","K10","12","69421.38","65545.2","125250.71"
"250","K10","13","69679.51","65968.555","125331.1"
"250","K10","14","70052.76","66664.96","125351.37"
"250","K10","15","70991.65","67706.28","125466.73"
"250","K10","16","72605.99","69749.92","125402.96"
"250","K10","17","75359.47","73593.13","125210.25"
"250","K10","18","80153.58","79832.39","125169.19"
"250","K10","19","87734.27","89574.29","125349.695"
"250","K10","20","97992.125","102291.26","125807.125"
"250","K10","21","110321.414","115371.516","125918.836"
"250","K10","22","122951.086","127237.84","125910.58"
"250","K10","23","134320.78","136908.0","125868.8"
"250","K10","24","143626.1","144007.38","125894.63"
"250","K10","25","151055.61","148602.61","125892.73"
"250","K10","26","156651.83","151808.39","126068.93"
"250","K10","27","160662.03","154331.66","125986.11"
"250","K10","28","163501.25","156317.28","125873.42"
"250","K10","29","165790.7","158242.1","125875.445"
"250","K10","30","167204.0","160009.16","126102.73"
"250","K10","31","168538.78","161358.47","126157.18"
"250","K10","32","169932.9","162698.34","126100.31"
"250","K10","33","170647.31","164379.5","126048.305"
"250","K10","34","171378.97","166107.47","126207.59"
"250","K10","35","172583.72","167174.88","126351.16"
"250","K10","36","173625.55","168131.47","126315.21"
"250","K10","37","174601.42","169303.56","126189.32"
"250","K10","38","175127.0","170431.81","126035.945"
"250","K10","39","176000.73","171961.08","125809.08"
"250","K10","40","176647.92","173515.03","125770.664"
"250","K10","41","177421.14","174477.36","126029.56"
"250","K10","42","178109.88","175487.97","126012.11"
"250","K10","43","179041.58","176824.22","126019.72"
"250","K10","44","179696.19","178205.84","126229.92"
"250","K10","45","180447.17","179233.05","126047.24"
"250","K10","46","181286.45","180599.22","125905.47"
"250","K10","47","181800.88","181522.03","125833.586"
"250","K10","48","182612.39","182865.52","125790.76"
"250","K10","49","183444.03","183791.86","125891.98"
"250","K10","50","183805.66","184765.56","125886.62"
"250","K10","51","184615.17","185615.11","125984.46"
"250","K10","52","185277.0","186959.5","125929.055"
"250","K10","53","185985.6","188034.06","125885.07"
"250","K10","54","186717.58","188647.47","125981.26"
"250","K10","55","187248.05","189976.64","125962.516"
"250","K10","56","188067.03","191418.12","125638.67"
"250","K10","57","188752.1","192372.11","125578.7"
"250","K10","58","189155.69","193572.75","125837.88"
"250","K10","59","189751.34","194954.25","125825.27"
"250","K10","60","190583.64","196141.98","125740.36"
"250","K10","61","191595.67","197310.61","125681.74"
"250","K10","62","192167.95","198623.23","125717.71"
"250","K10","63","193428.42","200292.62","125678.48"
"250","K10","64","194888.3","202399.55","125712.89"
"250","K10","65","196936.02","204978.48","125792.25"
"250","K10","66","198930.03","208383.34","125764.22"
"250","K10","67","201294.67","212332.23","125836.3"
"250","K10","68","204890.84","217232.56","125971.17"
"250","K10","69","208567.03","223217.9","126114.484"
"250","K10","70","213006.97","230315.08","126107.11"
"250","K10","71","217553.69","238372.78","126163.836"
"250","K10","72","222011.89","246524.22","126080.234"
"250","K10","73","226654.03","254394.8","125948.195"
"250","K10","74","231361.1","262374.16","125920.445"
"250","K10","75","235969.97","270507.94","126197.17"
"250","K10","76","240570.81","277962.94","126362.555"
"250","K10","77","245214.11","285843.5","126441.766"
"250","K10","78","250191.72","293201.5","126479.66"
"250","K10","79","254973.03","300539.22","126419.42"
"250","K10","80","259526.8","307547.8","126347.1"
"250","K10","81","263913.34","313965.62","126408.875"
"250","K10","82","269276.44","320456.25","126681.555"
"250","K10","83","273962.44","327196.4","126630.27"
"250","K10","84","278787.56","333464.53","126556.61"
"250","K10","85","284422.47","339497.88","126738.36"
"250","K10","86","290645.44","345605.56","126780.164"
"250","K10","87","296032.75","351642.1","126715.016"
"250","K10","88","303021.28","357724.38","126733.64"
"250","K10","89","310152.38","363430.0","126680.65"
"250","K10","90","315828.0","368830.88","126566.84"
"251","K11","1","65306.33","65361.137","126473.9"
"251","K11","2","65122.926","65581.4","126388.88"
"251","K11","3","64848.688","66207.01","126310.97"
"251","K11","4","64457.312","66745.945","126381.73"
"251","K11","5","64365.3","67209.7","126356.03"
"251","K11","6","64394.17","67730.85","126282.164"
"251","K11","7","64342.3","67921.45","126251.71"
"251","K11","8","64331.89","68152.99","126234.42"
"251","K11","9","64362.59","68333.375","126226.81"
"251","K11","10","64375.59","68268.1","126225.7"
"251","K11","11","64397.723","68477.266","126183.43"
"251","K11","12","64418.445","68886.29","125978.06"
"251","K11","13","64626.63","69289.48","125909.97"
"251","K11","14","65087.496","69874.38","125954.52"
"251","K11","15","65849.44","71123.67","125912.41"
"251","K11","16","67169.22","73304.03","125819.04"
"251","K11","17","69728.125","77473.016","125808.15"
"251","K11","18","73920.82","84131.59","125909.31"
"251","K11","19","80652.555","94239.234","125937.85"
"251","K11","20","89909.07","107652.98","126093.79"
"251","K11","21","101155.94","122171.68","126218.055"
"251","K11","22","112774.83","135400.8","126248.945"
"251","K11","23","123147.62","146261.12","126236.51"
"251","K11","24","131866.33","153780.42","126121.17"
"251","K11","25","138857.6","159359.62","126092.375"
"251","K11","26","144393.3","163189.14","126300.9"
"251","K11","27","148352.4","165786.55","126420.46"
"251","K11","28","151008.47","167830.2","126126.74"
"251","K11","29","152880.89","169707.16","126084.37"
"251","K11","30","154567.73","171757.6","126381.87"
"251","K11","31","156057.25","173402.02","126368.51"
"251","K11","32","157020.19","174805.97","126340.43"
"251","K11","33","157586.86","176462.03","126552.89"
"251","K11","34","158471.89","178024.7","126611.79"
"251","K11","35","159242.28","179631.36","126472.414"
"251","K11","36","160075.5","180433.12","126328.74"
"251","K11","37","160493.81","182488.44","126238.99"
"251","K11","38","161333.4","183872.14","126190.09"
"251","K11","39","162313.69","184947.03","126207.734"
"251","K11","40","163118.17","186216.69","126460.18"
"251","K11","41","163738.39","187389.31","126350.46"
"251","K11","42","164362.9","188375.38","126254.05"
"251","K11","43","165125.78","189979.97","126267.08"
"251","K11","44","165676.17","191399.56","126277.07"
"251","K11","45","166164.23","192818.12","126244.27"
"251","K11","46","166996.78","193938.92","126239.02"
"251","K11","47","167410.8","194846.39","126452.96"
"251","K11","48","168178.58","195872.11","126509.05"
"251","K11","49","168775.0","197168.2","126464.086"
"251","K11","50","169249.11","198501.58","126229.875"
"251","K11","51","169760.16","199693.8","126139.58"
"251","K11","52","170602.88","200771.75","126166.125"
"251","K11","53","171138.31","202010.34","126042.35"
"251","K11","54","171632.58","203268.03","125975.51"
"251","K11","55","172088.47","204115.31","126056.5"
"251","K11","56","172457.53","205338.81","126303.47"
"251","K11","57","173302.88","206348.08","126291.72"
"251","K11","58","174092.89","207153.06","126200.016"
"251","K11","59","174730.64","208277.2","126055.81"
"251","K11","60","175060.45","209653.48","125987.73"
"251","K11","61","175552.03","210902.38","125986.17"
"251","K11","62","176496.05","212297.7","125960.62"
"251","K11","63","177386.86","213708.58","125990.984"
"251","K11","64","177989.16","215259.75","126023.09"
"251","K11","65","178641.94","216792.5","126028.17"
"251","K11","66","179705.38","219151.7","125794.71"
"251","K11","67","181242.97","221804.6","125753.53"
"251","K11","68","182725.56","225112.14","125867.85"
"251","K11","69","184448.48","229529.8","125917.484"
"251","K11","70","186569.7","234999.6","125856.82"
"251","K11","71","189308.14","241132.11","125801.86"
"251","K11","72","192648.47","248601.12","125738.86"
"251","K11","73","196031.52","256786.23","125787.19"
"251","K11","74","199567.64","265128.56","126068.914"
"251","K11","75","203194.58","274144.53","126166.03"
"251","K11","76","206703.11","283010.84","125982.1"
"251","K11","77","210321.75","291532.78","125931.336"
"251","K11","78","214114.61","299951.34","126058.39"
"251","K11","79","217803.25","307806.25","126124.32"
"251","K11","80","221341.97","315303.78","126213.766"
"251","K11","81","225298.22","322755.38","126321.93"
"251","K11","82","229049.44","329900.8","126284.81"
"251","K11","83","232876.05","337081.75","126255.21"
"251","K11","84","236690.03","343667.16","126251.45"
"251","K11","85","240627.16","350143.88","126352.98"
"251","K11","86","244956.86","356429.78","126284.86"
"251","K11","87","249048.98","362647.66","126117.47"
"251","K11","88","253288.12","368743.75","126099.016"
"251","K11","89","258959.73","374776.2","126325.32"
"251","K11","90","263235.4","380075.8","126321.695"
"252","K12","1","67041.61","64328.125","126307.87"
"252","K12","2","66931.18","64559.844","126071.75"
"252","K12","3","66786.375","65370.707","125983.87"
"252","K12","4","66609.44","66012.24","126236.45"
"252","K12","5","66431.33","66641.695","126258.805"
"252","K12","6","66404.96","67082.7","125988.0"
"252","K12","7","66490.47","67209.83","125889.44"
"252","K12","8","66312.85","67447.17","125951.27"
"252","K12","9","66258.92","67465.36","126175.93"
"252","K12","10","66317.836","67574.33","126134.984"
"252","K12","11","66571.086","67780.94","126045.39"
"252","K12","12","66813.81","68059.27","125950.99"
"252","K12","13","67054.305","68696.914","125915.18"
"252","K12","14","67193.59","69293.94","125964.69"
"252","K12","15","67996.41","70229.53","125891.93"
"252","K12","16","69668.47","72102.125","125747.06"
"252","K12","17","72400.19","76215.77","125813.29"
"252","K12","18","76980.266","83202.47","126205.85"
"252","K12","19","83926.26","93215.695","126259.49"
"252","K12","20","93628.23","106376.484","126339.44"
"252","K12","21","104911.2","120958.805","126554.836"
"252","K12","22","116672.63","134059.73","126817.04"
"252","K12","23","127531.164","145007.72","127059.375"
"252","K12","24","136253.44","153357.97","127028.05"
"252","K12","25","143365.05","158935.34","127024.84"
"252","K12","26","149134.11","162524.98","127201.76"
"252","K12","27","153186.55","164996.3","127109.88"
"252","K12","28","155997.83","167352.61","126888.87"
"252","K12","29","158240.28","169643.48","126841.45"
"252","K12","30","159643.75","171569.16","127125.83"
"252","K12","31","160735.97","172886.69","127131.305"
"252","K12","32","161991.25","174365.02","127238.086"
"252","K12","33","162907.58","176281.39","127389.375"
"252","K12","34","163789.17","177334.52","127307.06"
"252","K12","35","164414.58","178992.48","127232.66"
"252","K12","36","165363.45","180469.58","127273.73"
"252","K12","37","166122.95","181975.9","127339.99"
"252","K12","38","166759.83","183050.02","127243.5"
"252","K12","39","167560.73","184269.53","127192.77"
"252","K12","40","168329.5","185727.9","127263.62"
"252","K12","41","169251.67","187153.9","127218.07"
"252","K12","42","170045.2","188428.36","127282.35"
"252","K12","43","170892.98","189878.44","127166.86"
"252","K12","44","171232.58","190870.1","127059.39"
"252","K12","45","171857.44","192015.38","127125.18"
"252","K12","46","172509.89","193350.88","127178.69"
"252","K12","47","173324.45","194533.33","127140.16"
"252","K12","48","173878.2","195753.86","127152.08"
"252","K12","49","174447.64","197074.12","127162.11"
"252","K12","50","175023.22","198192.52","127297.99"
"252","K12","51","175634.83","199273.28","127275.47"
"252","K12","52","176401.05","200243.45","127202.16"
"252","K12","53","176975.84","201378.44","127129.2"
"252","K12","54","177744.61","202587.03","126941.305"
"252","K12","55","178448.55","203542.23","126868.86"
"252","K12","56","178875.83","204758.27","127047.77"
"252","K12","57","179347.67","205882.23","127029.48"
"252","K12","58","179933.78","206915.47","127070.305"
"252","K12","59","180920.42","207801.7","126983.98"
"252","K12","60","181481.86","209037.58","126886.4"
"252","K12","61","181868.86","210391.61","126814.914"
"252","K12","62","182443.33","211801.81","126966.52"
"252","K12","63","183147.39","212685.73","127205.484"
"252","K12","64","183847.58","213535.17","127145.9"
"252","K12","65","184419.94","215163.62","127019.05"
"252","K12","66","184969.36","217158.55","126843.36"
"252","K12","67","186052.58","218832.3","126799.6"
"252","K12","68","187165.05","220618.42","127069.24"
"252","K12","69","188282.84","222762.12","127073.195"
"252","K12","70","189458.78","225792.22","127037.56"
"252","K12","71","191270.16","229944.67","127272.23"
"252","K12","72","193479.73","235285.66","127250.36"
"252","K12","73","196408.3","241148.0","127281.45"
"252","K12","74","199512.67","248089.31","127323.305"
"252","K12","75","202798.27","256063.25","127278.81"
"252","K12","76","206405.6","264847.12","127226.63"
"252","K12","77","210185.36","273421.9","127432.85"
"252","K12","78","213943.89","282282.6","127565.05"
"252","K12","79","217666.05","291403.0","127738.93"
"252","K12","80","221496.05","299901.8","127463.555"
"252","K12","81","225122.64","308276.5","127422.61"
"252","K12","82","228990.72","316200.3","127947.97"
"252","K12","83","232669.27","323876.1","128061.5"
"252","K12","84","236792.86","330651.44","128223.875"
"252","K12","85","240827.72","337762.9","128195.96"
"252","K12","86","245377.84","344499.25","128207.59"
"252","K12","87","250025.05","351850.34","128412.66"
"252","K12","88","255141.05","358224.8","128320.46"
"252","K12","89","260845.8","364867.9","128333.54"
"252","K12","90","265770.75","371623.62","128794.55"
"253","K13","1","66763.51","62227.594","122452.62"
"253","K13","2","66621.65","62472.758","122373.7"
"253","K13","3","66132.94","62957.473","122245.17"
"253","K13","4","65988.125","63489.883","122093.44"
"253","K13","5","65986.09","64194.844","122046.7"
"253","K13","6","65890.98","64799.16","122193.42"
"253","K13","7","65753.07","65174.586","122367.195"
"253","K13","8","65689.62","65246.367","122324.07"
"253","K13","9","65680.555","65458.785","122201.805"
"253","K13","10","65699.23","65678.7","121993.375"
"253","K13","11","65804.92","65669.52","121774.18"
"253","K13","12","66060.67","65682.734","121769.99"
"253","K13","13","66167.71","66058.45","121935.48"
"253","K13","14","66603.93","66870.15","121929.94"
"253","K13","15","67319.4","68054.75","121890.88"
"253","K13","16","68994.4","70136.29","121892.195"
"253","K13","17","71478.63","73834.14","121895.96"
"253","K13","18","75638.805","80429.04","122028.96"
"253","K13","19","82162.26","90391.56","122124.3"
"253","K13","20","91313.12","103246.09","122186.38"
"253","K13","21","102064.82","117523.57","122535.03"
"253","K13","22","112911.89","130353.0","122869.53"
"253","K13","23","123056.38","141222.97","122932.49"
"253","K13","24","131553.06","148931.58","123111.72"
"253","K13","25","138367.45","154582.23","123182.67"
"253","K13","26","143571.28","158353.61","123110.74"
"253","K13","27","147383.17","161205.83","123120.12"
"253","K13","28","149983.9","163262.89","123027.67"
"253","K13","29","152100.73","165223.39","122960.18"
"253","K13","30","153622.31","166788.16","123035.62"
"253","K13","31","154555.02","168251.2","123043.19"
"253","K13","32","155763.03","169414.47","123162.5"
"253","K13","33","156599.39","171041.5","123212.445"
"253","K13","34","157489.84","172893.19","123279.05"
"253","K13","35","158402.38","174318.28","123352.88"
"253","K13","36","159091.22","175661.95","123260.734"
"253","K13","37","159766.47","176832.03","123195.21"
"253","K13","38","160454.28","178215.4","123204.73"
"253","K13","39","161257.52","179349.67","123277.15"
"253","K13","40","161740.6","180737.7","123221.35"
"253","K13","41","162323.53","182153.94","122985.43"
"253","K13","42","163311.92","183474.08","122875.586"
"253","K13","43","163729.52","184769.56","122953.82"
"253","K13","44","164423.66","185690.31","122908.14"
"253","K13","45","164930.97","187161.58","123002.35"
"253","K13","46","165308.39","187989.86","123224.484"
"253","K13","47","165967.25","189268.97","123181.836"
"253","K13","48","166620.53","190787.17","123156.39"
"253","K13","49","167434.84","191716.62","123138.164"
"253","K13","50","167930.22","193099.06","123109.56"
"253","K13","51","168722.5","193994.2","123046.44"
"253","K13","52","169143.52","195225.92","123147.62"
"253","K13","53","170090.05","196224.05","123154.055"
"253","K13","54","170412.64","197133.02","123084.2"
"253","K13","55","170724.55","198339.11","122858.984"
"253","K13","56","171596.1","199755.88","122834.125"
"253","K13","57","172141.6","200769.02","123202.62"
"253","K13","58","172506.3","201563.53","123086.75"
"253","K13","59","172922.39","202590.88","122934.99"
"253","K13","60","173582.11","203533.97","122859.62"
"253","K13","61","173935.39","204802.03","122824.61"
"253","K13","62","174721.55","205649.81","122930.734"
"253","K13","63","175125.05","207052.58","122948.7"
"253","K13","64","175789.12","208091.88","123102.82"
"253","K13","65","176373.92","209238.92","122975.03"
"253","K13","66","177030.56","210543.23","122818.81"
"253","K13","67","177784.61","211728.81","122662.95"
"253","K13","68","178291.67","212905.19","122627.35"
"253","K13","69","179103.4","214343.02","122882.49"
"253","K13","70","179927.25","216352.4","122906.37"
"253","K13","71","180648.38","219109.73","122833.26"
"253","K13","72","181819.02","222591.89","122904.914"
"253","K13","73","183723.36","226575.83","123023.484"
"253","K13","74","185817.7","231490.62","123216.49"
"253","K13","75","188373.02","237494.4","123158.586"
"253","K13","76","191106.52","244431.1","123103.94"
"253","K13","77","194227.12","252468.4","123162.04"
"253","K13","78","197521.12","261062.28","123353.28"
"253","K13","79","201210.72","269759.4","123383.82"
"253","K13","80","205150.55","278546.4","123664.66"
"253","K13","81","208891.23","287410.62","123640.195"
"253","K13","82","212398.11","296270.94","123648.6"
"253","K13","83","216532.69","304868.12","123718.86"
"253","K13","84","221159.56","312619.94","123973.53"
"253","K13","85","225523.81","320439.47","124166.93"
"253","K13","86","230434.55","328362.6","124026.02"
"253","K13","87","235834.25","336491.88","123965.7"
"253","K13","88","241599.8","343862.03","124324.2"
"253","K13","89","247851.55","351239.0","124314.32"
"253","K13","90","253099.12","358231.7","124160.41"
"254","K14","1","68750.83","62651.84","124118.95"
"254","K14","2","68555.445","63067.0","123754.41"
"254","K14","3","68391.26","63879.055","123427.75"
"254","K14","4","68301.64","64520.1","123271.34"
"254","K14","5","68174.836","64699.055","123204.23"
"254","K14","6","68064.29","65037.863","123209.79"
"254","K14","7","67983.89","65147.164","123152.305"
"254","K14","8","67918.79","65526.953","123107.32"
"254","K14","9","67948.84","65923.67","123086.62"
"254","K14","10","68149.5","65941.195","122926.484"
"254","K14","11","68263.52","66231.48","122900.67"
"254","K14","12","68329.08","66247.45","122967.58"
"254","K14","13","68552.71","66600.91","122998.02"
"254","K14","14","68910.305","67113.08","123138.95"
"254","K14","15","69713.09","68770.69","123174.95"
"254","K14","16","71275.01","70500.7","123135.74"
"254","K14","17","73821.44","74385.88","123116.195"
"254","K14","18","78174.945","81085.3","123104.69"
"254","K14","19","85316.0","91260.72","123270.23"
"254","K14","20","94888.805","104372.79","123611.5"
"254","K14","21","105991.98","118715.54","123872.72"
"254","K14","22","117149.945","132668.06","124250.62"
"254","K14","23","127632.17","143375.67","124231.68"
"254","K14","24","136271.2","150796.89","124167.24"
"254","K14","25","143290.77","156037.05","124338.09"
"254","K14","26","148740.27","160000.77","124319.37"
"254","K14","27","152549.77","162992.38","124329.47"
"254","K14","28","155459.8","165226.03","124798.71"
"254","K14","29","157346.72","167146.69","124951.39"
"254","K14","30","158722.58","168714.86","124831.0"
"254","K14","31","160075.22","170435.06","124748.4"
"254","K14","32","161106.03","172040.92","124773.87"
"254","K14","33","162000.83","173524.12","124480.336"
"254","K14","34","162953.4","174945.3","124396.734"
"254","K14","35","163805.55","176371.78","124720.1"
"254","K14","36","164705.44","177824.4","124705.37"
"254","K14","37","165267.45","179402.22","124520.266"
"254","K14","38","165822.44","180549.48","124469.0"
"254","K14","39","166821.8","181908.14","124759.695"
"254","K14","40","167522.7","182989.86","124678.97"
"254","K14","41","168042.31","184265.81","124573.1"
"254","K14","42","168883.27","185705.53","124727.62"
"254","K14","43","169286.5","186866.0","124867.39"
"254","K14","44","169989.23","188071.14","124746.34"
"254","K14","45","170651.27","189276.05","124500.766"
"254","K14","46","171342.92","190507.2","124393.62"
"254","K14","47","171969.25","191407.47","124562.93"
"254","K14","48","172432.89","192671.88","124677.96"
"254","K14","49","172976.0","194005.05","124618.55"
"254","K14","50","173776.98","195438.97","124515.13"
"254","K14","51","174504.75","196248.02","124392.08"
"254","K14","52","174893.33","197588.8","124324.25"
"254","K14","53","175335.0","198306.72","124289.71"
"254","K14","54","175971.0","199664.05","124510.914"
"254","K14","55","176651.44","200679.55","124513.414"
"254","K14","56","177149.16","201561.95","124683.86"
"254","K14","57","177710.22","203056.88","124801.484"
"254","K14","58","178527.28","204013.56","124627.58"
"254","K14","59","178788.69","204927.89","124539.94"
"254","K14","60","179451.97","205939.02","124696.68"
"254","K14","61","180153.84","207120.97","124455.62"
"254","K14","62","180612.97","207885.03","124303.36"
"254","K14","63","181105.66","209138.8","124344.414"
"254","K14","64","181780.05","210164.05","124337.54"
"254","K14","65","182269.88","211356.38","124269.01"
"254","K14","66","182851.16","212448.58","124337.51"
"254","K14","67","183475.38","213705.98","124302.695"
"254","K14","68","184006.7","214797.48","124394.95"
"254","K14","69","184529.4","216314.7","124375.984"
"254","K14","70","185347.44","217680.61","124511.06"
"254","K14","71","185857.44","219526.33","124412.0"
"254","K14","72","186808.56","221555.53","124316.56"
"254","K14","73","187957.78","223769.1","124444.375"
"254","K14","74","189230.03","227283.8","124513.44"
"254","K14","75","190632.03","231324.34","124474.96"
"254","K14","76","192466.23","236702.61","124627.34"
"254","K14","77","194826.61","242992.36","124638.92"
"254","K14","78","197583.56","250304.83","124882.97"
"254","K14","79","200615.03","258832.34","124876.984"
"254","K14","80","203752.38","267206.97","124750.36"
"254","K14","81","207219.27","275994.7","124817.18"
"254","K14","82","210238.16","285039.66","125223.79"
"254","K14","83","213863.12","294468.56","125402.66"
"254","K14","84","217551.03","302777.44","125422.11"
"254","K14","85","221503.72","311363.0","125476.87"
"254","K14","86","225723.98","319839.56","125669.55"
"254","K14","87","230694.9","328245.75","125674.57"
"254","K14","88","236074.17","336204.1","125607.32"
"254","K14","89","241748.19","344950.97","125841.6"
"254","K14","90","247083.31","352184.44","125819.51"
"255","K15","1","68963.984","63663.234","125167.88"
"255","K15","2","68825.914","63738.793","124909.04"
"255","K15","3","68541.87","64303.81","124447.695"
"255","K15","4","68367.75","65152.42","124425.45"
"255","K15","5","68082.33","65893.13","124702.375"
"255","K15","6","67914.82","66015.96","124671.15"
"255","K15","7","67931.86","66208.18","124516.664"
"255","K15","8","68168.84","66613.17","124463.04"
"255","K15","9","68424.04","66801.55","124476.336"
"255","K15","10","68479.58","67024.57","124480.52"
"255","K15","11","68459.61","67198.25","124575.914"
"255","K15","12","68457.76","67408.2","124555.1"
"255","K15","13","68744.34","67852.65","124383.56"
"255","K15","14","69178.85","68625.914","124370.64"
"255","K15","15","70011.766","69630.88","124506.42"
"255","K15","16","71557.555","71558.33","124599.58"
"255","K15","17","74265.914","75591.664","124710.31"
"255","K15","18","78830.62","82362.65","124737.875"
"255","K15","19","85889.86","92506.46","124971.055"
"255","K15","20","95721.164","106178.09","125261.84"
"255","K15","21","106896.73","121063.04","125463.84"
"255","K15","22","118647.07","134300.55","125516.016"
"255","K15","23","129234.2","145005.64","125895.9"
"255","K15","24","138161.66","153391.11","126037.93"
"255","K15","25","145378.58","158692.44","126031.1"
"255","K15","26","150846.45","162607.47","126101.38"
"255","K15","27","154811.11","165413.77","126438.1"
"255","K15","28","157828.08","167489.17","126390.31"
"255","K15","29","160004.52","169124.88","126279.53"
"255","K15","30","161417.39","171651.2","126263.35"
"255","K15","31","162785.8","173402.36","126338.24"
"255","K15","32","164127.11","174790.08","126307.0"
"255","K15","33","164987.88","176138.28","126408.805"
"255","K15","34","165715.62","177677.7","126442.336"
"255","K15","35","166518.97","179212.97","126538.73"
"255","K15","36","166939.69","180550.11","126497.945"
"255","K15","37","167781.1","181806.47","126499.38"
"255","K15","38","168717.3","183422.62","126386.69"
"255","K15","39","169502.78","184635.39","126307.8"
"255","K15","40","170337.3","185862.7","126264.45"
"255","K15","41","170994.81","187151.25","126429.19"
"255","K15","42","171636.73","188749.11","126016.09"
"255","K15","43","172213.1","190186.61","125876.59"
"255","K15","44","172895.47","190882.98","126134.23"
"255","K15","45","173555.52","192327.6","126131.6"
"255","K15","46","174210.02","193812.39","126255.66"
"255","K15","47","174842.44","194990.5","126384.51"
"255","K15","48","175522.84","196336.84","126468.4"
"255","K15","49","176299.28","197446.23","126550.305"
"255","K15","50","177033.73","198611.52","126470.01"
"255","K15","51","177645.58","199840.6","126476.76"
"255","K15","52","178214.6","200808.19","126358.66"
"255","K15","53","178593.81","201634.31","126241.97"
"255","K15","54","179110.44","202563.7","126169.8"
"255","K15","55","179741.83","204116.64","126333.51"
"255","K15","56","180508.6","205251.39","126279.46"
"255","K15","57","181031.23","206589.17","126256.234"
"255","K15","58","181627.6","207113.05","126177.766"
"255","K15","59","182100.03","208180.23","126250.43"
"255","K15","60","182685.81","209920.06","126250.914"
"255","K15","61","183016.33","210855.55","126262.93"
"255","K15","62","183612.03","212080.98","126338.21"
"255","K15","63","184389.22","213141.58","126346.516"
"255","K15","64","184960.83","214086.2","126670.38"
"255","K15","65","185296.61","215180.86","126558.516"
"255","K15","66","186121.25","216044.02","126401.68"
"255","K15","67","186791.42","217170.19","126388.06"
"255","K15","68","187319.2","218386.23","126345.8"
"255","K15","69","187729.1","219466.05","126375.34"
"255","K15","70","188363.8","220626.25","126285.48"
"255","K15","71","189167.97","222054.38","126312.89"
"255","K15","72","189802.3","223935.72","126415.35"
"255","K15","73","190527.86","225814.23","126466.66"
"255","K15","74","191571.28","228387.33","126512.92"
"255","K15","75","192779.34","231154.66","126522.17"
"255","K15","76","194761.95","234862.67","126642.195"
"255","K15","77","196691.25","239882.92","126609.95"
"255","K15","78","198897.72","245804.84","126701.67"
"255","K15","79","201873.11","252551.92","126748.69"
"255","K15","80","205227.62","260802.36","127122.78"
"255","K15","81","209060.78","269399.78","127086.27"
"255","K15","82","212753.58","278792.25","127024.83"
"255","K15","83","216783.55","288418.7","127002.19"
"255","K15","84","221297.75","297684.78","127177.47"
"255","K15","85","225833.4","306840.25","127591.06"
"255","K15","86","231064.45","316420.06","128009.22"
"255","K15","87","236663.36","325552.84","128043.914"
"255","K15","88","242826.56","334530.22","128100.88"
"255","K15","89","249261.92","343626.9","128110.664"
"255","K15","90","255103.7","351530.88","128045.32"
"256","K16","1","68980.71","64431.195","125952.58"
"256","K16","2","68821.05","64773.496","125594.086"
"256","K16","3","68358.99","65197.67","125323.71"
"256","K16","4","68285.4","65625.27","125335.42"
"256","K16","5","68431.555","66224.0","125583.98"
"256","K16","6","68104.664","66966.5","125572.37"
"256","K16","7","68092.734","67299.445","125444.125"
"256","K16","8","68438.04","67254.08","125295.64"
"256","K16","9","68494.04","67432.17","125249.88"
"256","K16","10","68459.445","67574.59","125287.07"
"256","K16","11","68574.54","67868.85","125264.07"
"256","K16","12","68933.44","68128.586","125235.57"
"256","K16","13","69139.734","68381.375","125234.33"
"256","K16","14","69405.82","68996.79","125329.586"
"256","K16","15","70435.12","70312.42","125287.586"
"256","K16","16","71972.26","72453.75","125149.07"
"256","K16","17","74684.33","76441.04","125153.27"
"256","K16","18","79411.82","83182.555","125300.1"
"256","K16","19","86416.29","93464.9","125393.01"
"256","K16","20","95907.57","106933.086","125773.48"
"256","K16","21","107064.914","121704.59","125950.72"
"256","K16","22","118896.336","135314.73","125928.26"
"256","K16","23","129565.66","146524.52","125969.98"
"256","K16","24","138397.94","154766.98","126159.74"
"256","K16","25","145793.03","160551.92","126169.1"
"256","K16","26","151398.6","164796.72","126172.31"
"256","K16","27","155605.92","167672.52","126051.78"
"256","K16","28","158448.7","170272.7","126050.16"
"256","K16","29","160400.98","171960.8","126424.95"
"256","K16","30","162126.47","173759.02","126479.125"
"256","K16","31","163491.78","175556.78","126582.35"
"256","K16","32","164648.16","177260.88","126493.92"
"256","K16","33","165668.84","178841.12","126383.12"
"256","K16","34","166177.06","180272.02","126394.62"
"256","K16","35","167053.84","181602.05","126407.02"
"256","K16","36","167857.28","182799.36","126394.95"
"256","K16","37","168671.25","184851.81","126261.4"
"256","K16","38","169221.81","186057.22","126160.234"
"256","K16","39","170129.92","187273.81","126238.164"
"256","K16","40","170822.11","188797.88","126384.18"
"256","K16","41","171353.8","190260.52","126182.69"
"256","K16","42","172085.98","191424.83","126099.86"
"256","K16","43","172853.1","192785.75","126308.51"
"256","K16","44","173328.83","194133.08","126384.445"
"256","K16","45","173985.34","195453.58","126371.1"
"256","K16","46","174821.4","196635.64","126441.375"
"256","K16","47","175760.4","197504.53","126326.53"
"256","K16","48","176227.62","199172.73","126085.4"
"256","K16","49","176713.6","200678.66","126002.375"
"256","K16","50","177580.0","201594.83","126204.32"
"256","K16","51","177930.33","202767.52","126345.0"
"256","K16","52","178555.94","203758.89","126015.13"
"256","K16","53","179113.27","204872.02","125963.53"
"256","K16","54","179416.2","206014.55","126383.46"
"256","K16","55","180193.89","207094.89","126497.52"
"256","K16","56","180630.1","208426.27","126525.23"
"256","K16","57","180983.36","209848.11","126368.375"
"256","K16","58","181767.3","211047.73","126227.17"
"256","K16","59","182606.78","211991.69","126193.61"
"256","K16","60","183124.7","213096.0","126361.16"
"256","K16","61","183654.34","214077.53","126343.34"
"256","K16","62","184030.16","214797.67","126267.266"
"256","K16","63","184516.47","215697.16","126301.64"
"256","K16","64","185065.11","217457.72","126144.85"
"256","K16","65","185956.67","218311.61","126010.75"
"256","K16","66","186486.08","218892.39","125950.95"
"256","K16","67","187251.48","219988.27","125991.25"
"256","K16","68","187694.62","221195.42","125967.36"
"256","K16","69","188037.55","222475.89","126065.39"
"256","K16","70","188563.89","223603.45","126055.33"
"256","K16","71","189154.67","224625.36","126192.016"
"256","K16","72","189732.05","225632.98","126224.83"
"256","K16","73","190113.72","226904.47","126022.07"
"256","K16","74","190595.52","227860.42","125946.586"
"256","K16","75","191282.19","228676.73","126069.89"
"256","K16","76","192036.61","229807.28","125903.14"
"256","K16","77","192820.95","231217.27","125821.586"
"256","K16","78","193248.47","232394.33","125973.25"
"256","K16","79","193923.48","233391.36","126087.23"
"256","K16","80","194956.25","235142.52","126029.734"
"256","K16","81","196037.56","237091.67","125994.67"
"256","K16","82","197328.11","239634.89","125938.83"
"256","K16","83","198537.64","242634.78","125876.44"
"256","K16","84","200399.69","245815.3","125916.64"
"256","K16","85","203076.56","249851.44","125913.13"
"256","K16","86","206206.61","255696.2","126077.89"
"256","K16","87","209999.6","262542.16","126115.9"
"256","K16","88","214631.52","269799.88","126378.11"
"256","K16","89","219947.19","277482.03","126505.234"
"256","K16","90","224783.4","285271.22","126684.13"
"257","K17","1","67688.07","54199.887","130764.63"
"257","K17","2","67515.84","54208.895","130508.81"
"257","K17","3","67352.125","54397.08","130182.34"
"257","K17","4","67223.53","54753.88","130122.664"
"257","K17","5","67077.016","55037.676","130238.12"
"257","K17","6","67026.64","55694.574","129779.625"
"257","K17","7","67065.58","55735.137","129621.48"
"257","K17","8","67029.54","55601.94","129674.23"
"257","K17","9","66961.14","55490.574","129634.73"
"257","K17","10","66852.37","55551.992","129586.39"
"257","K17","11","66859.625","55801.92","129509.664"
"257","K17","12","66987.96","55865.418","129412.15"
"257","K17","13","66971.06","56142.12","129258.17"
"257","K17","14","66966.7","56366.92","129282.07"
"257","K17","15","67151.17","56483.195","129573.48"
"257","K17","16","67471.586","56422.215","129783.77"
"257","K17","17","67924.24","56529.613","129711.75"
"257","K17","18","68747.766","56856.715","129664.68"
"257","K17","19","70179.984","57156.074","129764.83"
"257","K17","20","72423.98","58159.44","129729.445"
"257","K17","21","76638.47","59847.742","129673.03"
"257","K17","22","83214.73","62633.625","129670.625"
"257","K17","23","93016.01","67055.375","129877.81"
"257","K17","24","106159.28","73388.04","129877.24"
"257","K17","25","121651.99","81376.96","129813.92"
"257","K17","26","137111.78","89914.43","129844.414"
"257","K17","27","150608.16","97913.414","129865.87"
"257","K17","28","161068.39","104365.59","129854.54"
"257","K17","29","168927.05","108334.875","129878.09"
"257","K17","30","174489.11","111386.6","130195.28"
"257","K17","31","177963.66","113253.65","130203.74"
"257","K17","32","180359.83","114855.34","130134.586"
"257","K17","33","182549.4","116177.91","130174.086"
"257","K17","34","184005.33","117941.15","130386.79"
"257","K17","35","185287.64","119184.04","130320.26"
"257","K17","36","186461.67","120284.29","130250.84"
"257","K17","37","187349.44","121745.14","130359.63"
"257","K17","38","188177.67","122678.875","130248.22"
"257","K17","39","188827.14","124108.64","130172.48"
"257","K17","40","189765.53","125230.64","130278.266"
"257","K17","41","190609.45","126250.53","130198.87"
"257","K17","42","191128.53","127419.46","130179.29"
"257","K17","43","191655.44","128384.805","130432.12"
"257","K17","44","192127.33","129824.805","130242.23"
"257","K17","45","192594.23","130946.63","130139.51"
"257","K17","46","193105.19","131943.66","130287.91"
"257","K17","47","193683.03","132891.72","130369.29"
"257","K17","48","194213.27","133812.53","130349.71"
"257","K17","49","194504.19","134815.47","130275.45"
"257","K17","50","195067.6","135910.55","130100.21"
"257","K17","51","195367.36","136590.66","130053.125"
"257","K17","52","195997.17","137887.14","130269.84"
"257","K17","53","196625.11","138781.38","130252.65"
"257","K17","54","197156.1","139510.19","130262.46"
"257","K17","55","197444.73","140823.7","130297.88"
"257","K17","56","198107.47","142086.55","130175.92"
"257","K17","57","198577.97","142893.83","129919.33"
"257","K17","58","199212.44","143750.88","129866.195"
"257","K17","59","199504.27","145022.56","130122.086"
"257","K17","60","200287.28","145891.5","130185.42"
"257","K17","61","201179.16","147153.52","130022.98"
"257","K17","62","202057.36","148665.88","129837.46"
"257","K17","63","203194.8","150316.2","129798.75"
"257","K17","64","204883.39","152067.67","130023.86"
"257","K17","65","207466.11","154287.78","130130.47"
"257","K17","66","210724.83","157000.94","130137.1"
"257","K17","67","214991.94","160287.16","130240.21"
"257","K17","68","220102.23","163588.58","130099.27"
"257","K17","69","225901.03","167727.7","130038.484"
"257","K17","70","232639.66","171786.12","130219.016"
"257","K17","71","239861.81","176370.66","130242.73"
"257","K17","72","247736.42","181015.78","130310.38"
"257","K17","73","256015.67","186139.84","130279.164"
"257","K17","74","264033.97","191194.1","130246.7"
"257","K17","75","272771.12","195788.88","130170.98"
"257","K17","76","281108.6","200397.12","130188.2"
"257","K17","77","289712.75","205102.23","130239.68"
"257","K17","78","298389.12","209670.39","130170.195"
"257","K17","79","307230.94","214722.86","130172.18"
"257","K17","80","315659.03","219922.45","130517.7"
"257","K17","81","324633.47","225085.25","130495.25"
"257","K17","82","334043.56","229769.34","130341.22"
"257","K17","83","342812.56","234522.0","130295.86"
"257","K17","84","351680.06","239499.28","130557.35"
"257","K17","85","360714.25","244342.97","130657.86"
"257","K17","86","369403.78","249012.62","130585.305"
"257","K17","87","378108.75","253867.3","130580.86"
"257","K17","88","385981.3","258679.34","130548.055"
"257","K17","89","394235.94","263759.3","130746.6"
"257","K17","90","401121.66","267796.22","130858.09"
"258","K18","1","67944.836","53044.414","130116.445"
"258","K18","2","67761.88","53160.973","129768.96"
"258","K18","3","67554.25","53430.133","129276.76"
"258","K18","4","67439.2","53819.703","129199.94"
"258","K18","5","67356.875","54107.94","129292.6"
"258","K18","6","67255.96","54225.98","128946.12"
"258","K18","7","67066.875","54376.805","128924.555"
"258","K18","8","67029.2","54665.055","129217.3"
"258","K18","9","67062.12","54717.656","129180.51"
"258","K18","10","67091.83","55091.37","129108.43"
"258","K18","11","67207.484","55305.16","129087.81"
"258","K18","12","67223.875","55250.496","129139.91"
"258","K18","13","67238.64","55354.914","129260.36"
"258","K18","14","67214.164","55349.16","129054.96"
"258","K18","15","67258.45","55279.914","129035.65"
"258","K18","16","67470.19","55268.445","129312.49"
"258","K18","17","67880.055","55489.523","129373.52"
"258","K18","18","68553.23","55772.23","129272.62"
"258","K18","19","69627.02","56341.9","129214.85"
"258","K18","20","71589.0","57261.016","129257.58"
"258","K18","21","75007.414","58699.434","129286.22"
"258","K18","22","80515.71","61121.332","129370.6"
"258","K18","23","88133.46","65695.07","129227.42"
"258","K18","24","98667.24","72171.195","129233.11"
"258","K18","25","111110.234","80671.76","129574.13"
"258","K18","26","124589.98","90343.62","129590.13"
"258","K18","27","137691.5","99404.766","129543.15"
"258","K18","28","148839.53","107314.39","129531.7"
"258","K18","29","157611.5","112248.36","129755.98"
"258","K18","30","163957.61","115451.44","129819.33"
"258","K18","31","168043.61","118017.28","129760.805"
"258","K18","32","170657.12","120130.01","129811.04"
"258","K18","33","172902.86","121491.0","129846.73"
"258","K18","34","174484.72","122870.086","129750.09"
"258","K18","35","175898.75","124107.555","129608.305"
"258","K18","36","176754.81","125635.086","129550.27"
"258","K18","37","177707.11","127266.41","129675.35"
"258","K18","38","178419.11","128617.63","129674.08"
"258","K18","39","179139.58","129442.77","129641.375"
"258","K18","40","179829.17","130219.09","129796.555"
"258","K18","41","180347.08","131389.62","129806.125"
"258","K18","42","180897.1","132925.8","129761.234"
"258","K18","43","181592.16","133782.84","129673.29"
"258","K18","44","182079.88","134463.69","129631.06"
"258","K18","45","182471.2","136102.19","129625.0"
"258","K18","46","183047.48","136977.22","129603.44"
"258","K18","47","183574.94","137965.17","129814.52"
"258","K18","48","184203.1","139378.3","129997.08"
"258","K18","49","184586.58","140239.06","129797.08"
"258","K18","50","185003.61","141048.03","129702.62"
"258","K18","51","185164.4","142222.92","129797.63"
"258","K18","52","185739.11","142890.8","129655.914"
"258","K18","53","186472.23","144006.03","129602.445"
"258","K18","54","186589.27","145227.95","129794.58"
"258","K18","55","187062.23","146356.98","129790.19"
"258","K18","56","187626.28","147201.6","129829.72"
"258","K18","57","188163.81","148202.89","129752.14"
"258","K18","58","188747.33","148875.28","129679.445"
"258","K18","59","188911.9","149897.56","129753.97"
"258","K18","60","189414.34","150949.3","129795.56"
"258","K18","61","190034.67","152196.03","129800.09"
"258","K18","62","190420.03","153107.52","129710.8"
"258","K18","63","191509.58","154487.02","129680.82"
"258","K18","64","192580.5","156120.19","129852.6"
"258","K18","65","194280.62","158122.98","129777.3"
"258","K18","66","196411.61","160727.97","129719.516"
"258","K18","67","199154.1","162922.05","129908.63"
"258","K18","68","202794.66","166148.11","129980.22"
"258","K18","69","207032.66","170104.72","129702.99"
"258","K18","70","212201.17","174502.14","129588.25"
"258","K18","71","218180.02","179247.52","129658.57"
"258","K18","72","224514.2","184052.0","129690.43"
"258","K18","73","231095.55","188635.75","129973.31"
"258","K18","74","238107.36","193526.4","129989.37"
"258","K18","75","245175.48","198272.39","129992.93"
"258","K18","76","252431.83","203506.89","129909.164"
"258","K18","77","259933.52","208855.22","129841.914"
"258","K18","78","267367.88","213680.08","129755.586"
"258","K18","79","275382.8","219136.81","129749.78"
"258","K18","80","282983.16","224515.16","130051.35"
"258","K18","81","290746.72","229101.44","130032.555"
"258","K18","82","298907.22","234028.83","129986.33"
"258","K18","83","307870.44","239350.03","130072.64"
"258","K18","84","315719.5","243908.95","130099.06"
"258","K18","85","324050.7","248776.67","130078.195"
"258","K18","86","333090.84","253643.05","130022.336"
"258","K18","87","341677.75","258452.5","130113.38"
"258","K18","88","349944.0","263063.66","130068.055"
"258","K18","89","358388.97","268076.62","130158.18"
"258","K18","90","364927.38","271619.78","130416.914"
"259","K19","1","69818.07","58045.92","138828.67"
"259","K19","2","69631.58","58214.266","138716.4"
"259","K19","3","69486.734","58591.523","138510.28"
"259","K19","4","69421.97","58909.89","138393.45"
"259","K19","5","69158.19","59435.2","138265.1"
"259","K19","6","69050.516","59745.8","138030.19"
"259","K19","7","68978.0","60070.582","137893.92"
"259","K19","8","68977.06","60069.61","137925.1"
"259","K19","9","69060.41","60249.348","138197.86"
"259","K19","10","69118.33","60430.938","138185.12"
"259","K19","11","69183.32","60524.707","138141.89"
"259","K19","12","69524.12","60767.266","138225.89"
"259","K19","13","69623.0","60789.04","138175.36"
"259","K19","14","69543.24","60890.832","137861.14"
"259","K19","15","69554.48","60825.992","137827.17"
"259","K19","16","69929.87","60934.957","138087.33"
"259","K19","17","70292.39","60914.195","138363.7"
"259","K19","18","71021.805","61103.098","138165.45"
"259","K19","19","71883.92","61696.305","138081.2"
"259","K19","20","73794.016","62788.953","138168.98"
"259","K19","21","77207.35","64298.23","138189.39"
"259","K19","22","82298.14","67061.516","138198.34"
"259","K19","23","89525.27","71643.07","138417.52"
"259","K19","24","98664.336","78467.61","138465.17"
"259","K19","25","109462.01","87633.99","138493.17"
"259","K19","26","121109.45","98029.03","138848.92"
"259","K19","27","132821.86","108796.6","138917.8"
"259","K19","28","143965.88","117988.625","138887.12"
"259","K19","29","153478.31","124618.81","139148.95"
"259","K19","30","160513.33","129053.17","139421.73"
"259","K19","31","165171.33","132210.2","139448.84"
"259","K19","32","168598.78","134239.61","139546.22"
"259","K19","33","171098.12","135661.39","139492.27"
"259","K19","34","172538.25","137364.55","139534.69"
"259","K19","35","173801.4","138992.34","139532.9"
"259","K19","36","174938.78","140408.1","139642.55"
"259","K19","37","175746.53","141680.47","139678.52"
"259","K19","38","176746.45","142921.23","139801.1"
"259","K19","39","177594.22","144314.69","139760.44"
"259","K19","40","178112.58","145499.2","139631.9"
"259","K19","41","178572.44","146323.77","139564.02"
"259","K19","42","179056.77","147833.28","139430.55"
"259","K19","43","179705.06","149084.92","139397.83"
"259","K19","44","180170.88","150093.92","139680.83"
"259","K19","45","180765.95","150969.8","139632.45"
"259","K19","46","181385.4","152153.98","139526.97"
"259","K19","47","181979.1","153427.77","139586.17"
"259","K19","48","182346.23","154435.2","139450.1"
"259","K19","49","182626.78","155478.56","139382.92"
"259","K19","50","183231.77","156825.16","139615.23"
"259","K19","51","183638.95","157878.97","139535.06"
"259","K19","52","184124.2","158839.8","139387.78"
"259","K19","53","184337.44","159836.38","139432.03"
"259","K19","54","184373.2","160474.64","139820.27"
"259","K19","55","185084.06","161529.47","139724.9"
"259","K19","56","185418.48","162546.2","139605.45"
"259","K19","57","185839.47","163315.11","139697.38"
"259","K19","58","186357.73","164121.52","139615.6"
"259","K19","59","186810.11","165024.64","139549.7"
"259","K19","60","187086.98","166299.25","139462.0"
"259","K19","61","187734.25","167214.75","139406.48"
"259","K19","62","188146.3","168435.36","139368.17"
"259","K19","63","188960.73","169705.48","139618.9"
"259","K19","64","189608.98","171063.53","139659.8"
"259","K19","65","190540.61","172667.97","139477.55"
"259","K19","66","191822.97","174634.38","139292.11"
"259","K19","67","193456.56","176574.84","139219.47"
"259","K19","68","195945.92","179727.38","139461.69"
"259","K19","69","199151.67","183325.14","139645.69"
"259","K19","70","203243.38","187254.34","139648.19"
"259","K19","71","207618.58","191960.52","139933.55"
"259","K19","72","212866.6","197223.95","139975.89"
"259","K19","73","218248.58","202771.75","139752.72"
"259","K19","74","224112.39","208140.38","139697.72"
"259","K19","75","229843.55","213983.17","140071.81"
"259","K19","76","236416.44","219610.19","140021.36"
"259","K19","77","243085.84","225086.4","139923.56"
"259","K19","78","249644.5","231428.83","140085.83"
"259","K19","79","256710.9","237044.48","140129.66"
"259","K19","80","263796.88","242572.08","140575.66"
"259","K19","81","270901.0","248694.0","140715.53"
"259","K19","82","278494.8","254482.83","140608.36"
"259","K19","83","286328.78","260001.48","140621.81"
"259","K19","84","294404.4","265794.5","140565.28"
"259","K19","85","302430.38","271850.7","140719.61"
"259","K19","86","310164.1","277304.9","140853.2"
"259","K19","87","318409.78","282601.8","140848.34"
"259","K19","88","326406.78","287980.88","141133.94"
"259","K19","89","334944.34","293149.97","141177.52"
"259","K19","90","341819.62","298193.6","141259.14"
"260","K20","1","72729.96","61121.758","141944.97"
"260","K20","2","72676.72","61202.207","141502.11"
"260","K20","3","72464.44","61588.273","141256.33"
"260","K20","4","72227.11","62138.758","141323.48"
"260","K20","5","72152.92","62510.797","141402.14"
"260","K20","6","72155.74","62806.12","141313.08"
"260","K20","7","71943.54","62925.395","141080.75"
"260","K20","8","71862.96","62956.63","141059.53"
"260","K20","9","71875.516","63124.57","141264.47"
"260","K20","10","71989.35","63119.77","141277.36"
"260","K20","11","72150.414","63393.004","141261.6"
"260","K20","12","72270.625","63662.33","141131.75"
"260","K20","13","72205.75","63735.082","141122.4"
"260","K20","14","72023.39","63806.527","141320.81"
"260","K20","15","72080.445","63804.39","141340.12"
"260","K20","16","72592.9","63818.28","141385.97"
"260","K20","17","72906.24","63852.145","141367.55"
"260","K20","18","73555.055","64023.254","141365.12"
"260","K20","19","74642.2","64654.145","141122.34"
"260","K20","20","76629.164","65653.86","141020.34"
"260","K20","21","79792.01","67471.48","140961.4"
"260","K20","22","84833.516","70259.48","140929.14"
"260","K20","23","91933.15","74907.37","141020.39"
"260","K20","24","100804.24","81813.32","141461.77"
"260","K20","25","110837.266","91782.1","141713.78"
"260","K20","26","121143.18","103075.64","141672.67"
"260","K20","27","131141.58","114684.32","141596.66"
"260","K20","28","141325.6","124803.51","141604.12"
"260","K20","29","150432.84","132498.88","141915.33"
"260","K20","30","157950.38","137730.25","141938.23"
"260","K20","31","163101.53","141868.42","141786.8"
"260","K20","32","166537.62","144668.6","141732.27"
"260","K20","33","168857.86","146756.8","141895.28"
"260","K20","34","170718.6","148128.31","141892.1"
"260","K20","35","172069.31","149714.33","141983.34"
"260","K20","36","173165.64","151244.53","141998.3"
"260","K20","37","173917.9","152672.2","141976.64"
"260","K20","38","174801.05","154367.94","141890.88"
"260","K20","39","175479.48","155735.5","141877.16"
"260","K20","40","176059.66","157022.2","141933.8"
"260","K20","41","176614.52","158034.44","141828.75"
"260","K20","42","177329.64","159175.03","141791.5"
"260","K20","43","177834.12","160244.67","142032.27"
"260","K20","44","178243.62","161646.83","142067.66"
"260","K20","45","178898.47","163144.1","141945.23"
"260","K20","46","179445.9","163972.86","141767.72"
"260","K20","47","179838.86","165447.3","141702.48"
"260","K20","48","180475.22","166377.34","141831.08"
"260","K20","49","180846.58","167570.38","141824.31"
"260","K20","50","181243.42","168694.62","141922.9"
"260","K20","51","181613.17","169657.27","141912.7"
"260","K20","52","181876.45","171009.7","141831.83"
"260","K20","53","182449.56","171896.72","141874.77"
"260","K20","54","182718.77","172649.45","142044.7"
"260","K20","55","183146.38","173807.67","141965.88"
"260","K20","56","183468.0","174747.14","141773.14"
"260","K20","57","184161.02","175746.23","141667.39"
"260","K20","58","184238.64","177014.48","141694.34"
"260","K20","59","184656.81","178013.98","141820.0"
"260","K20","60","184888.23","179249.89","141860.55"
"260","K20","61","185569.12","180056.44","141739.75"
"260","K20","62","186127.86","181236.66","141657.11"
"260","K20","63","186722.1","182520.62","141730.94"
"260","K20","64","187401.92","183925.4","141823.9"
"260","K20","65","188023.45","185181.27","141731.56"
"260","K20","66","188969.02","187450.03","141647.9"
"260","K20","67","190276.95","189410.05","141681.36"
"260","K20","68","191947.58","191598.55","141706.72"
"260","K20","69","194642.66","194626.23","141761.47"
"260","K20","70","197616.77","199187.3","141936.69"
"260","K20","71","201323.58","203842.61","141864.1"
"260","K20","72","205609.84","208858.7","141782.62"
"260","K20","73","210514.12","214331.48","141830.11"
"260","K20","74","215415.52","220491.44","141761.48"
"260","K20","75","220431.19","226560.36","141729.94"
"260","K20","76","225979.27","232938.8","141928.52"
"260","K20","77","231325.42","239080.88","141914.1"
"260","K20","78","237243.6","245187.44","141923.88"
"260","K20","79","243591.47","250709.98","141956.53"
"260","K20","80","249991.67","256988.2","142182.08"
"260","K20","81","256534.3","263399.1","142153.14"
"260","K20","82","263335.88","269221.0","142109.16"
"260","K20","83","270786.5","275256.62","142022.1"
"260","K20","84","277509.06","281733.66","142044.47"
"260","K20","85","284895.12","287734.7","142233.94"
"260","K20","86","292937.84","293524.34","142406.38"
"260","K20","87","300866.8","299571.1","142597.31"
"260","K20","88","308367.56","305503.56","142569.39"
"260","K20","89","315807.66","311546.06","142287.39"
"260","K20","90","321646.78","316865.16","142129.11"
"261","K21","1","65510.145","63055.938","128846.33"
"261","K21","2","65302.816","63115.656","128792.055"
"261","K21","3","65110.098","63898.08","128579.85"
"261","K21","4","65095.848","64701.23","128349.01"
"261","K21","5","65202.25","65163.207","128311.66"
"261","K21","6","65071.85","65170.977","128369.664"
"261","K21","7","64970.855","65416.703","128395.12"
"261","K21","8","64943.37","65847.24","128416.984"
"261","K21","9","64932.73","65920.805","128554.26"
"261","K21","10","64949.453","66055.195","128502.336"
"261","K21","11","65041.65","66157.28","128458.98"
"261","K21","12","65083.977","66239.57","128502.016"
"261","K21","13","65108.473","66402.41","128560.36"
"261","K21","14","65281.223","66397.06","128575.1"
"261","K21","15","65326.24","66449.83","128554.875"
"261","K21","16","65564.086","66328.75","128496.805"
"261","K21","17","65938.36","66425.234","128414.81"
"261","K21","18","66512.71","66959.04","128382.164"
"261","K21","19","67599.18","67581.95","128430.37"
"261","K21","20","69416.7","68626.984","128544.31"
"261","K21","21","72661.5","70226.92","128597.06"
"261","K21","22","77304.44","72640.15","128716.164"
"261","K21","23","83659.67","77276.26","128778.39"
"261","K21","24","91706.97","84202.36","128809.76"
"261","K21","25","100347.625","93165.734","129103.25"
"261","K21","26","108788.34","103685.98","129337.65"
"261","K21","27","117054.27","114371.56","129359.65"
"261","K21","28","124781.38","123824.26","129554.14"
"261","K21","29","131737.27","131582.19","129535.52"
"261","K21","30","137717.5","137543.0","129532.78"
"261","K21","31","142183.3","141535.25","129525.875"
"261","K21","32","145122.56","144312.58","129800.02"
"261","K21","33","147537.36","146231.72","129852.11"
"261","K21","34","149052.66","147874.64","129811.45"
"261","K21","35","150319.06","149332.48","130000.49"
"261","K21","36","151150.61","150878.23","129946.62"
"261","K21","37","151592.61","152463.62","129957.2"
"261","K21","38","152414.03","153413.58","130162.71"
"261","K21","39","153030.97","154559.08","130145.734"
"261","K21","40","153660.9","156089.52","130262.43"
"261","K21","41","153929.28","157448.67","130267.93"
"261","K21","42","154485.3","158611.69","130189.33"
"261","K21","43","155239.19","159554.3","130087.54"
"261","K21","44","155387.58","160458.88","130181.65"
"261","K21","45","155869.83","161835.06","130318.13"
"261","K21","46","156414.9","162604.92","130217.445"
"261","K21","47","157064.66","163615.27","130102.47"
"261","K21","48","157471.89","164960.39","130064.88"
"261","K21","49","157862.56","166222.39","130085.7"
"261","K21","50","158240.86","167373.75","130008.54"
"261","K21","51","158365.0","168333.6","130087.6"
"261","K21","52","158747.27","169088.44","130213.74"
"261","K21","53","159117.22","170131.05","130131.48"
"261","K21","54","159445.0","171044.36","129975.39"
"261","K21","55","159637.16","172079.25","129883.266"
"261","K21","56","160184.8","172957.27","130019.195"
"261","K21","57","160347.48","174095.08","130129.0"
"261","K21","58","160619.0","174878.86","130156.35"
"261","K21","59","161083.1","175932.58","130089.78"
"261","K21","60","161381.58","177067.7","130139.46"
"261","K21","61","161886.52","177920.23","129887.6"
"261","K21","62","162165.17","178647.92","129751.13"
"261","K21","63","162573.39","179997.31","129936.46"
"261","K21","64","163052.34","181212.53","130357.48"
"261","K21","65","163488.06","182364.83","130471.28"
"261","K21","66","164241.67","183745.58","130413.6"
"261","K21","67","165204.52","185724.84","130448.54"
"261","K21","68","166061.64","188129.1","130362.18"
"261","K21","69","167308.53","190907.7","130219.84"
"261","K21","70","169275.27","194396.28","130146.51"
"261","K21","71","171525.67","198693.31","130113.35"
"261","K21","72","174548.12","203853.25","130261.32"
"261","K21","73","178100.31","209612.39","130291.65"
"261","K21","74","181278.61","215907.92","130403.39"
"261","K21","75","184809.2","222068.03","130676.29"
"261","K21","76","188709.12","228702.73","130764.8"
"261","K21","77","192693.78","235321.52","130870.97"
"261","K21","78","196985.86","241767.3","130886.05"
"261","K21","79","201573.06","248530.61","130833.98"
"261","K21","80","205925.58","255732.62","131067.4"
"261","K21","81","210774.36","262442.8","131039.28"
"261","K21","82","215914.89","269509.53","131215.22"
"261","K21","83","220891.64","276220.53","131490.12"
"261","K21","84","226118.55","283132.84","131436.56"
"261","K21","85","231780.92","290013.44","131312.7"
"261","K21","86","237611.25","296716.16","131358.38"
"261","K21","87","243676.61","303528.25","131503.27"
"261","K21","88","249833.3","310183.66","131705.92"
"261","K21","89","256663.08","316695.75","131817.23"
"261","K21","90","262374.94","322753.78","131686.12"
"262","K22","1","64286.176","64223.285","130550.4"
"262","K22","2","64152.332","64245.562","130272.625"
"262","K22","3","63757.277","64588.934","129639.69"
"262","K22","4","63669.63","65141.94","129524.33"
"262","K22","5","63758.81","65708.13","129616.63"
"262","K22","6","63707.73","65981.24","129549.98"
"262","K22","7","63547.46","66298.695","129501.4"
"262","K22","8","63541.496","66560.36","129468.39"
"262","K22","9","63659.3","66718.625","129505.875"
"262","K22","10","63615.46","66815.625","129694.35"
"262","K22","11","63578.28","66605.09","129718.164"
"262","K22","12","63592.867","66554.16","129744.47"
"262","K22","13","63690.598","67032.55","129641.35"
"262","K22","14","63895.215","67155.2","129563.89"
"262","K22","15","63949.516","67199.305","129475.3"
"262","K22","16","64144.863","67235.12","129540.26"
"262","K22","17","64277.227","67487.02","129832.4"
"262","K22","18","64986.29","67492.73","129652.03"
"262","K22","19","66074.86","67953.875","129505.164"
"262","K22","20","67788.414","68979.414","129522.52"
"262","K22","21","70723.23","70643.305","129737.375"
"262","K22","22","75097.04","73330.484","129891.13"
"262","K22","23","81131.74","77881.77","130030.375"
"262","K22","24","88521.58","84579.766","130005.84"
"262","K22","25","96325.48","94014.836","129998.6"
"262","K22","26","104073.84","104793.66","130152.74"
"262","K22","27","111269.03","115652.336","130507.09"
"262","K22","28","117577.22","126028.0","130699.36"
"262","K22","29","123237.63","134670.39","130765.75"
"262","K22","30","128335.266","141528.19","130787.89"
"262","K22","31","132223.0","146488.23","130889.45"
"262","K22","32","135181.22","150088.16","130881.49"
"262","K22","33","137275.58","152836.12","130972.945"
"262","K22","34","138711.02","154630.78","131069.95"
"262","K22","35","139642.66","156374.08","131071.695"
"262","K22","36","140542.73","157817.72","131149.62"
"262","K22","37","141352.77","159348.25","131130.52"
"262","K22","38","142064.44","160771.6","131077.72"
"262","K22","39","142530.84","161751.92","131150.02"
"262","K22","40","142889.16","162967.89","131086.12"
"262","K22","41","143408.61","164270.17","131142.03"
"262","K22","42","144000.98","165499.67","131234.53"
"262","K22","43","144291.75","166907.12","131126.6"
"262","K22","44","144783.44","167892.9","131060.875"
"262","K22","45","145218.11","169205.69","131271.64"
"262","K22","46","145316.28","170124.16","131249.0"
"262","K22","47","145579.3","171478.77","131320.36"
"262","K22","48","146104.45","172698.92","131326.38"
"262","K22","49","146397.48","173663.5","131266.39"
"262","K22","50","146649.86","174556.72","131415.0"
"262","K22","51","146817.64","175580.36","131344.69"
"262","K22","52","147039.55","176832.2","131203.72"
"262","K22","53","147286.64","177858.31","131145.92"
"262","K22","54","147648.6","179156.19","131118.64"
"262","K22","55","147813.05","179814.88","131092.88"
"262","K22","56","148117.86","180833.11","131147.8"
"262","K22","57","148441.97","181861.12","131112.58"
"262","K22","58","148931.48","183004.12","130985.086"
"262","K22","59","149632.89","184052.64","130881.234"
"262","K22","60","149562.94","185096.36","130910.71"
"262","K22","61","149623.03","185680.95","130886.664"
"262","K22","62","149880.39","186852.17","131095.39"
"262","K22","63","150176.12","188219.56","131169.16"
"262","K22","64","150264.45","189114.88","131060.47"
"262","K22","65","150660.06","190092.12","131008.734"
"262","K22","66","151208.45","191736.12","131267.75"
"262","K22","67","151810.05","192965.66","131268.52"
"262","K22","68","152252.42","194097.53","131198.61"
"262","K22","69","152745.27","195803.69","131243.56"
"262","K22","70","153343.42","198665.98","131227.83"
"262","K22","71","154155.56","201513.98","131187.14"
"262","K22","72","155495.0","205538.2","131253.14"
"262","K22","73","157148.23","210059.05","131360.95"
"262","K22","74","159163.42","215418.98","131344.94"
"262","K22","75","161627.23","221778.7","131594.72"
"262","K22","76","164171.3","228023.69","131691.92"
"262","K22","77","166557.36","234613.8","131686.77"
"262","K22","78","169410.75","241788.08","131630.06"
"262","K22","79","172353.5","248291.28","131535.17"
"262","K22","80","175465.52","255042.1","131618.02"
"262","K22","81","178912.88","262025.77","131808.05"
"262","K22","82","182292.72","268847.72","131889.92"
"262","K22","83","185587.06","275813.78","131839.61"
"262","K22","84","189091.83","282717.8","132041.73"
"262","K22","85","193288.0","289495.8","132127.17"
"262","K22","86","197793.31","296130.16","132295.53"
"262","K22","87","201972.12","303363.03","132277.6"
"262","K22","88","206074.88","310142.72","132406.81"
"262","K22","89","210687.98","317040.53","132337.4"
"262","K22","90","214545.58","323052.88","132406.45"
"263","K23","1","62793.22","67369.164","124373.9"
"263","K23","2","62650.11","67431.34","124106.695"
"263","K23","3","62342.215","67638.88","123776.26"
"263","K23","4","62212.89","68232.59","123565.03"
"263","K23","5","62080.996","68576.78","123500.44"
"263","K23","6","61878.453","68780.82","123488.0"
"263","K23","7","61851.848","69069.3","123456.42"
"263","K23","8","61942.43","69616.164","123472.2"
"263","K23","9","61982.01","69726.65","123617.14"
"263","K23","10","61986.65","69710.83","123686.61"
"263","K23","11","61973.27","69693.02","123687.94"
"263","K23","12","61989.023","69639.37","123472.76"
"263","K23","13","62161.957","69644.31","123428.78"
"263","K23","14","62226.44","70145.89","123549.92"
"263","K23","15","62342.473","70293.98","123799.93"
"263","K23","16","62392.1","70356.9","123825.72"
"263","K23","17","62723.34","70602.42","123867.76"
"263","K23","18","63111.67","71011.84","123864.82"
"263","K23","19","64081.63","71485.61","123971.375"
"263","K23","20","66102.43","72227.47","123919.77"
"263","K23","21","68847.26","73886.56","123870.21"
"263","K23","22","73229.625","76474.94","123962.414"
"263","K23","23","79368.984","80986.98","124053.05"
"263","K23","24","86839.02","87824.51","124124.5"
"263","K23","25","94352.06","96552.77","124112.36"
"263","K23","26","101301.52","106918.57","124227.05"
"263","K23","27","107655.64","117447.17","124279.055"
"263","K23","28","113354.0","127299.93","124597.18"
"263","K23","29","118297.02","135464.38","124606.41"
"263","K23","30","122246.81","142149.89","124728.49"
"263","K23","31","125408.48","146954.2","125107.914"
"263","K23","32","127901.9","150567.86","125119.164"
"263","K23","33","130030.77","153238.38","125221.1"
"263","K23","34","131103.88","155454.73","125366.72"
"263","K23","35","131916.98","157217.31","125274.13"
"263","K23","36","132423.61","158479.27","125168.45"
"263","K23","37","133197.31","159901.77","125106.81"
"263","K23","38","133840.92","161293.8","125215.1"
"263","K23","39","134406.62","162340.14","125377.55"
"263","K23","40","134547.39","163741.73","125337.88"
"263","K23","41","134871.05","165069.52","125376.84"
"263","K23","42","135342.62","166126.7","125412.24"
"263","K23","43","135681.72","167091.06","125484.61"
"263","K23","44","136105.48","168299.22","125421.66"
"263","K23","45","136533.58","169446.73","125516.35"
"263","K23","46","136873.56","170575.31","125531.32"
"263","K23","47","136952.12","171339.86","125413.055"
"263","K23","48","137204.92","172371.3","125343.7"
"263","K23","49","137552.38","173814.05","125254.14"
"263","K23","50","137779.33","175014.33","125379.77"
"263","K23","51","137915.38","175970.92","125568.47"
"263","K23","52","138315.06","176814.67","125485.555"
"263","K23","53","138454.64","177848.92","125419.01"
"263","K23","54","138420.84","179040.69","125662.586"
"263","K23","55","139152.47","179976.27","125641.875"
"263","K23","56","139590.1","181163.12","125706.695"
"263","K23","57","139689.02","182179.33","125619.05"
"263","K23","58","139660.08","183318.52","125476.695"
"263","K23","59","139806.86","183870.92","125489.234"
"263","K23","60","140113.75","184642.55","125632.68"
"263","K23","61","140337.7","185663.66","125595.38"
"263","K23","62","140765.17","186492.61","125708.125"
"263","K23","63","141075.02","187767.28","125602.68"
"263","K23","64","141152.72","188927.31","125442.54"
"263","K23","65","140943.78","189924.28","125406.92"
"263","K23","66","141255.64","191137.06","125515.734"
"263","K23","67","141948.42","192484.73","125391.27"
"263","K23","68","142151.31","193419.72","125340.71"
"263","K23","69","142391.62","194870.95","125695.97"
"263","K23","70","142665.25","196698.95","125737.08"
"263","K23","71","142986.42","199171.97","125665.484"
"263","K23","72","143816.45","202725.52","125841.13"
"263","K23","73","144612.75","206993.9","125792.33"
"263","K23","74","145563.7","211566.47","125840.984"
"263","K23","75","147168.89","217302.69","125827.51"
"263","K23","76","148518.39","223556.06","125806.36"
"263","K23","77","150167.84","230485.22","125927.65"
"263","K23","78","152079.98","237315.98","126045.21"
"263","K23","79","153831.88","244217.02","126273.13"
"263","K23","80","155857.1","251605.25","126234.055"
"263","K23","81","158009.72","258810.45","126349.41"
"263","K23","82","160333.31","265753.84","126436.89"
"263","K23","83","162740.67","273021.56","126637.22"
"263","K23","84","165197.34","280486.53","126574.016"
"263","K23","85","167769.11","287811.56","126631.89"
"263","K23","86","170695.69","295174.62","126676.29"
"263","K23","87","173743.64","302564.5","126962.16"
"263","K23","88","176784.94","309847.72","127091.86"
"263","K23","89","180412.12","317344.3","127115.97"
"263","K23","90","183531.31","323556.5","127320.48"
"264","K24","1","64935.15","65361.027","125789.15"
"264","K24","2","64839.293","65387.363","125623.58"
"264","K24","3","64464.414","65790.375","125224.266"
"264","K24","4","64304.875","66350.27","125081.23"
"264","K24","5","64146.973","66648.41","125030.86"
"264","K24","6","63694.83","66878.23","124936.51"
"264","K24","7","63651.594","67244.055","124851.2"
"264","K24","8","63951.22","67441.1","124752.98"
"264","K24","9","64069.73","67546.055","124745.32"
"264","K24","10","63944.93","67758.61","124846.85"
"264","K24","11","63892.37","67918.984","124630.09"
"264","K24","12","63970.285","67872.62","124575.73"
"264","K24","13","64014.285","67946.195","124691.97"
"264","K24","14","64273.71","67814.39","124962.125"
"264","K24","15","64307.414","67797.36","124975.25"
"264","K24","16","64324.8","68314.04","124966.875"
"264","K24","17","64582.133","68339.875","124953.04"
"264","K24","18","65142.883","68480.18","124796.055"
"264","K24","19","66091.57","68948.19","124731.375"
"264","K24","20","68047.914","69913.94","124743.07"
"264","K24","21","71001.055","71395.68","124785.664"
"264","K24","22","75834.34","74151.47","125039.13"
"264","K24","23","82239.7","78509.914","125059.49"
"264","K24","24","89842.15","84763.7","125093.625"
"264","K24","25","97624.766","93783.74","125196.49"
"264","K24","26","105163.81","104128.555","125477.99"
"264","K24","27","111958.52","114895.46","125622.96"
"264","K24","28","117373.98","124571.555","125816.81"
"264","K24","29","121674.54","133285.02","125988.66"
"264","K24","30","124957.48","140455.77","125929.63"
"264","K24","31","127456.27","145609.11","125905.08"
"264","K24","32","129376.03","149869.64","126058.8"
"264","K24","33","130757.79","152844.72","126049.945"
"264","K24","34","131606.75","155551.45","126071.73"
"264","K24","35","132164.8","157595.19","126250.21"
"264","K24","36","132935.3","159437.6","126204.62"
"264","K24","37","133378.88","161009.12","126179.46"
"264","K24","38","133732.94","162315.95","126062.125"
"264","K24","39","134057.86","163571.58","125967.69"
"264","K24","40","134471.56","165189.69","126060.81"
"264","K24","41","134572.6","166370.39","126152.44"
"264","K24","42","134569.53","167351.64","126361.836"
"264","K24","43","134624.45","168713.0","126342.836"
"264","K24","44","135078.8","169834.3","126250.266"
"264","K24","45","135430.36","171105.02","126225.09"
"264","K24","46","135670.22","172337.23","126093.94"
"264","K24","47","135642.38","173240.75","125917.29"
"264","K24","48","136003.42","174352.8","125862.875"
"264","K24","49","135853.8","175546.56","126151.3"
"264","K24","50","135848.72","176471.11","126324.336"
"264","K24","51","136184.22","177207.2","126306.27"
"264","K24","52","136088.88","178452.62","126230.05"
"264","K24","53","136144.08","179340.31","126130.7"
"264","K24","54","136348.83","180446.23","126159.375"
"264","K24","55","136417.44","181907.9","126213.81"
"264","K24","56","136174.81","182726.58","126455.0"
"264","K24","57","136595.14","183773.66","126328.86"
"264","K24","58","137004.03","184640.67","126203.875"
"264","K24","59","137119.55","185148.25","126249.375"
"264","K24","60","137001.73","186218.23","126163.055"
"264","K24","61","137099.42","187269.05","126127.11"
"264","K24","62","137177.05","188289.03","126159.664"
"264","K24","63","137339.11","189263.2","126169.41"
"264","K24","64","137464.84","190125.78","126097.72"
"264","K24","65","137460.12","190689.5","126224.94"
"264","K24","66","137797.97","191812.45","126436.05"
"264","K24","67","137730.95","193021.67","126343.87"
"264","K24","68","137511.14","194069.45","126216.65"
"264","K24","69","137554.38","194629.06","126204.17"
"264","K24","70","137905.95","195786.0","126110.164"
"264","K24","71","138207.0","196850.33","126061.94"
"264","K24","72","138210.94","197733.14","125992.96"
"264","K24","73","138233.03","198428.34","126101.61"
"264","K24","74","138329.53","199507.78","126157.086"
"264","K24","75","138437.6","200330.52","126086.62"
"264","K24","76","138311.31","201450.36","126116.14"
"264","K24","77","138385.56","201831.25","126080.84"
"264","K24","78","138550.4","202637.78","126244.125"
"264","K24","79","138608.1","203668.95","126263.37"
"264","K24","80","138873.31","204536.12","126181.414"
"264","K24","81","139156.06","205694.33","126229.53"
"264","K24","82","139160.67","207216.12","126142.25"
"264","K24","83","139290.6","208290.0","126037.914"
"264","K24","84","139367.73","209784.11","125924.8"
"264","K24","85","139311.39","212015.95","125979.07"
"264","K24","86","139309.16","215173.83","126281.92"
"264","K24","87","139296.7","218887.06","126198.28"
"264","K24","88","139463.34","223244.52","126111.54"
"264","K24","89","139323.66","228517.83","126286.414"
"264","K24","90","138999.05","233539.67","126310.33"
"265","L1","1","62495.188","56636.05","134135.75"
"265","L1","2","62237.1","56586.402","133828.56"
"265","L1","3","61662.094","56632.492","133340.67"
"265","L1","4","61401.793","56942.418","133079.5"
"265","L1","5","61171.9","57095.273","132901.19"
"265","L1","6","60993.207","57192.29","132694.17"
"265","L1","7","60985.152","57308.125","132500.98"
"265","L1","8","61167.996","57385.844","132372.89"
"265","L1","9","61648.027","57412.312","132393.31"
"265","L1","10","62695.44","57554.715","132420.7"
"265","L1","11","64488.43","57856.508","132388.81"
"265","L1","12","67647.2","58404.773","132434.47"
"265","L1","13","73293.1","58831.184","132377.03"
"265","L1","14","82079.96","59696.57","132265.53"
"265","L1","15","94302.68","61057.875","132184.5"
"265","L1","16","109928.65","63265.875","132214.48"
"265","L1","17","128283.81","66712.97","132080.62"
"265","L1","18","148343.25","71748.414","131956.23"
"265","L1","19","168799.92","77908.9","131927.69"
"265","L1","20","188012.78","84322.14","131973.98"
"265","L1","21","204266.05","90594.695","131789.77"
"265","L1","22","217177.86","95906.14","131642.7"
"265","L1","23","227054.47","100293.35","131678.8"
"265","L1","24","233959.97","103600.84","131662.88"
"265","L1","25","239911.25","106345.69","131611.36"
"265","L1","26","244620.45","108595.22","131552.44"
"265","L1","27","248272.89","110172.125","131469.55"
"265","L1","28","251413.2","111578.125","131559.6"
"265","L1","29","253799.34","113000.08","131443.78"
"265","L1","30","255554.6","114122.0","131335.03"
"265","L1","31","257466.5","115074.72","131434.16"
"265","L1","32","258177.31","116414.914","131434.12"
"265","L1","33","259111.9","117531.83","131434.53"
"265","L1","34","259902.83","118527.52","131526.02"
"265","L1","35","260953.47","119805.07","131455.92"
"265","L1","36","261905.64","120675.766","131488.47"
"265","L1","37","262036.94","121733.08","131494.14"
"265","L1","38","262409.75","122832.32","131393.55"
"265","L1","39","262604.9","123645.625","131390.25"
"265","L1","40","263427.84","124160.57","131362.83"
"265","L1","41","263784.28","125082.76","131298.33"
"265","L1","42","264617.8","126159.2","131228.52"
"265","L1","43","264873.88","127164.64","131353.0"
"265","L1","44","265058.8","127854.984","131250.53"
"265","L1","45","265816.62","128626.555","131143.89"
"265","L1","46","265827.2","129500.19","131246.56"
"265","L1","47","266429.3","130429.01","131333.08"
"265","L1","48","266595.84","131046.97","131306.72"
"265","L1","49","267018.88","131930.36","131208.84"
"265","L1","50","267406.53","132553.97","131152.92"
"265","L1","51","267984.7","133348.38","131086.39"
"265","L1","52","268767.7","133768.05","131082.55"
"265","L1","53","268438.03","134781.05","131018.625"
"265","L1","54","269356.1","135446.77","131076.95"
"265","L1","55","268920.34","136482.7","130994.57"
"265","L1","56","269364.84","137081.05","130912.36"
"265","L1","57","269567.1","137920.45","130803.9"
"265","L1","58","270016.1","138736.48","130734.28"
"265","L1","59","271515.97","139595.98","130657.17"
"265","L1","60","271913.56","140736.75","130712.28"
"265","L1","61","273120.2","141705.84","130837.92"
"265","L1","62","273779.75","142800.12","130878.35"
"265","L1","63","275290.72","144536.36","130788.54"
"265","L1","64","277518.75","146548.27","130749.67"
"265","L1","65","280147.06","149209.92","130736.91"
"265","L1","66","283511.66","152409.56","130552.34"
"265","L1","67","287710.34","156137.55","130446.61"
"265","L1","68","293088.53","160091.1","130494.5"
"265","L1","69","299595.94","164773.88","130512.56"
"265","L1","70","306783.75","170232.89","130431.65"
"265","L1","71","313253.1","175814.36","130361.914"
"265","L1","72","320049.22","181233.66","130291.13"
"265","L1","73","327342.2","186966.08","130299.78"
"265","L1","74","335269.66","192512.22","130270.95"
"265","L1","75","342046.03","197927.27","130237.945"
"265","L1","76","348921.56","204067.39","130251.75"
"265","L1","77","356154.4","209960.08","130201.46"
"265","L1","78","363444.66","215834.25","130167.75"
"265","L1","79","370560.34","221590.55","130064.27"
"265","L1","80","377088.28","227919.22","129993.81"
"265","L1","81","383567.94","233716.94","130011.03"
"265","L1","82","390746.8","239592.66","130021.336"
"265","L1","83","396677.5","245874.77","129941.98"
"265","L1","84","402515.66","251938.3","129873.81"
"265","L1","85","408395.84","258062.23","129838.055"
"265","L1","86","414516.44","264006.4","129791.875"
"265","L1","87","420301.53","269862.12","129801.76"
"265","L1","88","425176.34","275702.1","129862.086"
"265","L1","89","430412.75","281569.28","129633.46"
"265","L1","90","434397.3","286516.25","129566.555"
"266","L2","1","70974.8","55229.664","134169.36"
"266","L2","2","70841.55","55169.133","133908.66"
"266","L2","3","70158.7","55219.55","133235.56"
"266","L2","4","69987.125","55588.78","132801.05"
"266","L2","5","69977.13","55809.438","132611.69"
"266","L2","6","69996.336","55812.926","132534.36"
"266","L2","7","70130.82","55848.21","132514.9"
"266","L2","8","70404.37","55964.86","132441.5"
"266","L2","9","70948.734","56120.54","132223.12"
"266","L2","10","71863.53","56368.68","132215.45"
"266","L2","11","73471.625","56541.047","132397.16"
"266","L2","12","76688.84","56787.58","132439.44"
"266","L2","13","82219.734","57395.363","132555.72"
"266","L2","14","90757.92","58277.133","132515.78"
"266","L2","15","102447.234","59590.824","132457.52"
"266","L2","16","117084.25","61835.816","132459.45"
"266","L2","17","133729.16","65592.55","132489.97"
"266","L2","18","151527.61","70909.67","132568.72"
"266","L2","19","169866.86","77652.98","132698.19"
"266","L2","20","188063.94","85538.11","132811.77"
"266","L2","21","205195.81","93046.02","132916.89"
"266","L2","22","219030.39","99463.375","133016.64"
"266","L2","23","229737.78","104631.26","133077.56"
"266","L2","24","237917.12","108016.67","133035.38"
"266","L2","25","243669.23","110913.336","132996.98"
"266","L2","26","248648.19","112959.46","132976.72"
"266","L2","27","252691.36","114522.62","133174.83"
"266","L2","28","255656.23","116126.08","133199.38"
"266","L2","29","257581.28","117522.42","133132.61"
"266","L2","30","258903.73","118931.12","133148.69"
"266","L2","31","260095.44","120328.19","133170.34"
"266","L2","32","261716.47","121372.77","133173.3"
"266","L2","33","263184.66","122540.125","133123.97"
"266","L2","34","263962.03","123741.51","133190.08"
"266","L2","35","264647.7","124612.33","133155.88"
"266","L2","36","265010.22","125673.5","133251.0"
"266","L2","37","265670.8","126982.87","133360.28"
"266","L2","38","266387.72","127592.9","133276.2"
"266","L2","39","266736.47","128692.67","133145.8"
"266","L2","40","267440.16","129777.86","133064.98"
"266","L2","41","267873.1","130584.28","133165.08"
"266","L2","42","268090.4","131533.33","133325.0"
"266","L2","43","269122.28","132029.16","133327.02"
"266","L2","44","269722.75","133076.84","133484.94"
"266","L2","45","270096.34","133892.53","133421.55"
"266","L2","46","270983.5","134589.38","133300.39"
"266","L2","47","271653.34","135378.5","133205.64"
"266","L2","48","271603.97","136361.58","133273.11"
"266","L2","49","272011.5","137108.42","133448.94"
"266","L2","50","272352.75","137931.92","133319.28"
"266","L2","51","273357.72","138606.55","133202.2"
"266","L2","52","273929.03","139445.12","133199.47"
"266","L2","53","274115.5","140226.53","133198.3"
"266","L2","54","274590.3","141045.16","133317.83"
"266","L2","55","274920.28","142067.86","133274.5"
"266","L2","56","275269.38","142820.84","133257.38"
"266","L2","57","275160.12","143743.52","133151.64"
"266","L2","58","275585.2","144676.42","133059.53"
"266","L2","59","276727.1","145531.22","133099.92"
"266","L2","60","277696.38","146303.61","133175.12"
"266","L2","61","278069.53","147442.05","133116.6"
"266","L2","62","279737.88","148527.81","133147.55"
"266","L2","63","281757.12","150181.28","133346.31"
"266","L2","64","283559.06","152347.17","133324.78"
"266","L2","65","286134.25","155272.0","133334.39"
"266","L2","66","290057.75","158717.94","133270.6"
"266","L2","67","294256.34","162717.66","133326.84"
"266","L2","68","299425.78","166888.22","133480.47"
"266","L2","69","305774.5","171985.48","133498.02"
"266","L2","70","311930.06","177513.62","133414.22"
"266","L2","71","317556.16","183793.22","133459.84"
"266","L2","72","324734.28","189836.34","133588.45"
"266","L2","73","331522.12","195734.2","133558.47"
"266","L2","74","338914.75","201988.6","133705.31"
"266","L2","75","345598.06","208306.5","133893.73"
"266","L2","76","352921.44","214708.72","133881.1"
"266","L2","77","358928.84","221134.0","133859.11"
"266","L2","78","365740.44","227528.33","133933.67"
"266","L2","79","372625.4","233520.28","133890.78"
"266","L2","80","379600.12","239608.81","133992.7"
"266","L2","81","385992.25","245956.44","133940.86"
"266","L2","82","392532.8","252280.06","133988.36"
"266","L2","83","398106.47","258456.19","133982.05"
"266","L2","84","404667.3","264460.25","134043.81"
"266","L2","85","411600.4","270214.88","134178.86"
"266","L2","86","417494.12","275872.2","134117.19"
"266","L2","87","422830.53","281848.0","134181.92"
"266","L2","88","429163.84","287139.5","134286.11"
"266","L2","89","434898.84","292731.28","134236.34"
"266","L2","90","439748.72","297235.4","134238.92"
"267","L3","1","68642.27","58540.61","132436.2"
"267","L3","2","68420.04","58550.758","132053.92"
"267","L3","3","68062.19","58689.613","131722.52"
"267","L3","4","67928.44","58867.344","131426.84"
"267","L3","5","67827.86","59214.734","131049.1"
"267","L3","6","67646.48","59437.4","131017.37"
"267","L3","7","67662.92","59666.473","131228.94"
"267","L3","8","67970.055","59779.31","131268.42"
"267","L3","9","68463.24","59874.875","131260.7"
"267","L3","10","69510.945","60006.31","131357.39"
"267","L3","11","71126.32","60188.44","131238.0"
"267","L3","12","74223.81","60760.52","131171.31"
"267","L3","13","79369.67","61344.375","131184.47"
"267","L3","14","87364.57","62156.438","131167.44"
"267","L3","15","98427.445","63649.03","131163.73"
"267","L3","16","112014.375","66037.04","131280.58"
"267","L3","17","126893.83","69941.43","131270.44"
"267","L3","18","142262.4","75774.016","131308.94"
"267","L3","19","157956.1","83637.305","131465.08"
"267","L3","20","173485.06","92545.445","131469.55"
"267","L3","21","188725.33","101788.3","131524.69"
"267","L3","22","202404.81","110073.805","131509.1"
"267","L3","23","213653.52","116662.96","131574.86"
"267","L3","24","221986.12","121487.25","131594.05"
"267","L3","25","228451.47","124721.695","131798.14"
"267","L3","26","232872.42","127245.695","131773.48"
"267","L3","27","236980.72","129245.58","131682.38"
"267","L3","28","239246.48","131318.19","131672.19"
"267","L3","29","241297.97","132799.02","131921.75"
"267","L3","30","243282.73","134104.14","131939.39"
"267","L3","31","245146.61","135445.47","132022.02"
"267","L3","32","246041.94","136828.38","131993.67"
"267","L3","33","247151.62","138002.94","131967.17"
"267","L3","34","247852.94","139271.53","131999.81"
"267","L3","35","248264.23","140311.89","131870.78"
"267","L3","36","249172.98","141263.67","131767.53"
"267","L3","37","249534.22","142396.45","131787.62"
"267","L3","38","250723.31","143449.64","131872.64"
"267","L3","39","251499.8","144454.17","131807.58"
"267","L3","40","251181.27","145533.25","131780.62"
"267","L3","41","251821.69","146402.73","131928.27"
"267","L3","42","252567.11","147355.36","131966.61"
"267","L3","43","252694.53","148252.88","132108.28"
"267","L3","44","253466.28","149307.31","131955.52"
"267","L3","45","253819.1","150327.1","131848.6"
"267","L3","46","254727.81","150838.44","131925.72"
"267","L3","47","255047.02","151745.98","132098.92"
"267","L3","48","254954.55","152801.88","132199.47"
"267","L3","49","255405.9","153532.56","131935.42"
"267","L3","50","255769.6","154424.5","131813.05"
"267","L3","51","256348.42","155426.84","131866.34"
"267","L3","52","256266.53","156137.69","131789.33"
"267","L3","53","256232.2","157026.53","131747.23"
"267","L3","54","256473.1","157797.89","131944.78"
"267","L3","55","257278.67","158597.34","132027.02"
"267","L3","56","257708.81","159520.11","131930.56"
"267","L3","57","257791.55","160472.11","131821.5"
"267","L3","58","258230.88","161256.88","131773.19"
"267","L3","59","258962.3","162055.44","131771.44"
"267","L3","60","260067.77","162912.78","131746.55"
"267","L3","61","260435.31","164274.83","131892.48"
"267","L3","62","260785.23","165511.62","131918.56"
"267","L3","63","262165.97","167012.92","131851.6"
"267","L3","64","263641.62","168961.69","131664.28"
"267","L3","65","266124.25","171262.64","131601.67"
"267","L3","66","269222.9","174246.9","131747.58"
"267","L3","67","272245.12","177949.05","131728.16"
"267","L3","68","276552.84","182654.53","131653.48"
"267","L3","69","281177.12","187807.02","131642.9"
"267","L3","70","286191.9","193624.6","131635.05"
"267","L3","71","291829.66","200187.12","131879.88"
"267","L3","72","298313.38","206814.06","132100.31"
"267","L3","73","304254.12","213915.86","131996.5"
"267","L3","74","309984.0","221013.33","131914.25"
"267","L3","75","315488.25","228064.3","132044.78"
"267","L3","76","321377.94","235088.62","132187.66"
"267","L3","77","327576.62","242309.64","132253.64"
"267","L3","78","334542.8","249380.77","132199.44"
"267","L3","79","340030.84","256596.31","132120.2"
"267","L3","80","345934.75","263730.06","132194.83"
"267","L3","81","352803.62","270887.78","132271.69"
"267","L3","82","359685.75","278045.94","132327.89"
"267","L3","83","365779.84","285531.7","132324.1"
"267","L3","84","372370.38","292810.34","132343.36"
"267","L3","85","379202.94","299597.12","132419.73"
"267","L3","86","386635.88","306434.84","132535.9"
"267","L3","87","394246.0","313609.03","132644.78"
"267","L3","88","402479.22","320346.06","132602.08"
"267","L3","89","410594.7","326737.6","132505.16"
"267","L3","90","416797.7","332406.44","132387.88"
"268","L4","1","68583.66","60352.285","149666.53"
"268","L4","2","68488.76","60330.07","149387.8"
"268","L4","3","68174.24","60371.99","149078.33"
"268","L4","4","67939.03","60606.727","148639.53"
"268","L4","5","67703.555","60772.523","148249.4"
"268","L4","6","67694.37","61019.707","148153.67"
"268","L4","7","67925.984","61031.484","148198.44"
"268","L4","8","68211.38","61104.414","148164.02"
"268","L4","9","68521.305","61227.95","148087.8"
"268","L4","10","69468.33","61477.594","147955.55"
"268","L4","11","71154.48","61662.984","147980.19"
"268","L4","12","74169.18","61901.58","148201.66"
"268","L4","13","79003.086","62404.418","148240.06"
"268","L4","14","86554.87","63144.098","148320.4"
"268","L4","15","96971.81","64683.816","148325.05"
"268","L4","16","109437.7","67239.6","148418.77"
"268","L4","17","122877.72","71083.02","148396.39"
"268","L4","18","136361.73","76597.984","148389.12"
"268","L4","19","149755.83","84261.42","148346.67"
"268","L4","20","163102.1","93499.22","148346.88"
"268","L4","21","176424.05","103440.88","148338.06"
"268","L4","22","189343.39","112595.09","148536.05"
"268","L4","23","200733.08","120472.32","148852.6"
"268","L4","24","209938.1","126715.336","148970.64"
"268","L4","25","217119.92","131044.77","148901.4"
"268","L4","26","222314.33","134331.25","148894.36"
"268","L4","27","226189.42","136731.81","148998.23"
"268","L4","28","229591.81","138627.44","148974.48"
"268","L4","29","232888.61","140246.55","149048.6"
"268","L4","30","234714.77","141694.69","149139.66"
"268","L4","31","236034.03","143100.17","149104.66"
"268","L4","32","237288.03","144428.2","149181.17"
"268","L4","33","238326.72","145514.48","149080.94"
"268","L4","34","239077.16","146643.58","148984.61"
"268","L4","35","239633.53","147674.64","149077.5"
"268","L4","36","240610.9","148851.52","149249.36"
"268","L4","37","241020.55","149775.1","149137.22"
"268","L4","38","241899.3","150821.16","149004.62"
"268","L4","39","242858.4","151693.4","148995.48"
"268","L4","40","242964.05","152587.97","149207.86"
"268","L4","41","243222.77","153322.52","149213.42"
"268","L4","42","243682.61","154042.2","149093.81"
"268","L4","43","243986.89","154751.16","149002.08"
"268","L4","44","244837.19","155432.89","149035.08"
"268","L4","45","244985.0","156565.92","148997.6"
"268","L4","46","245232.0","157560.6","148969.31"
"268","L4","47","245750.2","158099.25","149136.75"
"268","L4","48","245593.17","158839.84","149109.12"
"268","L4","49","246164.62","159577.1","149008.34"
"268","L4","50","247070.17","160175.66","148970.38"
"268","L4","51","247526.75","160832.83","148882.42"
"268","L4","52","247912.86","161494.48","148853.1"
"268","L4","53","247881.64","162276.78","149077.67"
"268","L4","54","248229.02","163151.45","149035.52"
"268","L4","55","248375.52","163814.14","148938.56"
"268","L4","56","248413.95","164519.44","148941.61"
"268","L4","57","247981.98","165380.31","148884.84"
"268","L4","58","248823.62","165847.95","148806.6"
"268","L4","59","249873.3","166700.94","148814.39"
"268","L4","60","250203.31","167307.81","148753.73"
"268","L4","61","250896.1","168187.34","148737.48"
"268","L4","62","251284.67","169361.48","148676.47"
"268","L4","63","252259.31","170338.81","148715.34"
"268","L4","64","253028.53","171522.14","148955.66"
"268","L4","65","253861.44","173131.1","148626.52"
"268","L4","66","255835.44","174940.92","148547.12"
"268","L4","67","257492.67","177247.31","148839.9"
"268","L4","68","260697.95","179777.64","148840.19"
"268","L4","69","263236.38","183385.7","148831.66"
"268","L4","70","267150.12","188047.86","148866.1"
"268","L4","71","271848.94","193198.56","148784.1"
"268","L4","72","276838.0","199044.48","148740.62"
"268","L4","73","282317.56","205317.4","148910.33"
"268","L4","74","287294.5","211735.06","148999.95"
"268","L4","75","292800.56","218198.17","149053.27"
"268","L4","76","297590.62","225108.94","149043.84"
"268","L4","77","303427.34","232208.84","149283.95"
"268","L4","78","309541.7","239301.75","149392.1"
"268","L4","79","314502.47","246298.78","149344.2"
"268","L4","80","318598.97","253496.67","149428.81"
"268","L4","81","324214.78","259776.12","149386.25"
"268","L4","82","329946.44","266522.44","149437.61"
"268","L4","83","335194.12","273210.75","149400.38"
"268","L4","84","339945.56","279893.3","149571.16"
"268","L4","85","345598.75","286378.06","149813.95"
"268","L4","86","351366.66","292560.4","150021.06"
"268","L4","87","355634.97","298913.06","150030.03"
"268","L4","88","360493.66","304941.44","149928.39"
"268","L4","89","365464.62","310575.25","149879.92"
"268","L4","90","369422.78","315146.03","149871.31"
"269","L5","1","66772.95","62018.844","140472.78"
"269","L5","2","66622.875","62040.188","140145.97"
"269","L5","3","66297.02","62331.844","139702.47"
"269","L5","4","66012.53","62679.4","139272.52"
"269","L5","5","65975.67","63048.473","139162.1"
"269","L5","6","66070.89","63131.18","139190.97"
"269","L5","7","66107.41","63138.684","139007.69"
"269","L5","8","66241.24","63464.496","138955.06"
"269","L5","9","66803.02","63553.594","139001.66"
"269","L5","10","67823.09","63662.973","139032.44"
"269","L5","11","69439.28","63818.55","139186.9"
"269","L5","12","72518.77","64316.336","139147.86"
"269","L5","13","77903.73","64817.19","138947.86"
"269","L5","14","85822.23","65708.4","138967.05"
"269","L5","15","96753.51","67277.984","139234.25"
"269","L5","16","109890.734","69761.63","139202.6"
"269","L5","17","124065.06","73721.34","138972.69"
"269","L5","18","137784.17","79834.016","139028.11"
"269","L5","19","150863.66","87943.53","139482.52"
"269","L5","20","163211.47","98068.766","139503.8"
"269","L5","21","174916.83","109096.92","139427.27"
"269","L5","22","186239.36","120033.3","139441.86"
"269","L5","23","196532.86","129300.836","139512.98"
"269","L5","24","204928.17","136685.28","139624.77"
"269","L5","25","211730.7","141791.38","139761.44"
"269","L5","26","216481.64","145373.86","139791.05"
"269","L5","27","220770.67","147875.28","139879.02"
"269","L5","28","223623.1","149966.2","139930.94"
"269","L5","29","225726.88","151594.7","139867.97"
"269","L5","30","227021.12","153369.05","139854.94"
"269","L5","31","228555.78","154706.38","139768.48"
"269","L5","32","229657.5","156345.56","139744.05"
"269","L5","33","229776.86","157664.14","139974.31"
"269","L5","34","231264.55","158896.1","139917.64"
"269","L5","35","231967.78","160081.56","139805.3"
"269","L5","36","232793.66","161123.53","139761.8"
"269","L5","37","232774.94","162596.53","139791.8"
"269","L5","38","233466.61","163600.9","139886.78"
"269","L5","39","234291.86","164437.36","139840.48"
"269","L5","40","235191.66","165564.7","139845.92"
"269","L5","41","235077.83","166762.98","139824.03"
"269","L5","42","235106.27","167663.39","139724.52"
"269","L5","43","236314.53","168289.92","139657.78"
"269","L5","44","236442.45","169587.62","139721.67"
"269","L5","45","237052.42","170654.62","139665.98"
"269","L5","46","236991.03","171422.45","139678.34"
"269","L5","47","237342.02","172152.98","139884.16"
"269","L5","48","237432.34","173430.47","139882.6"
"269","L5","49","237525.83","174174.17","139943.55"
"269","L5","50","238177.77","175021.28","139873.02"
"269","L5","51","238482.56","175799.22","139662.62"
"269","L5","52","238346.62","176576.81","139606.53"
"269","L5","53","238815.75","177619.28","139798.47"
"269","L5","54","239730.81","178713.81","139756.34"
"269","L5","55","240249.78","179303.47","139639.27"
"269","L5","56","240243.44","180316.77","139542.17"
"269","L5","57","239906.92","181366.64","139472.45"
"269","L5","58","240092.69","182336.28","139451.86"
"269","L5","59","240999.06","182945.97","139620.75"
"269","L5","60","241461.9","183694.27","139598.56"
"269","L5","61","240989.1","184672.1","139476.47"
"269","L5","62","241940.27","185502.72","139420.88"
"269","L5","63","242502.56","186487.73","139499.81"
"269","L5","64","243310.47","187708.58","139494.73"
"269","L5","65","244597.86","188894.58","139621.38"
"269","L5","66","245112.98","190488.17","139719.81"
"269","L5","67","245975.39","192188.55","139720.05"
"269","L5","68","247842.23","194735.72","139675.56"
"269","L5","69","249674.0","197789.97","139564.5"
"269","L5","70","252963.1","201337.06","139491.72"
"269","L5","71","255527.72","206192.27","139556.9"
"269","L5","72","259509.62","211739.23","139662.23"
"269","L5","73","263528.94","218264.08","139630.14"
"269","L5","74","267152.8","225407.42","139643.3"
"269","L5","75","271589.1","232802.22","139581.34"
"269","L5","76","276201.4","240538.25","139583.73"
"269","L5","77","280184.22","248447.31","139752.38"
"269","L5","78","284183.53","256386.19","139918.48"
"269","L5","79","288401.12","264472.84","140090.84"
"269","L5","80","293062.88","272540.1","140118.14"
"269","L5","81","297078.25","280552.7","140249.4"
"269","L5","82","301220.97","287871.25","140365.7"
"269","L5","83","305993.6","295724.28","140397.48"
"269","L5","84","310496.44","303190.25","140499.92"
"269","L5","85","314646.97","310457.88","140442.84"
"269","L5","86","319629.47","318045.12","140370.9"
"269","L5","87","324684.75","325448.72","140517.47"
"269","L5","88","330787.62","332519.7","140510.23"
"269","L5","89","337502.5","339696.4","140423.55"
"269","L5","90","343314.62","346234.12","140491.94"
"270","L6","1","75176.31","63567.11","142822.66"
"270","L6","2","74816.34","63778.992","142367.25"
"270","L6","3","74231.94","64109.21","141746.06"
"270","L6","4","74091.95","64442.152","141413.67"
"270","L6","5","74052.23","64666.477","141158.95"
"270","L6","6","73944.89","64798.344","141156.08"
"270","L6","7","73945.016","65059.305","141373.11"
"270","L6","8","74137.87","65433.418","141458.58"
"270","L6","9","74663.016","65414.848","141435.34"
"270","L6","10","75751.484","65523.29","141502.8"
"270","L6","11","77484.27","65896.7","141585.28"
"270","L6","12","80608.05","66150.11","141412.64"
"270","L6","13","85902.164","66615.19","141325.08"
"270","L6","14","94123.92","67575.54","141312.6"
"270","L6","15","105237.03","69066.17","141307.81"
"270","L6","16","118757.98","71544.58","141303.08"
"270","L6","17","133381.77","75363.77","141463.52"
"270","L6","18","147464.0","81404.04","141696.69"
"270","L6","19","160689.2","89819.45","141705.72"
"270","L6","20","172521.52","100291.31","141769.86"
"270","L6","21","183499.81","111917.75","141810.3"
"270","L6","22","193870.08","123154.914","141850.2"
"270","L6","23","203282.55","132993.14","142001.56"
"270","L6","24","211638.56","141178.08","141964.62"
"270","L6","25","218392.4","147443.23","141934.97"
"270","L6","26","223766.38","151687.98","142236.48"
"270","L6","27","227977.47","154811.73","142606.12"
"270","L6","28","230710.7","156996.9","142581.67"
"270","L6","29","232952.11","158843.52","142468.42"
"270","L6","30","234699.31","160686.23","142462.61"
"270","L6","31","236042.31","162326.72","142446.88"
"270","L6","32","236863.75","163980.72","142404.67"
"270","L6","33","237499.19","165276.19","142460.84"
"270","L6","34","238324.2","166582.83","142463.33"
"270","L6","35","239325.39","167791.56","142497.12"
"270","L6","36","239893.27","168933.12","142332.7"
"270","L6","37","240705.8","170054.8","142273.72"
"270","L6","38","241338.48","171207.34","142526.17"
"270","L6","39","242122.62","172169.34","142580.34"
"270","L6","40","242251.34","173294.33","142588.86"
"270","L6","41","242247.77","174708.39","142548.73"
"270","L6","42","242949.14","175404.25","142669.42"
"270","L6","43","243417.0","176352.64","142476.5"
"270","L6","44","244004.2","177425.2","142330.94"
"270","L6","45","244224.2","178388.05","142385.56"
"270","L6","46","244150.25","179540.03","142655.39"
"270","L6","47","244791.28","180290.06","142630.8"
"270","L6","48","245225.6","181193.88","142567.88"
"270","L6","49","245520.45","182367.03","142586.2"
"270","L6","50","245473.17","183266.98","142581.42"
"270","L6","51","245647.05","184159.44","142546.5"
"270","L6","52","245862.33","185259.58","142754.5"
"270","L6","53","246459.55","186035.55","142724.03"
"270","L6","54","247021.44","187012.94","142523.0"
"270","L6","55","246886.1","188053.88","142430.16"
"270","L6","56","247250.28","188628.84","142555.86"
"270","L6","57","247421.67","189465.38","142511.86"
"270","L6","58","248021.48","190334.22","142522.48"
"270","L6","59","248461.22","191186.53","142498.53"
"270","L6","60","248762.42","191926.4","142564.28"
"270","L6","61","248252.52","192865.97","142552.61"
"270","L6","62","248477.03","193728.16","142450.75"
"270","L6","63","249639.75","194460.3","142437.03"
"270","L6","64","249884.72","195889.5","142591.84"
"270","L6","65","250040.62","196929.73","142561.95"
"270","L6","66","250210.34","197755.62","142538.12"
"270","L6","67","250776.0","199005.2","142449.62"
"270","L6","68","251971.55","200569.48","142374.08"
"270","L6","69","252360.7","202379.67","142477.38"
"270","L6","70","253708.02","204612.73","142602.03"
"270","L6","71","255651.08","207065.14","142519.2"
"270","L6","72","257366.56","210659.0","142463.6"
"270","L6","73","259622.34","214962.23","142580.92"
"270","L6","74","262206.1","220237.05","142699.72"
"270","L6","75","265697.34","226468.58","142607.64"
"270","L6","76","269120.03","233756.45","142569.05"
"270","L6","77","272720.3","241743.69","142785.52"
"270","L6","78","276459.9","250034.66","142818.58"
"270","L6","79","280172.12","258639.86","142868.58"
"270","L6","80","283394.2","267096.25","143049.0"
"270","L6","81","287656.1","275580.2","143101.75"
"270","L6","82","292508.72","284082.62","143166.06"
"270","L6","83","295726.94","292470.8","143116.17"
"270","L6","84","299335.5","300861.6","143286.2"
"270","L6","85","303648.97","309373.12","143448.86"
"270","L6","86","308090.78","317643.75","143562.83"
"270","L6","87","312956.97","325515.94","143460.19"
"270","L6","88","318424.0","333414.72","143419.19"
"270","L6","89","323696.94","340924.78","143415.3"
"270","L6","90","328453.16","347421.06","143295.39"
"271","L7","1","65911.69","60592.29","136389.56"
"271","L7","2","65688.62","60620.344","136142.19"
"271","L7","3","65249.508","60972.688","135565.56"
"271","L7","4","65042.723","61247.87","135308.8"
"271","L7","5","64776.08","61461.625","135035.38"
"271","L7","6","64747.625","61763.176","134647.94"
"271","L7","7","64942.332","61944.004","134582.45"
"271","L7","8","65231.15","61923.76","134712.66"
"271","L7","9","65650.76","62072.863","134897.52"
"271","L7","10","66579.06","62196.34","134951.62"
"271","L7","11","68265.16","62458.426","134880.17"
"271","L7","12","71390.875","62902.23","134797.58"
"271","L7","13","76390.664","63691.156","134711.36"
"271","L7","14","84200.52","64281.664","134676.12"
"271","L7","15","95064.055","65648.13","134750.17"
"271","L7","16","107883.63","67898.43","134898.3"
"271","L7","17","121535.41","71600.96","134747.02"
"271","L7","18","134866.6","77436.69","134711.25"
"271","L7","19","147360.83","85373.86","134872.58"
"271","L7","20","158608.12","95330.805","134997.9"
"271","L7","21","168819.19","106379.92","135176.25"
"271","L7","22","177898.3","117324.516","135222.77"
"271","L7","23","186327.48","127277.39","135452.88"
"271","L7","24","193885.98","135465.55","135522.44"
"271","L7","25","200188.02","141757.17","135841.69"
"271","L7","26","204929.23","146331.27","135930.34"
"271","L7","27","208565.55","149508.05","135908.52"
"271","L7","28","211338.62","151953.02","136145.56"
"271","L7","29","213645.83","154060.89","136189.56"
"271","L7","30","215234.64","155687.48","136213.58"
"271","L7","31","216498.81","157021.88","136330.22"
"271","L7","32","217618.78","158354.25","136341.19"
"271","L7","33","218506.83","159901.45","136401.84"
"271","L7","34","219425.42","161490.17","136323.8"
"271","L7","35","219981.16","162410.81","136207.08"
"271","L7","36","220468.8","163424.38","136085.33"
"271","L7","37","221000.89","164535.6","136076.39"
"271","L7","38","221533.94","165853.47","136146.06"
"271","L7","39","221935.42","166952.72","136111.11"
"271","L7","40","222116.55","167929.97","136059.12"
"271","L7","41","222489.19","169207.42","136288.23"
"271","L7","42","223264.8","170212.31","136426.69"
"271","L7","43","223270.06","171044.48","136351.33"
"271","L7","44","223342.72","171872.11","136336.44"
"271","L7","45","223923.88","172714.4","136223.64"
"271","L7","46","224293.05","173533.61","136127.38"
"271","L7","47","224572.97","174599.17","136122.69"
"271","L7","48","224870.61","175681.48","136125.69"
"271","L7","49","225250.34","176439.88","135984.33"
"271","L7","50","225127.86","177260.56","135904.62"
"271","L7","51","225371.19","178102.95","136046.5"
"271","L7","52","225705.94","178972.44","136002.25"
"271","L7","53","226088.92","179684.61","136052.7"
"271","L7","54","226506.19","180586.22","136198.89"
"271","L7","55","226805.11","181250.22","136163.72"
"271","L7","56","226849.64","182376.36","136100.73"
"271","L7","57","226948.75","183128.33","135997.69"
"271","L7","58","227374.45","183793.61","135993.6"
"271","L7","59","227747.02","184475.23","136048.55"
"271","L7","60","228014.77","185652.58","136096.27"
"271","L7","61","228191.08","186544.56","136014.27"
"271","L7","62","228195.19","187064.22","135910.44"
"271","L7","63","228429.5","188221.88","135949.47"
"271","L7","64","228721.66","189055.28","136010.3"
"271","L7","65","228770.31","189355.0","135913.58"
"271","L7","66","229121.58","190355.25","135896.31"
"271","L7","67","229561.98","191127.08","136174.48"
"271","L7","68","230061.0","192651.53","136192.28"
"271","L7","69","230266.61","193969.33","136102.7"
"271","L7","70","230545.53","194993.55","136139.7"
"271","L7","71","231096.27","196411.05","136067.9"
"271","L7","72","231679.4","198071.38","136073.17"
"271","L7","73","232990.9","200596.72","136095.38"
"271","L7","74","234298.44","203907.75","136240.5"
"271","L7","75","235686.39","207537.05","136238.11"
"271","L7","76","237710.83","211867.56","136189.34"
"271","L7","77","240117.44","217591.36","136162.73"
"271","L7","78","241870.56","224287.66","136274.77"
"271","L7","79","244028.86","231730.78","136247.03"
"271","L7","80","247264.94","239870.94","136397.94"
"271","L7","81","251196.12","248076.6","136516.39"
"271","L7","82","254513.7","256262.45","136761.97"
"271","L7","83","257773.06","265270.38","136965.61"
"271","L7","84","260853.95","273997.1","136909.78"
"271","L7","85","265534.66","282144.56","136962.34"
"271","L7","86","269610.94","290489.8","136930.1"
"271","L7","87","273642.9","298983.16","137069.95"
"271","L7","88","278877.53","307010.38","137348.06"
"271","L7","89","284235.9","315041.06","137473.16"
"271","L7","90","288778.94","321697.22","137579.84"
"272","L8","1","68654.61","61984.703","137447.67"
"272","L8","2","68458.81","62023.613","137000.9"
"272","L8","3","68207.7","62470.242","136421.83"
"272","L8","4","67879.5","62702.07","136127.69"
"272","L8","5","67728.88","62903.902","135582.8"
"272","L8","6","67673.92","63085.02","135472.67"
"272","L8","7","67742.9","63310.215","135556.55"
"272","L8","8","68073.85","63349.973","135574.19"
"272","L8","9","68372.44","63536.344","135646.11"
"272","L8","10","69377.1","63722.367","135657.42"
"272","L8","11","70918.57","63827.316","135708.95"
"272","L8","12","74154.266","64128.676","135562.25"
"272","L8","13","79414.79","64617.117","135525.97"
"272","L8","14","87231.89","65349.098","135588.45"
"272","L8","15","97893.21","66865.84","135492.86"
"272","L8","16","110887.66","69010.21","135487.7"
"272","L8","17","124635.47","72610.664","135609.6"
"272","L8","18","137870.25","78218.18","135651.08"
"272","L8","19","149915.11","86141.13","135713.22"
"272","L8","20","160670.86","96175.58","135778.64"
"272","L8","21","170359.66","107122.164","136026.45"
"272","L8","22","178987.1","118437.664","136269.64"
"272","L8","23","186628.62","128905.22","136327.53"
"272","L8","24","192628.67","137844.45","136305.31"
"272","L8","25","198013.16","144924.45","136474.08"
"272","L8","26","202373.25","150244.31","136561.94"
"272","L8","27","205657.58","153801.12","136661.5"
"272","L8","28","208462.33","156256.84","136616.7"
"272","L8","29","210477.44","158599.11","136657.17"
"272","L8","30","212155.48","160672.55","136704.88"
"272","L8","31","213357.78","162049.69","136858.77"
"272","L8","32","214354.11","163338.33","136907.73"
"272","L8","33","215158.17","164501.83","136906.39"
"272","L8","34","215567.67","165890.28","136976.48"
"272","L8","35","216543.4","167342.28","136909.78"
"272","L8","36","217184.58","168525.78","136859.19"
"272","L8","37","217561.8","169383.61","136875.69"
"272","L8","38","217666.89","170717.39","136844.77"
"272","L8","39","218130.17","172008.02","136722.47"
"272","L8","40","218324.83","172985.73","136584.06"
"272","L8","41","218348.97","173640.08","136554.69"
"272","L8","42","218674.89","174612.38","136853.84"
"272","L8","43","219108.98","175779.45","136916.16"
"272","L8","44","219277.78","176784.64","136823.03"
"272","L8","45","219570.5","177664.22","136812.64"
"272","L8","46","219712.61","178792.34","136797.47"
"272","L8","47","219872.31","179971.75","136749.42"
"272","L8","48","220243.67","180623.1","136895.88"
"272","L8","49","220679.12","181042.31","136872.1"
"272","L8","50","220833.45","182033.64","136761.89"
"272","L8","51","220892.34","183251.7","136720.66"
"272","L8","52","220969.17","183856.3","136710.48"
"272","L8","53","221014.14","184639.67","136792.45"
"272","L8","54","221264.58","185535.16","136880.61"
"272","L8","55","221711.03","186557.53","136826.06"
"272","L8","56","221865.73","187272.55","136879.66"
"272","L8","57","222018.06","187969.69","136871.02"
"272","L8","58","222189.67","188670.81","136740.7"
"272","L8","59","222146.03","189457.06","136614.52"
"272","L8","60","222253.25","190293.61","136544.31"
"272","L8","61","222398.81","191082.34","136503.4"
"272","L8","62","222265.97","191752.33","136582.83"
"272","L8","63","222713.25","192576.4","136655.62"
"272","L8","64","223097.5","193507.56","136565.23"
"272","L8","65","223242.12","194354.36","136482.4"
"272","L8","66","223533.89","195126.97","136528.23"
"272","L8","67","223363.08","195807.47","136513.31"
"272","L8","68","223438.75","196432.92","136602.42"
"272","L8","69","223705.05","196865.4","136527.83"
"272","L8","70","223785.6","198047.9","136412.75"
"272","L8","71","223942.22","198539.73","136298.7"
"272","L8","72","224078.86","199382.64","136249.11"
"272","L8","73","224058.75","200026.69","136379.17"
"272","L8","74","224211.84","200980.44","136356.1"
"272","L8","75","224635.64","201840.23","136407.5"
"272","L8","76","224583.84","202990.58","136450.1"
"272","L8","77","225126.12","203746.56","136388.81"
"272","L8","78","225779.5","204275.36","136380.7"
"272","L8","79","226366.67","205287.4","136383.02"
"272","L8","80","226897.62","206723.38","136589.44"
"272","L8","81","227803.64","207776.3","136373.19"
"272","L8","82","229054.11","208950.53","136236.33"
"272","L8","83","230516.31","210437.03","136217.05"
"272","L8","84","232226.25","211849.97","136192.16"
"272","L8","85","234108.34","213683.78","136332.58"
"272","L8","86","237275.56","215664.7","136321.08"
"272","L8","87","240637.84","217805.83","136279.7"
"272","L8","88","243812.77","219911.05","136452.62"
"272","L8","89","247724.83","222775.64","136595.17"
"272","L8","90","252063.08","225279.8","136640.8"
"273","L9","1","72921.92","62531.395","126582.086"
"273","L9","2","72810.1","62616.656","126472.41"
"273","L9","3","72416.17","63034.17","126021.5"
"273","L9","4","72326.26","63996.277","125923.586"
"273","L9","5","72424.36","64386.85","125986.49"
"273","L9","6","72410.625","64608.98","126117.57"
"273","L9","7","72378.77","64884.816","126123.87"
"273","L9","8","72264.18","65116.164","126147.58"
"273","L9","9","72161.445","65372.69","126151.44"
"273","L9","10","72206.36","65707.12","126258.625"
"273","L9","11","72507.68","65687.84","126229.64"
"273","L9","12","72713.836","65745.79","126115.71"
"273","L9","13","72908.52","66094.54","126120.21"
"273","L9","14","73540.65","66749.57","126341.51"
"273","L9","15","74715.93","67956.94","126393.22"
"273","L9","16","76849.38","69938.94","126568.04"
"273","L9","17","80215.695","73655.2","126608.336"
"273","L9","18","86323.38","79386.64","126585.86"
"273","L9","19","95831.33","87959.39","126623.664"
"273","L9","20","109168.14","98792.74","126702.484"
"273","L9","21","125375.64","109151.13","126812.875"
"273","L9","22","141908.19","117957.13","126803.53"
"273","L9","23","157175.4","124135.664","126918.99"
"273","L9","24","170112.53","128401.234","126931.06"
"273","L9","25","180596.03","131774.03","127106.77"
"273","L9","26","188761.67","134384.19","127021.12"
"273","L9","27","194663.83","136309.19","126960.445"
"273","L9","28","199026.19","138267.16","127118.89"
"273","L9","29","202331.94","139439.77","127013.695"
"273","L9","30","204717.77","140661.31","126889.125"
"273","L9","31","206472.53","141714.1","126836.8"
"273","L9","32","207831.88","142974.83","126910.43"
"273","L9","33","209216.72","143771.98","127231.625"
"273","L9","34","210540.22","144658.94","127193.33"
"273","L9","35","211772.0","145321.44","127035.68"
"273","L9","36","212712.61","145937.92","126908.2"
"273","L9","37","213866.67","147322.52","126887.61"
"273","L9","38","214874.34","148345.61","127108.766"
"273","L9","39","215745.52","148973.28","127086.61"
"273","L9","40","216871.9","149769.03","126982.4"
"273","L9","41","217992.95","150235.47","126980.64"
"273","L9","42","218714.42","150968.47","127077.55"
"273","L9","43","219573.94","151828.3","127055.65"
"273","L9","44","220153.3","152661.73","127079.03"
"273","L9","45","221247.55","153463.33","127177.42"
"273","L9","46","222437.45","154198.58","127021.65"
"273","L9","47","223474.03","154925.19","126786.31"
"273","L9","48","224087.53","155847.77","126655.75"
"273","L9","49","224728.34","156501.97","126652.99"
"273","L9","50","225720.0","157092.06","126889.195"
"273","L9","51","226385.0","157854.39","126840.2"
"273","L9","52","227158.55","158394.03","126749.94"
"273","L9","53","228240.0","159387.17","126753.17"
"273","L9","54","229330.67","160154.56","126715.97"
"273","L9","55","229772.45","160651.14","126786.02"
"273","L9","56","230798.62","161275.72","126736.875"
"273","L9","57","231834.4","162430.02","126733.49"
"273","L9","58","232764.56","163395.94","126800.234"
"273","L9","59","234061.7","164186.3","126831.2"
"273","L9","60","235499.53","165921.77","126761.63"
"273","L9","61","237224.77","167141.3","126770.125"
"273","L9","62","239438.75","169088.67","126882.18"
"273","L9","63","242301.66","172026.34","126833.78"
"273","L9","64","245885.58","175792.48","126791.18"
"273","L9","65","250230.6","180279.92","126748.49"
"273","L9","66","255301.47","185964.17","126879.85"
"273","L9","67","260726.8","192310.14","126955.27"
"273","L9","68","266822.7","199148.69","126897.42"
"273","L9","69","272559.53","207051.53","126894.83"
"273","L9","70","278518.0","214816.81","126910.72"
"273","L9","71","284285.62","222530.69","127266.29"
"273","L9","72","290827.53","230359.45","127438.19"
"273","L9","73","296830.53","238036.5","127420.74"
"273","L9","74","302807.8","245054.45","127523.555"
"273","L9","75","309116.34","252379.81","127508.766"
"273","L9","76","314557.56","259334.48","127468.83"
"273","L9","77","319950.34","266179.66","127606.445"
"273","L9","78","326688.5","272560.47","127586.03"
"273","L9","79","332514.75","278560.47","127552.82"
"273","L9","80","338263.62","284283.4","127376.11"
"273","L9","81","344640.06","290114.16","127323.48"
"273","L9","82","350604.72","295673.22","127650.48"
"273","L9","83","355867.4","300968.6","127774.37"
"273","L9","84","362020.62","306099.44","127692.82"
"273","L9","85","368185.25","310878.88","127640.32"
"273","L9","86","374627.03","315964.78","127830.96"
"273","L9","87","380387.6","320184.47","127999.23"
"273","L9","88","386595.53","324922.22","128121.12"
"273","L9","89","392492.0","329254.3","128094.516"
"273","L9","90","397933.34","332963.78","128001.98"
"274","L10","1","71464.25","62561.402","125418.266"
"274","L10","2","71206.68","62825.375","125377.445"
"274","L10","3","70961.1","63307.305","125301.984"
"274","L10","4","70844.46","63993.402","125226.03"
"274","L10","5","70675.77","64267.52","125156.06"
"274","L10","6","70544.61","64542.703","125066.2"
"274","L10","7","70453.26","64888.977","124735.164"
"274","L10","8","70458.62","65281.598","124701.18"
"274","L10","9","70562.7","65492.5","124895.56"
"274","L10","10","70597.22","65529.44","124908.36"
"274","L10","11","70603.93","65626.23","124947.48"
"274","L10","12","70635.56","65716.11","125052.09"
"274","L10","13","70975.27","66163.79","124932.85"
"274","L10","14","71655.65","66695.68","124858.06"
"274","L10","15","72725.04","67761.82","124851.81"
"274","L10","16","74152.04","69939.87","124921.266"
"274","L10","17","77049.14","73497.83","125091.72"
"274","L10","18","81924.336","79308.945","125228.96"
"274","L10","19","89748.61","88268.98","125432.11"
"274","L10","20","101313.625","99729.13","125515.94"
"274","L10","21","115489.28","111485.88","125694.23"
"274","L10","22","130451.32","121536.22","125855.35"
"274","L10","23","144375.42","129168.17","126049.04"
"274","L10","24","156455.78","134507.11","125844.06"
"274","L10","25","166354.1","138681.64","125700.63"
"274","L10","26","173929.33","141909.17","125745.055"
"274","L10","27","179465.1","143775.66","125964.63"
"274","L10","28","183364.11","145387.31","125961.63"
"274","L10","29","186037.22","147080.2","125884.51"
"274","L10","30","188040.48","148128.45","125911.64"
"274","L10","31","189913.67","149508.33","125724.01"
"274","L10","32","191132.61","150911.42","125598.734"
"274","L10","33","192414.62","152010.12","125626.58"
"274","L10","34","193698.5","152832.02","125792.55"
"274","L10","35","194914.08","153628.75","125909.484"
"274","L10","36","195683.45","154566.72","125893.4"
"274","L10","37","196511.38","155511.55","126046.37"
"274","L10","38","197518.0","156502.05","126000.164"
"274","L10","39","198694.4","157342.53","125960.58"
"274","L10","40","199480.78","158247.44","125894.766"
"274","L10","41","200159.47","159247.61","125968.17"
"274","L10","42","201055.67","160083.34","126003.9"
"274","L10","43","201787.92","160853.31","126096.49"
"274","L10","44","202883.45","161523.6","126056.47"
"274","L10","45","203688.28","162525.44","126122.37"
"274","L10","46","204309.92","163698.89","126056.91"
"274","L10","47","205019.75","164512.11","126039.67"
"274","L10","48","205932.83","165236.4","125978.05"
"274","L10","49","206750.77","166097.0","125914.29"
"274","L10","50","207723.38","166799.75","125811.414"
"274","L10","51","208304.1","167787.02","125820.5"
"274","L10","52","208783.89","168378.9","126032.4"
"274","L10","53","209727.88","169026.39","126051.78"
"274","L10","54","210499.14","170095.06","125939.83"
"274","L10","55","211228.48","170881.52","125832.27"
"274","L10","56","211875.89","171991.77","125840.7"
"274","L10","57","212615.19","172772.56","125898.086"
"274","L10","58","213641.64","173183.78","125962.5"
"274","L10","59","214307.7","173836.77","126054.11"
"274","L10","60","215098.39","175054.62","125864.445"
"274","L10","61","215994.72","176223.22","125723.06"
"274","L10","62","217004.73","177735.9","125669.086"
"274","L10","63","218392.28","179129.36","125630.56"
"274","L10","64","220050.53","181074.1","125699.234"
"274","L10","65","222122.72","183494.64","125675.234"
"274","L10","66","224412.33","187026.56","125758.875"
"274","L10","67","227457.08","191483.88","125771.09"
"274","L10","68","231392.92","196665.73","125800.72"
"274","L10","69","235664.52","202910.16","125956.26"
"274","L10","70","240125.1","210255.12","126006.38"
"274","L10","71","244481.2","218179.0","126136.28"
"274","L10","72","249650.53","225807.31","126392.77"
"274","L10","73","254718.95","234145.0","126363.96"
"274","L10","74","259378.97","242642.95","126394.016"
"274","L10","75","263725.1","250683.28","126416.97"
"274","L10","76","268351.66","258022.33","126468.21"
"274","L10","77","273211.7","265001.47","126520.88"
"274","L10","78","277868.44","272130.0","126784.26"
"274","L10","79","282317.72","279053.47","126869.734"
"274","L10","80","287283.7","285663.38","126813.59"
"274","L10","81","292009.03","291616.75","126831.89"
"274","L10","82","296776.72","297437.3","126882.72"
"274","L10","83","301862.28","303418.47","126832.4"
"274","L10","84","306321.94","308877.88","126724.99"
"274","L10","85","311172.53","314105.47","126811.19"
"274","L10","86","315618.88","319297.5","126952.23"
"274","L10","87","321097.34","324175.16","126996.75"
"274","L10","88","326032.3","328679.3","127049.78"
"274","L10","89","331203.84","333151.06","127074.625"
"274","L10","90","336167.78","336943.34","127228.18"
"275","L11","1","65712.93","64147.37","126487.484"
"275","L11","2","65343.836","64269.996","126265.96"
"275","L11","3","64942.617","64850.61","126118.55"
"275","L11","4","64705.83","65531.977","126122.29"
"275","L11","5","64551.004","66105.234","126121.555"
"275","L11","6","64296.61","66330.1","126253.5"
"275","L11","7","64249.2","66752.17","126232.58"
"275","L11","8","64313.01","66960.34","126135.555"
"275","L11","9","64393.58","67180.25","125845.86"
"275","L11","10","64581.6","67293.99","125821.65"
"275","L11","11","64569.824","67485.58","126010.016"
"275","L11","12","64502.973","67727.71","126044.24"
"275","L11","13","64555.086","68081.21","126123.195"
"275","L11","14","65043.97","68470.984","126090.63"
"275","L11","15","65774.83","69632.266","126030.07"
"275","L11","16","67442.78","71787.5","125996.76"
"275","L11","17","70170.23","75348.266","126030.08"
"275","L11","18","74533.86","81509.445","125972.82"
"275","L11","19","81838.35","90939.83","125946.13"
"275","L11","20","92264.484","102656.086","126141.88"
"275","L11","21","105199.445","115332.55","126580.58"
"275","L11","22","118878.375","126463.61","126452.27"
"275","L11","23","131942.22","134520.53","126395.12"
"275","L11","24","143500.62","140814.53","126612.875"
"275","L11","25","152710.94","145245.58","126609.53"
"275","L11","26","159979.67","148311.3","126668.336"
"275","L11","27","165328.48","150852.11","126839.09"
"275","L11","28","169080.36","152925.81","126923.945"
"275","L11","29","171820.72","154271.31","126896.32"
"275","L11","30","173649.14","155829.05","126994.85"
"275","L11","31","175059.83","156865.44","126816.07"
"275","L11","32","176481.17","158046.03","126735.28"
"275","L11","33","177751.64","159291.8","126914.79"
"275","L11","34","178800.44","160455.36","126963.17"
"275","L11","35","179638.05","161404.98","126934.305"
"275","L11","36","180605.95","162443.78","126870.51"
"275","L11","37","181840.48","163242.17","126777.63"
"275","L11","38","182459.94","163962.4","126755.875"
"275","L11","39","183218.97","164932.78","126724.6"
"275","L11","40","183695.44","166005.06","126710.734"
"275","L11","41","184651.27","166850.31","126941.68"
"275","L11","42","185279.47","168018.56","126919.35"
"275","L11","43","186151.2","168877.03","126890.695"
"275","L11","44","186883.69","169662.47","126845.5"
"275","L11","45","187573.2","170452.2","126749.516"
"275","L11","46","188253.92","171660.77","126717.16"
"275","L11","47","189240.02","172633.16","126897.164"
"275","L11","48","190044.42","173264.64","126814.16"
"275","L11","49","190805.12","174112.27","126725.85"
"275","L11","50","191519.19","174968.2","126791.67"
"275","L11","51","191905.52","175887.39","126752.625"
"275","L11","52","192461.75","176562.44","126536.44"
"275","L11","53","193290.64","177184.55","126398.61"
"275","L11","54","194109.67","177843.56","126330.99"
"275","L11","55","194654.25","178788.03","126386.125"
"275","L11","56","195189.84","179287.53","126486.89"
"275","L11","57","195988.16","180276.98","126524.195"
"275","L11","58","196784.4","181200.58","126509.34"
"275","L11","59","197063.78","182079.5","126659.4"
"275","L11","60","197829.17","183070.78","126632.44"
"275","L11","61","198689.4","183810.39","126613.0"
"275","L11","62","199677.02","184648.11","126575.625"
"275","L11","63","200271.55","185920.64","126620.305"
"275","L11","64","201191.62","187159.77","126373.02"
"275","L11","65","202154.03","188837.64","126297.234"
"275","L11","66","203486.61","190783.92","126454.68"
"275","L11","67","204844.78","193544.05","126406.555"
"275","L11","68","206575.48","196796.73","126340.945"
"275","L11","69","208943.6","201320.1","126371.125"
"275","L11","70","211559.42","206673.2","126290.79"
"275","L11","71","214937.08","212836.6","126227.06"
"275","L11","72","218831.83","220454.52","126329.445"
"275","L11","73","222464.08","228379.28","126635.92"
"275","L11","74","226560.97","236569.98","126817.766"
"275","L11","75","230439.84","245227.92","126898.555"
"275","L11","76","234245.81","253827.33","126918.71"
"275","L11","77","238223.2","262015.95","126882.4"
"275","L11","78","242475.95","269952.75","127045.26"
"275","L11","79","246506.58","277431.2","127219.61"
"275","L11","80","250117.0","284938.16","127558.47"
"275","L11","81","253803.17","291924.88","127501.78"
"275","L11","82","257811.11","298437.4","127401.79"
"275","L11","83","262050.86","304549.56","127551.305"
"275","L11","84","265738.16","310896.25","127689.7"
"275","L11","85","269687.06","316372.1","127657.38"
"275","L11","86","273163.25","322159.1","127830.555"
"275","L11","87","277683.47","327474.6","127882.27"
"275","L11","88","282299.7","332404.25","127829.85"
"275","L11","89","287207.66","337383.5","127727.234"
"275","L11","90","290271.62","341732.66","127649.29"
"276","L12","1","68631.75","65732.58","130014.75"
"276","L12","2","68361.48","65856.95","129899.516"
"276","L12","3","68158.13","66465.8","129765.31"
"276","L12","4","68084.06","67133.5","129696.75"
"276","L12","5","67983.31","67952.98","129594.36"
"276","L12","6","67862.86","68399.68","129548.34"
"276","L12","7","67764.66","68541.14","129660.41"
"276","L12","8","67611.23","68673.16","129634.34"
"276","L12","9","67580.66","69023.945","129556.03"
"276","L12","10","67623.21","69181.9","129509.305"
"276","L12","11","67677.09","69348.18","129420.02"
"276","L12","12","67673.14","69443.484","129280.8"
"276","L12","13","67756.19","70009.74","129268.625"
"276","L12","14","68193.69","70746.89","129443.95"
"276","L12","15","69289.336","71756.125","129329.37"
"276","L12","16","70853.32","73846.62","129255.81"
"276","L12","17","73595.33","77584.55","129267.61"
"276","L12","18","78217.29","83972.53","129290.27"
"276","L12","19","85506.73","93242.52","129560.7"
"276","L12","20","95885.48","105842.3","129833.88"
"276","L12","21","108663.59","119218.016","129842.375"
"276","L12","22","122379.62","131070.11","129777.02"
"276","L12","23","135346.3","139715.23","129821.43"
"276","L12","24","146911.42","146011.1","129822.336"
"276","L12","25","156450.83","150951.48","129749.945"
"276","L12","26","163984.66","154284.39","129766.445"
"276","L12","27","169351.84","156769.52","129895.9"
"276","L12","28","173469.66","158690.06","129897.7"
"276","L12","29","175907.39","160273.03","129993.305"
"276","L12","30","177682.4","161788.28","129970.75"
"276","L12","31","179187.86","163067.94","130090.516"
"276","L12","32","180481.5","164084.62","130179.46"
"276","L12","33","181547.1","165069.69","129909.45"
"276","L12","34","182707.31","166440.38","129746.336"
"276","L12","35","183823.17","167368.6","129635.46"
"276","L12","36","184517.11","168492.36","129548.914"
"276","L12","37","185214.34","169696.5","129586.26"
"276","L12","38","185984.8","171022.25","129908.39"
"276","L12","39","186834.9","171960.19","130070.08"
"276","L12","40","187863.84","172749.22","129885.85"
"276","L12","41","188525.48","173700.0","129773.484"
"276","L12","42","189406.9","174634.05","129804.21"
"276","L12","43","190458.81","175459.05","129819.85"
"276","L12","44","191087.14","176462.12","129725.41"
"276","L12","45","191545.8","177236.72","129582.93"
"276","L12","46","192086.02","178241.67","129511.45"
"276","L12","47","193225.34","179075.88","129562.14"
"276","L12","48","193842.95","180143.55","129581.03"
"276","L12","49","194575.89","180784.78","129548.53"
"276","L12","50","195021.25","181602.58","129591.42"
"276","L12","51","195763.16","182405.64","129447.695"
"276","L12","52","196572.36","183520.03","129423.61"
"276","L12","53","196931.19","184298.75","129617.375"
"276","L12","54","197700.0","184985.61","129445.08"
"276","L12","55","198519.08","185938.2","129400.07"
"276","L12","56","199141.25","186642.08","129587.4"
"276","L12","57","199899.84","187515.81","129462.88"
"276","L12","58","200272.73","188656.77","129389.16"
"276","L12","59","200981.83","189389.48","129472.125"
"276","L12","60","201819.08","189843.95","129528.28"
"276","L12","61","202572.78","190523.03","129432.11"
"276","L12","62","202943.34","191260.2","129351.836"
"276","L12","63","203735.12","192343.25","129324.3"
"276","L12","64","204438.42","193696.08","129381.64"
"276","L12","65","205090.27","195010.36","129511.0"
"276","L12","66","205774.56","196138.27","129440.984"
"276","L12","67","206635.0","198022.19","129283.38"
"276","L12","68","207952.52","200397.95","129239.43"
"276","L12","69","209001.9","203031.92","129278.2"
"276","L12","70","210616.66","206491.8","129056.07"
"276","L12","71","212553.22","211006.62","129118.06"
"276","L12","72","214888.02","216787.02","129570.61"
"276","L12","73","217626.72","223411.97","129453.88"
"276","L12","74","220933.67","231323.64","129366.4"
"276","L12","75","224371.14","239639.14","129452.586"
"276","L12","76","227619.34","248424.7","129592.37"
"276","L12","77","230859.55","257494.83","129762.39"
"276","L12","78","234537.52","266368.34","129777.77"
"276","L12","79","238315.75","274538.94","129744.76"
"276","L12","80","241892.27","282515.53","129866.17"
"276","L12","81","245122.44","290662.66","129814.39"
"276","L12","82","248553.84","297876.97","129726.53"
"276","L12","83","252086.78","305118.44","129699.6"
"276","L12","84","255461.53","311932.5","129707.63"
"276","L12","85","258939.45","318340.75","129966.836"
"276","L12","86","262723.22","324351.66","130005.68"
"276","L12","87","266053.6","330368.75","130131.625"
"276","L12","88","269753.44","335811.5","129967.625"
"276","L12","89","273797.72","341244.44","129922.39"
"276","L12","90","277615.2","345545.8","130233.516"
"277","L13","1","68489.22","67416.94","131998.28"
"277","L13","2","68199.5","67489.91","131715.7"
"277","L13","3","67781.8","68165.5","131514.5"
"277","L13","4","67548.484","68955.23","131405.66"
"277","L13","5","67316.88","69537.27","131165.1"
"277","L13","6","67319.88","69788.51","131133.56"
"277","L13","7","67537.25","69837.875","131252.84"
"277","L13","8","67556.914","70409.586","131142.23"
"277","L13","9","67514.164","70759.26","131088.14"
"277","L13","10","67513.65","70766.61","131068.766"
"277","L13","11","67484.695","71122.17","131064.01"
"277","L13","12","67594.08","71274.336","131096.72"
"277","L13","13","68054.5","71457.6","131202.47"
"277","L13","14","68516.76","71992.695","131259.33"
"277","L13","15","69358.47","73274.81","131422.84"
"277","L13","16","70810.484","75293.57","131366.31"
"277","L13","17","73732.76","79187.06","131144.25"
"277","L13","18","78547.73","85633.03","131176.69"
"277","L13","19","86030.555","95569.41","131543.33"
"277","L13","20","96882.14","108205.83","131623.6"
"277","L13","21","109877.164","121464.33","131823.4"
"277","L13","22","123448.1","133865.52","131978.36"
"277","L13","23","136798.72","143370.0","131979.11"
"277","L13","24","148553.36","150413.12","132110.44"
"277","L13","25","158029.84","155052.31","132114.9"
"277","L13","26","165844.52","158737.72","132259.84"
"277","L13","27","171253.8","161324.88","132232.77"
"277","L13","28","175178.16","163476.05","132258.23"
"277","L13","29","177905.05","164789.6","132177.03"
"277","L13","30","179895.08","166279.19","132143.16"
"277","L13","31","181513.05","167685.58","132400.48"
"277","L13","32","182908.61","168786.81","132435.44"
"277","L13","33","183869.25","170163.5","132377.45"
"277","L13","34","184904.61","171088.66","132435.67"
"277","L13","35","185974.33","172590.62","132138.89"
"277","L13","36","186535.97","173481.92","132037.2"
"277","L13","37","187543.88","174678.95","132260.94"
"277","L13","38","188563.25","175416.9","132350.3"
"277","L13","39","189486.94","176395.25","132306.39"
"277","L13","40","189980.6","177608.08","132386.6"
"277","L13","41","190692.47","178493.55","132249.31"
"277","L13","42","191708.62","179401.12","132185.4"
"277","L13","43","192417.61","180659.83","132334.66"
"277","L13","44","193114.25","181431.84","132087.36"
"277","L13","45","194006.84","182593.8","132030.39"
"277","L13","46","194597.02","183299.62","132357.81"
"277","L13","47","195438.06","184427.39","132317.06"
"277","L13","48","196120.94","185105.66","132209.7"
"277","L13","49","196842.89","185758.8","132205.05"
"277","L13","50","197427.61","186894.4","132149.69"
"277","L13","51","198180.66","187980.23","132194.27"
"277","L13","52","198988.34","188672.36","132184.83"
"277","L13","53","199776.92","189592.12","132422.64"
"277","L13","54","200233.69","190149.7","132586.9"
"277","L13","55","200855.5","191490.05","132473.6"
"277","L13","56","201584.3","192374.75","132360.55"
"277","L13","57","201931.69","193374.56","132365.9"
"277","L13","58","202683.8","193714.5","132285.31"
"277","L13","59","203302.5","194516.73","132238.3"
"277","L13","60","204211.66","195393.1","132090.45"
"277","L13","61","204724.34","196285.52","131810.77"
"277","L13","62","205333.77","196633.75","131731.98"
"277","L13","63","206168.52","197582.5","131906.66"
"277","L13","64","207080.72","198967.0","131938.25"
"277","L13","65","207534.44","199957.03","131887.36"
"277","L13","66","208308.55","200756.58","131944.19"
"277","L13","67","209147.23","202168.1","131905.08"
"277","L13","68","209619.17","203151.36","131934.44"
"277","L13","69","210454.97","204601.77","131884.53"
"277","L13","70","211660.5","206773.2","131729.88"
"277","L13","71","212739.0","209444.19","131716.94"
"277","L13","72","214110.3","213036.34","132015.78"
"277","L13","73","216277.53","217461.5","132035.62"
"277","L13","74","218861.06","222961.95","132121.2"
"277","L13","75","221594.27","229506.1","132286.9"
"277","L13","76","224691.67","237516.31","132409.69"
"277","L13","77","228387.62","246341.7","132411.27"
"277","L13","78","232252.52","255174.66","132635.38"
"277","L13","79","235963.38","264028.94","132615.52"
"277","L13","80","239651.38","273047.88","132709.25"
"277","L13","81","243451.62","281532.72","132960.86"
"277","L13","82","247029.31","289368.7","133101.72"
"277","L13","83","250785.44","297426.8","133096.89"
"277","L13","84","254392.67","305244.9","133085.62"
"277","L13","85","258511.06","312728.12","133148.38"
"277","L13","86","262038.61","320102.47","133160.6"
"277","L13","87","265665.8","326487.9","133372.23"
"277","L13","88","269648.22","332909.2","133749.62"
"277","L13","89","273842.62","339306.9","133699.1"
"277","L13","90","277434.03","344113.1","133536.23"
"278","L14","1","71089.17","63379.84","125757.12"
"278","L14","2","70782.586","63418.293","125617.02"
"278","L14","3","70563.28","64033.23","125445.29"
"278","L14","4","70501.734","64984.344","125288.71"
"278","L14","5","70357.98","65480.8","125051.555"
"278","L14","6","70144.31","65799.0","124936.99"
"278","L14","7","69942.0","65959.58","124910.266"
"278","L14","8","69930.52","66199.81","124874.875"
"278","L14","9","70046.79","66539.984","124683.234"
"278","L14","10","70021.44","66606.71","124662.58"
"278","L14","11","69990.96","66727.76","124872.055"
"278","L14","12","70057.71","66997.695","124742.71"
"278","L14","13","70303.586","67190.72","124467.6"
"278","L14","14","70709.06","67736.6","124475.04"
"278","L14","15","71566.89","68755.33","124744.86"
"278","L14","16","72907.01","70653.94","124799.086"
"278","L14","17","75595.91","74254.86","124938.5"
"278","L14","18","80074.62","80218.52","125048.766"
"278","L14","19","87324.086","89315.67","125141.05"
"278","L14","20","97481.19","101093.55","125110.695"
"278","L14","21","109993.63","113958.02","125182.8"
"278","L14","22","123123.29","125154.9","125544.445"
"278","L14","23","135673.33","134085.97","125678.73"
"278","L14","24","146993.83","140343.88","125650.3"
"278","L14","25","156378.62","145108.7","125609.71"
"278","L14","26","163614.39","148253.6","125856.76"
"278","L14","27","169306.28","150337.16","126009.12"
"278","L14","28","173017.22","152038.69","125612.52"
"278","L14","29","175567.58","154020.44","125460.33"
"278","L14","30","177236.58","155729.39","125587.54"
"278","L14","31","178799.02","156851.4","125636.75"
"278","L14","32","180310.0","157990.25","125727.586"
"278","L14","33","181399.69","159042.02","125699.69"
"278","L14","34","182251.56","160218.67","125816.43"
"278","L14","35","183083.19","161243.27","125865.195"
"278","L14","36","183952.2","162356.05","126008.56"
"278","L14","37","184759.94","163207.0","125851.29"
"278","L14","38","185704.86","164146.75","125717.58"
"278","L14","39","186646.11","164857.08","125700.37"
"278","L14","40","187074.38","165754.56","125623.69"
"278","L14","41","188018.78","166494.97","125666.89"
"278","L14","42","188535.12","167656.4","125819.65"
"278","L14","43","189179.08","168541.53","125887.15"
"278","L14","44","190113.36","169572.19","125790.21"
"278","L14","45","190758.81","170373.2","125686.06"
"278","L14","46","191412.75","171357.03","125724.94"
"278","L14","47","191961.0","171987.61","125778.914"
"278","L14","48","192642.48","173013.6","125680.42"
"278","L14","49","193485.53","173529.22","125405.1"
"278","L14","50","193878.61","174360.94","125374.44"
"278","L14","51","194465.23","175420.94","125806.94"
"278","L14","52","195072.78","176203.38","125958.74"
"278","L14","53","195921.31","177129.0","125840.016"
"278","L14","54","196516.89","177522.97","125702.586"
"278","L14","55","196772.06","178418.95","125640.74"
"278","L14","56","197485.39","179340.25","125670.48"
"278","L14","57","198489.1","180384.53","125587.625"
"278","L14","58","199049.22","180882.45","125500.59"
"278","L14","59","199573.14","181544.1","125337.99"
"278","L14","60","200077.52","182338.45","125269.18"
"278","L14","61","200476.83","183339.48","125395.4"
"278","L14","62","201327.75","183873.81","125351.38"
"278","L14","63","201948.12","184628.03","125340.53"
"278","L14","64","202362.61","185685.44","125405.836"
"278","L14","65","203080.47","186481.67","125321.945"
"278","L14","66","203596.88","186956.56","125254.3"
"278","L14","67","203998.89","187907.28","125351.49"
"278","L14","68","204689.72","189017.92","125343.8"
"278","L14","69","205630.25","190011.05","125291.445"
"278","L14","70","206337.86","191552.25","125382.25"
"278","L14","71","207134.16","193359.92","125394.375"
"278","L14","72","208444.94","195571.22","125455.0"
"278","L14","73","209968.72","198156.88","125362.1"
"278","L14","74","211656.81","201572.9","125304.33"
"278","L14","75","213841.22","206407.52","125517.945"
"278","L14","76","216416.95","212388.39","125776.29"
"278","L14","77","219402.62","219010.73","125761.414"
"278","L14","78","222874.42","227174.89","125665.805"
"278","L14","79","226275.77","235186.25","125715.12"
"278","L14","80","229862.06","243605.6","125858.1"
"278","L14","81","233789.3","251996.05","125984.93"
"278","L14","82","237323.94","260364.7","126289.64"
"278","L14","83","240812.83","268280.66","126270.71"
"278","L14","84","244473.61","275577.53","126304.94"
"278","L14","85","248120.75","282996.0","126356.75"
"278","L14","86","251574.36","289803.22","126422.195"
"278","L14","87","255117.97","296748.1","126448.34"
"278","L14","88","258611.2","302888.16","126361.68"
"278","L14","89","262251.88","308460.6","126431.55"
"278","L14","90","265488.7","313352.94","126531.36"
"279","L15","1","75369.12","65379.87","128904.125"
"279","L15","2","75012.1","65501.734","128801.56"
"279","L15","3","74688.49","66246.68","128394.305"
"279","L15","4","74360.39","66830.09","128284.88"
"279","L15","5","74228.69","67116.86","128322.1"
"279","L15","6","74215.18","67527.58","127952.24"
"279","L15","7","74284.914","67629.45","127796.68"
"279","L15","8","74159.55","68120.98","127845.76"
"279","L15","9","73898.87","68298.54","128106.11"
"279","L15","10","73853.055","68306.57","128135.695"
"279","L15","11","73948.586","68559.26","128060.11"
"279","L15","12","74088.01","68949.62","127946.89"
"279","L15","13","74244.4","69494.18","127929.24"
"279","L15","14","74949.24","69711.96","128085.8"
"279","L15","15","75570.06","70714.06","128178.27"
"279","L15","16","77079.86","73075.58","128005.27"
"279","L15","17","79793.92","76993.016","127943.484"
"279","L15","18","84161.15","83090.14","128079.83"
"279","L15","19","91491.11","92784.91","128413.65"
"279","L15","20","101821.73","105132.32","128539.03"
"279","L15","21","114267.47","117971.34","128575.94"
"279","L15","22","127736.64","129579.36","128849.82"
"279","L15","23","140795.98","138969.42","128968.03"
"279","L15","24","152267.42","145558.23","128861.57"
"279","L15","25","161481.53","150388.25","128675.02"
"279","L15","26","169277.84","153756.95","128667.914"
"279","L15","27","174711.33","155973.3","129076.625"
"279","L15","28","178649.69","157905.6","129166.945"
"279","L15","29","181452.45","159498.25","128947.57"
"279","L15","30","182990.25","160882.97","128874.414"
"279","L15","31","184721.95","162279.67","129086.16"
"279","L15","32","185840.33","163817.3","129072.5"
"279","L15","33","186924.9","165047.31","129128.03"
"279","L15","34","188031.11","165961.75","129162.29"
"279","L15","35","188893.95","167010.53","129086.89"
"279","L15","36","189710.62","168203.22","128929.29"
"279","L15","37","190541.08","169470.81","128863.39"
"279","L15","38","191546.17","170155.1","129028.586"
"279","L15","39","192140.25","171107.56","128993.8"
"279","L15","40","192901.47","172241.64","128892.445"
"279","L15","41","193646.52","173150.86","128916.11"
"279","L15","42","194163.06","173983.23","129066.68"
"279","L15","43","194769.28","175059.12","129102.15"
"279","L15","44","195620.8","176160.92","129031.25"
"279","L15","45","196368.45","177005.25","129040.01"
"279","L15","46","197199.34","177881.72","128962.52"
"279","L15","47","197628.66","178676.02","128889.46"
"279","L15","48","198376.56","179818.3","128942.41"
"279","L15","49","199077.95","180267.89","128890.97"
"279","L15","50","199727.64","181221.03","128901.07"
"279","L15","51","200169.36","182253.34","128858.55"
"279","L15","52","201182.64","182759.83","128937.71"
"279","L15","53","201642.8","183651.84","128865.56"
"279","L15","54","202159.3","184493.3","128766.055"
"279","L15","55","202880.81","185055.0","128756.67"
"279","L15","56","203376.89","185945.22","129069.82"
"279","L15","57","203858.61","187143.64","129059.86"
"279","L15","58","204442.3","187801.61","128777.18"
"279","L15","59","204817.73","188467.28","128693.03"
"279","L15","60","205428.3","189264.55","128861.29"
"279","L15","61","206178.6","190190.16","128730.55"
"279","L15","62","206733.55","190537.4","128618.01"
"279","L15","63","207444.77","191772.1","128648.34"
"279","L15","64","207867.25","192334.61","128758.586"
"279","L15","65","208243.94","193494.53","128763.35"
"279","L15","66","209018.92","194422.31","128723.82"
"279","L15","67","209943.55","194940.45","128698.85"
"279","L15","68","210659.75","195670.3","128615.09"
"279","L15","69","210981.36","196787.66","128587.68"
"279","L15","70","212027.72","198276.62","128652.24"
"279","L15","71","212861.23","199742.62","128608.45"
"279","L15","72","213927.11","201292.19","128637.8"
"279","L15","73","215452.12","203480.98","128694.05"
"279","L15","74","217516.08","206191.36","128717.32"
"279","L15","75","220108.2","209821.78","128653.6"
"279","L15","76","223182.81","215392.34","128724.305"
"279","L15","77","226768.84","221387.3","129004.66"
"279","L15","78","230811.64","228605.7","129089.89"
"279","L15","79","235304.02","236776.4","129069.52"
"279","L15","80","240000.64","245369.25","129272.6"
"279","L15","81","244712.98","254114.89","129244.21"
"279","L15","82","249452.5","262529.78","129277.88"
"279","L15","83","253780.53","271153.12","129328.24"
"279","L15","84","258053.67","279071.1","129108.08"
"279","L15","85","262634.5","286628.1","129034.2"
"279","L15","86","267180.97","293726.12","129317.73"
"279","L15","87","271342.12","300868.25","129499.92"
"279","L15","88","275149.8","307775.56","129695.67"
"279","L15","89","279242.53","313797.03","129632.945"
"279","L15","90","283169.44","318788.28","129603.87"
"280","L16","1","70000.14","65544.3","128850.37"
"280","L16","2","69823.17","65649.28","128543.53"
"280","L16","3","69535.73","66348.6","128410.26"
"280","L16","4","69305.34","67116.7","128560.47"
"280","L16","5","69214.29","67765.94","128523.766"
"280","L16","6","69145.73","68076.76","128351.09"
"280","L16","7","69049.336","68591.09","128378.29"
"280","L16","8","69057.875","68863.45","128652.375"
"280","L16","9","69179.914","69025.74","128500.04"
"280","L16","10","69169.64","69050.57","128306.65"
"280","L16","11","69170.1","68908.72","128299.336"
"280","L16","12","69344.56","69014.43","128456.984"
"280","L16","13","69606.664","69588.89","128596.164"
"280","L16","14","70166.3","70267.32","128516.16"
"280","L16","15","71100.29","71605.82","128509.53"
"280","L16","16","72540.31","73560.86","128709.22"
"280","L16","17","75354.58","77107.26","128734.26"
"280","L16","18","80189.875","83355.47","128808.77"
"280","L16","19","87596.586","92880.57","128791.805"
"280","L16","20","98191.57","105345.17","128881.805"
"280","L16","21","110993.02","118577.05","129080.3"
"280","L16","22","124699.984","130747.305","129272.195"
"280","L16","23","137904.92","140198.81","129381.57"
"280","L16","24","149502.75","146911.17","129529.49"
"280","L16","25","159174.67","151533.56","129570.29"
"280","L16","26","166974.45","154876.81","129876.15"
"280","L16","27","172663.19","157601.48","129756.13"
"280","L16","28","176544.4","159560.97","129654.61"
"280","L16","29","179326.89","161070.55","129836.55"
"280","L16","30","181516.66","162519.89","129983.87"
"280","L16","31","183056.94","163792.08","129855.06"
"280","L16","32","184317.22","164965.39","129721.234"
"280","L16","33","185514.95","166264.5","129720.51"
"280","L16","34","186642.84","167294.94","129806.19"
"280","L16","35","187303.33","168362.92","129841.54"
"280","L16","36","188274.8","169183.98","129713.82"
"280","L16","37","189152.5","170398.98","129520.85"
"280","L16","38","189975.75","171750.53","129459.53"
"280","L16","39","191037.33","172828.64","129671.1"
"280","L16","40","191463.97","173522.0","129657.15"
"280","L16","41","192113.34","174345.8","129748.836"
"280","L16","42","193096.73","175331.7","129913.7"
"280","L16","43","193728.14","176697.94","129964.21"
"280","L16","44","194273.3","177515.12","129856.8"
"280","L16","45","195341.7","178233.38","129713.71"
"280","L16","46","196109.0","179168.4","129590.11"
"280","L16","47","196579.06","180047.28","129481.7"
"280","L16","48","197293.62","181199.56","129451.15"
"280","L16","49","198230.5","181930.98","129439.08"
"280","L16","50","198934.56","182520.4","129630.12"
"280","L16","51","199557.61","183543.61","129542.164"
"280","L16","52","200236.9","184410.08","129458.17"
"280","L16","53","200737.25","185266.73","129569.27"
"280","L16","54","201417.42","186010.55","129578.945"
"280","L16","55","202034.2","186510.58","129700.484"
"280","L16","56","202559.52","187639.39","129671.96"
"280","L16","57","203247.28","188595.66","129611.86"
"280","L16","58","203789.77","189598.16","129402.234"
"280","L16","59","204421.9","190299.72","129319.14"
"280","L16","60","205143.36","190935.75","129469.24"
"280","L16","61","205498.52","191214.02","129432.1"
"280","L16","62","205838.28","192154.83","129450.76"
"280","L16","63","206401.39","192877.53","129536.4"
"280","L16","64","207160.06","193752.47","129547.34"
"280","L16","65","207941.14","194775.4","129505.805"
"280","L16","66","208796.58","195616.2","129579.93"
"280","L16","67","209250.27","196278.83","129521.21"
"280","L16","68","209806.28","196909.2","129501.984"
"280","L16","69","210383.98","197386.92","129440.12"
"280","L16","70","210799.66","198244.1","129490.72"
"280","L16","71","211498.03","199209.08","129448.43"
"280","L16","72","212253.86","199941.75","129392.27"
"280","L16","73","212788.2","200645.83","129303.14"
"280","L16","74","213254.83","201388.69","129266.9"
"280","L16","75","213885.73","202025.28","129187.67"
"280","L16","76","214425.1","203242.84","129196.83"
"280","L16","77","214844.3","204638.64","129325.26"
"280","L16","78","215601.69","204843.05","129376.22"
"280","L16","79","216290.67","205551.33","129345.04"
"280","L16","80","216864.69","206347.62","129482.59"
"280","L16","81","217651.86","207655.98","129435.54"
"280","L16","82","218649.5","208970.08","129323.664"
"280","L16","83","219452.6","210331.38","129288.86"
"280","L16","84","220676.1","211806.33","129346.19"
"280","L16","85","222006.75","213707.1","129289.46"
"280","L16","86","223447.8","216503.81","129277.83"
"280","L16","87","225479.8","219748.53","129445.31"
"280","L16","88","227879.47","223765.86","129439.92"
"280","L16","89","230497.2","229182.34","129534.125"
"280","L16","90","233608.92","234095.4","129474.04"
"281","L17","1","77441.98","6069.073","-30765.15"
"281","L17","2","77163.875","6080.6826","-31200.572"
"281","L17","3","76815.94","6208.83","-31897.197"
"281","L17","4","76717.664","6347.7236","-32135.78"
"281","L17","5","76703.73","6962.7764","-32370.178"
"281","L17","6","76637.336","7409.0635","-32567.838"
"281","L17","7","76447.52","7665.14","-32519.521"
"281","L17","8","76433.164","7727.0967","-32513.85"
"281","L17","9","76560.84","7994.5757","-32599.215"
"281","L17","10","76542.11","8132.148","-32520.92"
"281","L17","11","76453.445","8041.761","-32452.436"
"281","L17","12","76489.16","8000.0303","-32504.182"
"281","L17","13","76759.6","8328.133","-32760.549"
"281","L17","14","76827.76","8296.053","-32602.66"
"281","L17","15","76849.79","8123.1636","-32380.592"
"281","L17","16","77077.375","8003.7964","-32335.188"
"281","L17","17","77435.695","8148.3726","-32435.957"
"281","L17","18","78242.08","8604.403","-32554.494"
"281","L17","19","79671.805","9110.77","-32732.553"
"281","L17","20","82105.38","9765.381","-32952.086"
"281","L17","21","86278.89","11041.831","-33323.426"
"281","L17","22","93398.44","12627.538","-33734.594"
"281","L17","23","103817.69","15018.494","-34514.008"
"281","L17","24","117863.63","19200.46","-35593.797"
"281","L17","25","134812.98","24794.293","-37038.383"
"281","L17","26","152950.9","30707.344","-38400.008"
"281","L17","27","169428.97","36446.72","-39217.797"
"281","L17","28","182569.48","41246.168","-39951.844"
"281","L17","29","192088.3","45068.445","-40697.586"
"281","L17","30","198959.69","47817.61","-41311.535"
"281","L17","31","204397.84","49853.645","-41704.887"
"281","L17","32","208384.7","51668.215","-41823.87"
"281","L17","33","211323.98","53354.87","-41945.58"
"281","L17","34","213603.98","54554.258","-42052.965"
"281","L17","35","215455.66","55498.06","-42342.992"
"281","L17","36","216721.78","56662.934","-42618.984"
"281","L17","37","217809.19","58007.27","-42781.38"
"281","L17","38","218876.27","58708.977","-42812.8"
"281","L17","39","219770.7","59521.742","-42822.59"
"281","L17","40","220593.8","60560.266","-43147.99"
"281","L17","41","221161.2","61427.14","-43248.875"
"281","L17","42","221763.7","62445.863","-43525.27"
"281","L17","43","222329.69","63434.438","-43527.6"
"281","L17","44","223165.9","64196.98","-43573.254"
"281","L17","45","223829.5","64994.348","-43779.844"
"281","L17","46","224352.06","65993.69","-43916.727"
"281","L17","47","225096.62","67157.12","-43913.855"
"281","L17","48","225458.05","68187.66","-43750.47"
"281","L17","49","225826.0","68812.29","-43888.07"
"281","L17","50","226230.78","69698.43","-44314.227"
"281","L17","51","226861.92","70612.68","-44465.285"
"281","L17","52","227661.89","70898.07","-44199.07"
"281","L17","53","227918.86","71527.61","-44364.977"
"281","L17","54","228095.83","72758.6","-44829.043"
"281","L17","55","228840.55","73409.96","-44980.105"
"281","L17","56","229420.66","74026.77","-44583.402"
"281","L17","57","229826.23","75003.88","-44698.176"
"281","L17","58","230595.98","75747.68","-45091.406"
"281","L17","59","231230.17","76641.69","-45228.316"
"281","L17","60","232072.11","77525.93","-45565.12"
"281","L17","61","232748.98","78624.69","-45791.34"
"281","L17","62","233666.7","80104.71","-46162.15"
"281","L17","63","235111.14","81498.43","-46192.75"
"281","L17","64","236919.19","83290.78","-46214.645"
"281","L17","65","239343.06","85764.586","-46646.555"
"281","L17","66","242825.75","88527.46","-47165.934"
"281","L17","67","247544.67","91603.49","-47643.188"
"281","L17","68","253078.84","94784.516","-48251.406"
"281","L17","69","259739.03","98960.74","-49111.152"
"281","L17","70","266719.88","103570.49","-49716.938"
"281","L17","71","274128.47","107842.086","-50380.69"
"281","L17","72","281778.0","112319.94","-51261.73"
"281","L17","73","290022.62","117028.06","-51880.785"
"281","L17","74","298505.8","121379.65","-52569.09"
"281","L17","75","307827.72","125875.19","-53648.8"
"281","L17","76","315995.78","130939.234","-54367.23"
"281","L17","77","324087.25","135481.45","-55362.16"
"281","L17","78","333529.34","139683.12","-56089.066"
"281","L17","79","342475.03","144438.5","-56734.74"
"281","L17","80","351792.78","149345.08","-57627.418"
"281","L17","81","361892.8","154019.62","-58602.836"
"281","L17","82","369989.47","159023.84","-59169.56"
"281","L17","83","378255.1","163692.45","-60050.887"
"281","L17","84","387913.38","168338.36","-61003.832"
"281","L17","85","397166.44","173239.78","-61765.5"
"281","L17","86","406217.4","177985.5","-62523.566"
"281","L17","87","415185.2","182557.72","-63226.363"
"281","L17","88","423721.53","186912.23","-64271.543"
"281","L17","89","432417.47","191349.22","-65150.125"
"281","L17","90","439129.06","195111.36","-65322.023"
"282","L18","1","66983.46","53912.133","130812.89"
"282","L18","2","66853.48","53967.68","130690.04"
"282","L18","3","66656.64","54108.17","130529.92"
"282","L18","4","66573.17","54724.375","130299.31"
"282","L18","5","66557.42","55160.2","130298.01"
"282","L18","6","66589.05","55579.793","130510.016"
"282","L18","7","66518.266","55581.848","130527.87"
"282","L18","8","66515.78","55646.31","130577.13"
"282","L18","9","66610.71","55772.785","130692.46"
"282","L18","10","66656.375","55753.33","130603.56"
"282","L18","11","66587.99","55961.332","130540.195"
"282","L18","12","66573.234","56019.953","130554.484"
"282","L18","13","66677.03","56108.15","130520.49"
"282","L18","14","66781.914","56081.863","130525.17"
"282","L18","15","66879.875","56195.44","130613.32"
"282","L18","16","67022.46","56140.555","130751.67"
"282","L18","17","67485.44","56266.79","130657.76"
"282","L18","18","68055.34","56556.004","130528.23"
"282","L18","19","69245.6","57075.15","130306.93"
"282","L18","20","71375.195","57495.598","130296.36"
"282","L18","21","74747.38","58683.926","130505.04"
"282","L18","22","80601.84","60323.945","130629.84"
"282","L18","23","89005.414","63418.98","130694.305"
"282","L18","24","100482.305","67880.46","130829.414"
"282","L18","25","114475.77","73849.86","130883.945"
"282","L18","26","130054.664","80694.875","131087.78"
"282","L18","27","145843.4","87491.95","131163.97"
"282","L18","28","159992.2","93765.58","131284.7"
"282","L18","29","171046.84","98606.07","131433.11"
"282","L18","30","178932.78","102354.76","131474.72"
"282","L18","31","184572.66","104856.76","131408.05"
"282","L18","32","188612.61","106630.805","131423.33"
"282","L18","33","192017.78","108142.664","131359.86"
"282","L18","34","194361.31","109417.57","131357.69"
"282","L18","35","196087.2","110670.25","131304.28"
"282","L18","36","197525.06","111836.98","131367.92"
"282","L18","37","198868.23","112759.625","131441.47"
"282","L18","38","199910.47","113730.75","131708.52"
"282","L18","39","200733.25","114741.55","131710.16"
"282","L18","40","201279.16","115547.52","131504.36"
"282","L18","41","202150.03","116733.16","131469.83"
"282","L18","42","202821.81","117622.445","131814.42"
"282","L18","43","203261.03","118455.56","131758.55"
"282","L18","44","203798.11","119430.65","131649.8"
"282","L18","45","204316.88","120544.16","131690.7"
"282","L18","46","204924.36","121516.21","131624.66"
"282","L18","47","205871.81","121910.62","131633.08"
"282","L18","48","206201.95","122904.195","131587.77"
"282","L18","49","206701.89","123841.14","131494.23"
"282","L18","50","207123.77","124620.02","131481.11"
"282","L18","51","207583.56","125567.516","131451.17"
"282","L18","52","207986.45","126116.55","131665.66"
"282","L18","53","208499.27","126682.586","131729.2"
"282","L18","54","208979.02","127800.43","131364.22"
"282","L18","55","209307.05","128576.945","131187.84"
"282","L18","56","209697.42","129142.99","131135.88"
"282","L18","57","210335.86","129936.805","131092.33"
"282","L18","58","210933.23","130856.82","131324.62"
"282","L18","59","211129.2","131739.25","131739.92"
"282","L18","60","211481.33","132732.38","131581.92"
"282","L18","61","212089.33","133453.95","131378.16"
"282","L18","62","212792.7","134423.97","131354.95"
"282","L18","63","213832.62","135578.06","131633.62"
"282","L18","64","215235.77","137095.42","131407.5"
"282","L18","65","216661.77","139014.81","131297.73"
"282","L18","66","219013.4","140979.55","131448.42"
"282","L18","67","222161.27","143615.27","131464.7"
"282","L18","68","225813.3","147026.08","131624.58"
"282","L18","69","230536.97","151350.58","131437.1"
"282","L18","70","235770.73","155443.84","131357.19"
"282","L18","71","241690.33","159795.2","131604.53"
"282","L18","72","248009.39","164645.84","131718.16"
"282","L18","73","254838.92","169402.55","131662.52"
"282","L18","74","261888.69","173996.89","131736.66"
"282","L18","75","269560.6","178517.36","131788.44"
"282","L18","76","277094.53","183692.38","131901.05"
"282","L18","77","284519.62","188696.44","131912.38"
"282","L18","78","291534.97","193831.55","132002.8"
"282","L18","79","299658.53","198781.2","132035.75"
"282","L18","80","308409.4","203739.58","132186.7"
"282","L18","81","316899.44","208698.53","132360.48"
"282","L18","82","325073.4","213975.98","132163.84"
"282","L18","83","333343.8","218927.28","132087.28"
"282","L18","84","341159.9","223987.11","132407.86"
"282","L18","85","350347.97","228687.64","132456.05"
"282","L18","86","359487.44","233309.14","132437.16"
"282","L18","87","367691.03","238157.56","132403.81"
"282","L18","88","375815.47","242971.3","132683.52"
"282","L18","89","383778.0","247517.1","132714.7"
"282","L18","90","391525.72","251382.84","132864.61"
"283","L19","1","79248.53","56045.83","135402.62"
"283","L19","2","78957.58","56080.055","134987.25"
"283","L19","3","78730.44","56470.15","134652.19"
"283","L19","4","78569.805","56731.05","134335.53"
"283","L19","5","78461.89","57231.19","134268.7"
"283","L19","6","78411.22","57549.207","134340.22"
"283","L19","7","78390.35","57710.266","134205.92"
"283","L19","8","78398.93","57779.914","134231.19"
"283","L19","9","78333.28","57793.918","134494.0"
"283","L19","10","78338.23","58137.086","134514.11"
"283","L19","11","78469.914","57984.965","134515.17"
"283","L19","12","78615.93","57854.605","134545.33"
"283","L19","13","78651.64","58047.637","134525.73"
"283","L19","14","78635.79","58296.62","134532.53"
"283","L19","15","78721.82","58235.715","134672.03"
"283","L19","16","78810.05","58270.957","134395.28"
"283","L19","17","79219.16","58482.457","134291.19"
"283","L19","18","79781.055","58756.547","134314.28"
"283","L19","19","80695.805","59335.316","134341.11"
"283","L19","20","82708.14","59987.61","134376.27"
"283","L19","21","86035.86","60861.277","134598.55"
"283","L19","22","91367.96","62424.215","134615.64"
"283","L19","23","98914.09","65192.297","134654.58"
"283","L19","24","109095.31","69859.12","134678.44"
"283","L19","25","121390.32","75846.85","134669.88"
"283","L19","26","135046.05","83040.51","134681.47"
"283","L19","27","149034.66","91402.41","134794.23"
"283","L19","28","162250.16","99087.52","134960.94"
"283","L19","29","173996.56","105149.02","135106.12"
"283","L19","30","183014.67","109549.055","135053.08"
"283","L19","31","189677.6","112992.05","134989.95"
"283","L19","32","193819.06","114884.914","135067.38"
"283","L19","33","197142.8","116497.57","135069.11"
"283","L19","34","199792.22","117670.09","135236.48"
"283","L19","35","201701.94","118864.72","135200.03"
"283","L19","36","203067.03","119829.984","135143.5"
"283","L19","37","204085.4","121038.65","135149.4"
"283","L19","38","204995.36","121837.15","135065.33"
"283","L19","39","205705.88","123037.35","134972.45"
"283","L19","40","206222.17","124004.82","134862.56"
"283","L19","41","206734.45","125150.27","134832.52"
"283","L19","42","207469.33","125913.73","135021.38"
"283","L19","43","207972.75","126919.35","135006.42"
"283","L19","44","208502.61","128088.85","134994.88"
"283","L19","45","208962.73","128871.414","134945.45"
"283","L19","46","209460.45","129319.35","135046.58"
"283","L19","47","209842.08","130568.64","135250.78"
"283","L19","48","210222.02","131794.5","135168.12"
"283","L19","49","210653.38","132282.81","134772.86"
"283","L19","50","211029.16","132992.73","134688.55"
"283","L19","51","211455.27","133306.97","134920.89"
"283","L19","52","211924.73","134199.64","134948.83"
"283","L19","53","211987.97","135105.98","135035.77"
"283","L19","54","212656.14","136015.02","135144.3"
"283","L19","55","212953.98","136594.42","135080.47"
"283","L19","56","213154.64","137974.98","135000.39"
"283","L19","57","213738.62","138512.88","134917.05"
"283","L19","58","214001.89","139018.72","134884.75"
"283","L19","59","214311.67","139602.28","134819.88"
"283","L19","60","214812.38","140753.7","134750.45"
"283","L19","61","215480.1","141239.75","134689.17"
"283","L19","62","215967.19","142150.88","134683.56"
"283","L19","63","216273.06","143815.47","134703.17"
"283","L19","64","216947.75","144868.48","134958.61"
"283","L19","65","218256.67","146209.62","134912.97"
"283","L19","66","219473.44","148128.72","134709.61"
"283","L19","67","221184.36","150514.45","134648.3"
"283","L19","68","223283.23","153028.19","134890.1"
"283","L19","69","226652.97","156281.31","135225.69"
"283","L19","70","230677.3","160103.08","134786.88"
"283","L19","71","235469.16","164500.55","134685.73"
"283","L19","72","240819.69","169335.89","134997.64"
"283","L19","73","246090.44","174414.22","134984.03"
"283","L19","74","251786.03","179666.52","134924.53"
"283","L19","75","257693.56","184370.88","135005.75"
"283","L19","76","264119.97","190052.16","134896.27"
"283","L19","77","270686.56","195566.5","134827.61"
"283","L19","78","277706.06","200430.34","134985.6"
"283","L19","79","284736.56","205815.84","135225.08"
"283","L19","80","291776.16","211436.56","135244.67"
"283","L19","81","298191.1","216810.3","135367.9"
"283","L19","82","305524.0","221797.08","135190.73"
"283","L19","83","313245.56","227374.66","135002.7"
"283","L19","84","321226.7","232519.53","134970.9"
"283","L19","85","328791.9","237244.6","135216.39"
"283","L19","86","336619.12","242568.88","135205.69"
"283","L19","87","345935.7","247490.16","135182.39"
"283","L19","88","354161.44","252328.45","135122.28"
"283","L19","89","361741.88","257386.77","135208.33"
"283","L19","90","368735.94","261468.31","135382.95"
"284","L20","1","71170.6","55134.375","134700.06"
"284","L20","2","71034.51","55176.402","134507.48"
"284","L20","3","70795.266","55331.86","134234.9"
"284","L20","4","70478.01","56001.375","134107.38"
"284","L20","5","70346.4","56299.445","133990.4"
"284","L20","6","70249.195","56479.344","133904.83"
"284","L20","7","70210.16","56817.14","133828.53"
"284","L20","8","70224.69","56874.516","133873.78"
"284","L20","9","70195.43","57103.89","134241.38"
"284","L20","10","70143.96","57207.266","134255.0"
"284","L20","11","70112.35","57188.973","134120.38"
"284","L20","12","70157.305","57469.97","133843.2"
"284","L20","13","70372.125","57483.367","133820.98"
"284","L20","14","70452.44","57542.48","134100.12"
"284","L20","15","70535.42","57502.17","134073.02"
"284","L20","16","70537.94","57731.75","133925.7"
"284","L20","17","70697.8","57876.97","133629.31"
"284","L20","18","71593.64","57942.906","133658.58"
"284","L20","19","72369.914","58141.93","134054.14"
"284","L20","20","74370.03","58675.4","134115.3"
"284","L20","21","77452.086","59964.39","134136.19"
"284","L20","22","82372.22","61586.277","133952.17"
"284","L20","23","89408.47","64299.47","133921.52"
"284","L20","24","98521.32","68792.44","134162.77"
"284","L20","25","109266.91","75140.72","134299.19"
"284","L20","26","120748.99","82751.4","134623.39"
"284","L20","27","132697.39","91290.1","134675.27"
"284","L20","28","144411.2","99362.32","134554.55"
"284","L20","29","154791.89","106673.234","134544.05"
"284","L20","30","163534.69","112161.34","134878.52"
"284","L20","31","170176.55","115718.16","134926.75"
"284","L20","32","174822.75","118113.99","135110.89"
"284","L20","33","178165.28","119927.98","135141.16"
"284","L20","34","180400.14","121636.01","135016.39"
"284","L20","35","182133.3","122832.85","134872.73"
"284","L20","36","183427.42","123470.336","134818.39"
"284","L20","37","184420.4","124695.99","135033.66"
"284","L20","38","185243.12","126062.77","135067.5"
"284","L20","39","185876.02","127301.98","135130.31"
"284","L20","40","186384.67","128155.1","135191.89"
"284","L20","41","187526.69","128911.05","134943.7"
"284","L20","42","188162.78","129619.15","134823.84"
"284","L20","43","188595.61","130745.98","134922.0"
"284","L20","44","188925.7","131717.14","134889.25"
"284","L20","45","189422.92","132794.27","134951.98"
"284","L20","46","189928.64","133500.98","134879.89"
"284","L20","47","190529.31","134460.81","134862.73"
"284","L20","48","190757.81","135388.98","134909.17"
"284","L20","49","191285.83","135949.2","134846.83"
"284","L20","50","191694.3","136826.25","134920.0"
"284","L20","51","192151.81","137720.48","135063.95"
"284","L20","52","192273.7","138332.73","135015.06"
"284","L20","53","192838.19","139376.31","135032.06"
"284","L20","54","193217.25","140270.67","134972.84"
"284","L20","55","193503.95","140984.95","134911.53"
"284","L20","56","193611.2","141895.86","134964.58"
"284","L20","57","194128.16","142660.06","134898.33"
"284","L20","58","194788.06","143326.11","134826.72"
"284","L20","59","195019.33","144052.31","134931.48"
"284","L20","60","195268.78","144820.42","134890.52"
"284","L20","61","195573.44","145695.62","134939.08"
"284","L20","62","195907.14","146509.84","134961.34"
"284","L20","63","196770.06","147465.12","135005.06"
"284","L20","64","197526.22","148148.33","135114.66"
"284","L20","65","198085.14","149602.8","135047.55"
"284","L20","66","198998.53","150909.14","134955.58"
"284","L20","67","200060.64","152813.2","134850.02"
"284","L20","68","201251.88","154977.56","134829.69"
"284","L20","69","203383.72","157508.17","134799.27"
"284","L20","70","206294.25","161090.53","134760.77"
"284","L20","71","209559.7","165468.47","134932.14"
"284","L20","72","213222.9","170119.55","134965.62"
"284","L20","73","217762.03","175056.11","135224.7"
"284","L20","74","222364.27","179859.47","135201.03"
"284","L20","75","227167.81","185244.17","135217.92"
"284","L20","76","232351.62","191009.53","135319.17"
"284","L20","77","237480.55","196118.58","135463.05"
"284","L20","78","242747.28","201442.47","135425.12"
"284","L20","79","248700.58","207486.27","135389.03"
"284","L20","80","254068.62","212984.95","135498.42"
"284","L20","81","259926.31","218224.92","135581.3"
"284","L20","82","266447.8","223716.84","135531.89"
"284","L20","83","273023.7","228779.78","135710.23"
"284","L20","84","279219.25","233954.23","135815.36"
"284","L20","85","285468.3","239449.86","135724.08"
"284","L20","86","293055.3","244531.66","135722.12"
"284","L20","87","300185.78","249393.02","135727.12"
"284","L20","88","308026.44","254417.16","135903.4"
"284","L20","89","314775.16","259775.17","135994.75"
"284","L20","90","320320.0","264155.0","135950.94"
"285","L21","1","69037.26","62315.344","133621.66"
"285","L21","2","68786.99","62398.35","133309.44"
"285","L21","3","68325.09","62932.26","132792.64"
"285","L21","4","67875.24","63626.387","132669.27"
"285","L21","5","67800.555","64048.934","132655.44"
"285","L21","6","67893.6","64290.46","132248.8"
"285","L21","7","67907.02","64371.043","132279.75"
"285","L21","8","67882.73","64742.332","132844.2"
"285","L21","9","67882.37","64686.562","132952.5"
"285","L21","10","67889.62","64610.656","132897.03"
"285","L21","11","67978.18","64860.887","132942.38"
"285","L21","12","67921.01","64979.06","132903.55"
"285","L21","13","67873.36","65044.504","132936.02"
"285","L21","14","67861.88","65322.285","132912.62"
"285","L21","15","67902.54","65330.945","132862.7"
"285","L21","16","68132.65","65315.61","132958.39"
"285","L21","17","68643.38","65443.047","133026.39"
"285","L21","18","69016.01","65897.67","132993.23"
"285","L21","19","70102.414","66110.5","132934.48"
"285","L21","20","71962.66","66802.586","132998.3"
"285","L21","21","75008.74","68054.87","132995.02"
"285","L21","22","79868.05","70027.72","132966.9"
"285","L21","23","86616.08","72954.305","132898.14"
"285","L21","24","95498.016","77521.4","132904.0"
"285","L21","25","105541.836","84151.125","133246.16"
"285","L21","26","115899.23","92484.14","133363.3"
"285","L21","27","126141.086","101251.54","133334.55"
"285","L21","28","135974.55","109969.195","133187.44"
"285","L21","29","144835.48","117584.234","133192.02"
"285","L21","30","152508.44","123429.83","133619.05"
"285","L21","31","158523.62","127522.59","133610.83"
"285","L21","32","162891.94","130406.05","133500.17"
"285","L21","33","166135.55","132056.34","133487.34"
"285","L21","34","168422.84","133618.5","133330.72"
"285","L21","35","170359.05","135064.44","133237.67"
"285","L21","36","171453.69","136677.67","133360.19"
"285","L21","37","172079.03","138036.28","133510.6"
"285","L21","38","172936.9","138755.08","133624.45"
"285","L21","39","173614.2","139454.02","133541.1"
"285","L21","40","174269.31","140875.08","133500.75"
"285","L21","41","174868.84","141897.55","133618.8"
"285","L21","42","175398.22","142852.83","133606.08"
"285","L21","43","175957.39","143843.64","133493.39"
"285","L21","44","176363.58","144911.4","133435.9"
"285","L21","45","176961.7","145802.06","133426.8"
"285","L21","46","177269.44","146660.75","133405.6"
"285","L21","47","177403.0","147763.33","133575.5"
"285","L21","48","177972.11","148106.86","133335.86"
"285","L21","49","178528.4","149022.84","133237.12"
"285","L21","50","178543.62","149879.94","133422.9"
"285","L21","51","178607.27","150803.88","133390.58"
"285","L21","52","179226.19","151702.19","133363.4"
"285","L21","53","179421.16","152357.1","133304.9"
"285","L21","54","179865.14","153308.14","133382.88"
"285","L21","55","180121.94","154372.6","133358.31"
"285","L21","56","180143.83","154876.7","133269.69"
"285","L21","57","180575.94","155612.48","133295.34"
"285","L21","58","181286.62","156372.14","133351.39"
"285","L21","59","181325.88","156971.4","133275.11"
"285","L21","60","181785.0","157881.12","133194.92"
"285","L21","61","181962.25","158693.03","133007.3"
"285","L21","62","182162.84","159221.06","132932.44"
"285","L21","63","182613.08","160683.11","133129.78"
"285","L21","64","183093.4","161468.89","133319.14"
"285","L21","65","183334.39","162505.38","133011.0"
"285","L21","66","183876.69","164227.23","132886.14"
"285","L21","67","184585.6","165196.55","132980.56"
"285","L21","68","185508.3","166792.36","132945.8"
"285","L21","69","186614.31","169520.47","132941.02"
"285","L21","70","188197.72","172513.06","132882.11"
"285","L21","71","190237.17","176254.89","132959.78"
"285","L21","72","192660.17","181236.47","133256.27"
"285","L21","73","195735.67","186797.72","133291.27"
"285","L21","74","198581.05","192063.45","133213.06"
"285","L21","75","202021.36","198239.86","132920.69"
"285","L21","76","205927.62","204799.02","132832.61"
"285","L21","77","209552.88","210814.98","133086.98"
"285","L21","78","213484.42","217504.0","133433.1"
"285","L21","79","217298.4","224409.44","133405.89"
"285","L21","80","221628.69","230963.42","133324.98"
"285","L21","81","226352.36","237835.23","133321.75"
"285","L21","82","231001.67","244479.3","133470.73"
"285","L21","83","235886.39","251008.31","133414.1"
"285","L21","84","240591.89","257568.03","133425.28"
"285","L21","85","245992.7","264104.88","133644.0"
"285","L21","86","251680.38","270532.6","133652.39"
"285","L21","87","257573.02","277145.1","133770.53"
"285","L21","88","263372.88","283743.5","133785.61"
"285","L21","89","269446.4","290521.44","133677.03"
"285","L21","90","274551.22","296572.44","133584.7"
"286","L22","1","80449.31","67322.37","138119.38"
"286","L22","2","80065.47","67371.086","138025.86"
"286","L22","3","79314.1","67933.164","137598.83"
"286","L22","4","78846.234","68319.92","137394.45"
"286","L22","5","78493.016","68814.46","137297.34"
"286","L22","6","78280.96","68889.375","137341.92"
"286","L22","7","77984.03","69148.19","137431.77"
"286","L22","8","77848.96","69444.15","137321.11"
"286","L22","9","77769.13","69731.66","137278.12"
"286","L22","10","77712.09","69655.52","137506.5"
"286","L22","11","77708.53","69642.766","137490.1"
"286","L22","12","77712.01","69903.13","137532.53"
"286","L22","13","77695.47","69909.11","137647.11"
"286","L22","14","77464.62","70141.195","137582.72"
"286","L22","15","77460.09","70227.62","137492.95"
"286","L22","16","77705.44","70350.625","137538.47"
"286","L22","17","77975.46","70527.54","137530.39"
"286","L22","18","78780.86","70485.695","137595.25"
"286","L22","19","79714.61","70678.77","137573.9"
"286","L22","20","81253.164","71349.06","137478.73"
"286","L22","21","83995.945","72514.21","137338.8"
"286","L22","22","88234.13","74443.75","137268.25"
"286","L22","23","94711.03","77754.25","137384.02"
"286","L22","24","103041.51","82337.984","137368.22"
"286","L22","25","112322.266","89351.836","137406.31"
"286","L22","26","121744.08","97661.875","137503.22"
"286","L22","27","130710.195","107227.54","137264.17"
"286","L22","28","139297.11","116459.266","137266.7"
"286","L22","29","147121.23","124933.27","137804.12"
"286","L22","30","153780.14","131812.34","137825.38"
"286","L22","31","159270.69","136577.06","137731.31"
"286","L22","32","163527.17","140287.38","137803.45"
"286","L22","33","166523.33","142517.38","137755.44"
"286","L22","34","168451.42","144563.4","137806.94"
"286","L22","35","169995.55","146223.34","137756.9"
"286","L22","36","171299.97","147258.75","137693.56"
"286","L22","37","171820.2","148624.6","137602.42"
"286","L22","38","172348.39","149715.78","137672.03"
"286","L22","39","172844.94","151006.31","137875.08"
"286","L22","40","173454.47","152207.0","137862.81"
"286","L22","41","173763.33","153083.33","137755.2"
"286","L22","42","174200.44","154070.08","137670.95"
"286","L22","43","174283.2","155067.78","137688.75"
"286","L22","44","174691.12","155911.48","137732.77"
"286","L22","45","174916.72","157020.61","137632.16"
"286","L22","46","175030.67","158113.14","137524.9"
"286","L22","47","175465.3","158705.92","137445.08"
"286","L22","48","175666.34","159277.03","137356.1"
"286","L22","49","175833.44","160142.64","137342.97"
"286","L22","50","176021.39","161302.39","137238.89"
"286","L22","51","175865.1","162474.0","137162.22"
"286","L22","52","176066.62","163371.23","137242.12"
"286","L22","53","176352.12","164027.83","137256.62"
"286","L22","54","176294.12","164758.4","137183.58"
"286","L22","55","176415.36","165715.6","137161.14"
"286","L22","56","176616.81","166483.3","137103.06"
"286","L22","57","176645.38","167255.5","137145.9"
"286","L22","58","177034.25","167976.39","137101.62"
"286","L22","59","177356.52","168378.77","136744.53"
"286","L22","60","177332.61","168971.66","136673.08"
"286","L22","61","177290.86","170081.86","136922.48"
"286","L22","62","177369.78","171105.22","136955.52"
"286","L22","63","177504.48","171904.33","136758.88"
"286","L22","64","178009.34","173024.2","136653.75"
"286","L22","65","177940.77","173807.83","136601.45"
"286","L22","66","178325.7","174682.88","136551.08"
"286","L22","67","178240.44","175720.4","136502.7"
"286","L22","68","178811.75","176980.27","136345.06"
"286","L22","69","179266.55","178552.88","136318.95"
"286","L22","70","179625.73","180932.97","136384.52"
"286","L22","71","180124.44","183619.39","136306.23"
"286","L22","72","181254.1","187347.11","136344.88"
"286","L22","73","182745.55","191955.2","136621.02"
"286","L22","74","184570.77","197273.56","136712.66"
"286","L22","75","187094.4","202980.95","136672.86"
"286","L22","76","189327.4","208801.47","136647.89"
"286","L22","77","191634.67","215308.81","136674.88"
"286","L22","78","194043.33","222020.28","136823.78"
"286","L22","79","197276.47","228715.47","137034.56"
"286","L22","80","200242.03","235551.36","137059.67"
"286","L22","81","203215.11","242507.55","136935.39"
"286","L22","82","206580.45","249211.6","136873.2"
"286","L22","83","210140.56","255655.1","136951.03"
"286","L22","84","213335.8","262204.72","136883.52"
"286","L22","85","217031.7","269117.22","136798.47"
"286","L22","86","221486.33","275886.6","136834.23"
"286","L22","87","225644.47","282761.38","137056.12"
"286","L22","88","229910.98","289122.78","136893.42"
"286","L22","89","234408.56","295825.6","136828.73"
"286","L22","90","238661.78","301394.28","137013.86"
"287","L23","1","65495.836","70365.42","129463.53"
"287","L23","2","65289.312","70409.04","129153.02"
"287","L23","3","64931.06","71031.45","128942.016"
"287","L23","4","64797.156","71720.85","128959.21"
"287","L23","5","64713.81","71816.56","128892.836"
"287","L23","6","64479.297","72133.516","128804.234"
"287","L23","7","64382.83","72728.75","128787.875"
"287","L23","8","64368.55","72869.086","128820.016"
"287","L23","9","64340.8","73133.61","128735.21"
"287","L23","10","64330.523","72971.016","128663.61"
"287","L23","11","64423.05","72882.1","128735.21"
"287","L23","12","64345.996","73252.46","128900.55"
"287","L23","13","64169.793","73363.67","128849.91"
"287","L23","14","64193.9","73298.414","128798.945"
"287","L23","15","64520.957","73526.99","128909.19"
"287","L23","16","64829.918","73592.05","128844.484"
"287","L23","17","64937.004","73769.66","128701.24"
"287","L23","18","65318.81","74291.02","128630.75"
"287","L23","19","66379.41","74729.77","128667.56"
"287","L23","20","68341.836","75188.945","128633.23"
"287","L23","21","71405.52","76387.99","128667.336"
"287","L23","22","75873.0","78349.22","128710.59"
"287","L23","23","82126.67","81761.45","128700.555"
"287","L23","24","90159.94","86752.16","128757.59"
"287","L23","25","99177.05","93707.17","128724.71"
"287","L23","26","107900.99","101891.97","128745.586"
"287","L23","27","116304.42","110930.45","128700.72"
"287","L23","28","123627.77","119736.94","128645.87"
"287","L23","29","130315.48","127996.19","128760.17"
"287","L23","30","135608.58","134938.98","129005.27"
"287","L23","31","140113.84","139952.66","128923.0"
"287","L23","32","143666.55","143757.36","128823.85"
"287","L23","33","145951.33","146599.02","128815.88"
"287","L23","34","147761.08","148528.56","128839.88"
"287","L23","35","149082.75","149956.94","128988.7"
"287","L23","36","150018.52","151262.28","128961.2"
"287","L23","37","150952.94","152424.03","128918.6"
"287","L23","38","151600.86","153751.17","129044.97"
"287","L23","39","152096.05","154793.61","128945.414"
"287","L23","40","152375.42","155871.11","128847.305"
"287","L23","41","152832.8","157124.88","128831.88"
"287","L23","42","153018.06","158048.77","128818.9"
"287","L23","43","153253.92","159122.77","128989.72"
"287","L23","44","153782.9","160031.48","128992.21"
"287","L23","45","153965.72","160862.1","129036.97"
"287","L23","46","154115.31","161691.78","129015.734"
"287","L23","47","154353.25","162455.78","129009.12"
"287","L23","48","154570.9","163464.89","128974.13"
"287","L23","49","154951.19","164428.38","129045.06"
"287","L23","50","155198.84","165240.58","128827.6"
"287","L23","51","155417.08","165921.2","128628.49"
"287","L23","52","155452.7","167014.47","128536.77"
"287","L23","53","155882.44","167820.28","128494.055"
"287","L23","54","155758.4","168613.52","128464.016"
"287","L23","55","155711.42","169625.88","128574.25"
"287","L23","56","155808.42","170639.1","128709.4"
"287","L23","57","156236.98","171372.6","128674.96"
"287","L23","58","156481.42","172008.97","128576.46"
"287","L23","59","156900.02","172794.83","128442.32"
"287","L23","60","156893.27","173387.36","128441.05"
"287","L23","61","156949.02","174219.2","128660.26"
"287","L23","62","156939.94","175227.36","128523.234"
"287","L23","63","157035.56","176181.02","128424.5"
"287","L23","64","157449.28","177088.06","128378.59"
"287","L23","65","157339.98","177785.62","128285.25"
"287","L23","66","157746.66","178607.5","128260.06"
"287","L23","67","158003.8","179471.78","128364.94"
"287","L23","68","158068.3","180818.0","128411.02"
"287","L23","69","158188.28","181792.69","128321.79"
"287","L23","70","158548.11","183588.5","128241.055"
"287","L23","71","158769.02","185644.17","128132.086"
"287","L23","72","159437.67","187963.83","128142.055"
"287","L23","73","159811.98","191215.69","128333.95"
"287","L23","74","160133.97","195797.17","128525.36"
"287","L23","75","160979.14","200845.03","128503.58"
"287","L23","76","162043.05","206665.66","128480.07"
"287","L23","77","163322.34","213103.06","128575.01"
"287","L23","78","164450.81","219859.31","128529.11"
"287","L23","79","165793.53","227261.83","128425.8"
"287","L23","80","167486.14","234514.14","128405.45"
"287","L23","81","169194.05","241600.12","128549.53"
"287","L23","82","170670.05","249116.4","128581.32"
"287","L23","83","172451.94","256327.23","128738.79"
"287","L23","84","174207.66","263804.75","128766.234"
"287","L23","85","176561.14","271481.78","128853.44"
"287","L23","86","179055.84","278898.12","128921.85"
"287","L23","87","181317.72","286010.44","129232.39"
"287","L23","88","183567.19","293705.2","129091.71"
"287","L23","89","186388.06","301378.3","128973.24"
"287","L23","90","188906.88","307102.2","129004.31"
"288","L24","1","40223.08","67729.836","121937.86"
"288","L24","2","39913.2","67800.68","121809.2"
"288","L24","3","39664.36","68189.586","121553.3"
"288","L24","4","39477.562","68692.03","121424.82"
"288","L24","5","39062.54","68813.94","121283.67"
"288","L24","6","38943.04","69231.15","121075.41"
"288","L24","7","38916.02","69558.89","121023.875"
"288","L24","8","38986.375","69692.97","121116.64"
"288","L24","9","39294.984","69773.73","121021.83"
"288","L24","10","39323.227","69943.13","121075.34"
"288","L24","11","39237.64","70169.94","120754.45"
"288","L24","12","39187.816","70299.94","120568.75"
"288","L24","13","39206.496","70322.336","120783.875"
"288","L24","14","39178.93","70758.266","120864.875"
"288","L24","15","39255.98","70669.336","120758.54"
"288","L24","16","39511.016","70609.484","120900.6"
"288","L24","17","39654.65","71109.28","120956.15"
"288","L24","18","40328.69","71369.77","121091.01"
"288","L24","19","41220.855","71579.01","121042.5"
"288","L24","20","42946.23","71898.75","120888.64"
"288","L24","21","45685.258","73383.43","120802.945"
"288","L24","22","50088.285","75290.14","120617.945"
"288","L24","23","55916.664","78763.9","120568.14"
"288","L24","24","63553.54","84126.49","120715.12"
"288","L24","25","71930.516","90749.625","120538.164"
"288","L24","26","79978.555","99354.29","120311.46"
"288","L24","27","87405.42","108098.5","120121.57"
"288","L24","28","93204.01","117673.51","119769.57"
"288","L24","29","98112.76","126702.02","119544.625"
"288","L24","30","101938.86","134298.39","119414.95"
"288","L24","31","105006.04","140188.78","119130.555"
"288","L24","32","107639.17","144515.38","119027.445"
"288","L24","33","109466.99","148042.98","119326.055"
"288","L24","34","110782.8","150220.23","119395.48"
"288","L24","35","111850.336","151796.53","119465.77"
"288","L24","36","112276.984","153383.55","119348.805"
"288","L24","37","112772.63","155211.23","119264.19"
"288","L24","38","113215.75","156439.05","119185.98"
"288","L24","39","113363.234","157362.64","119161.47"
"288","L24","40","113592.13","158994.83","118944.24"
"288","L24","41","113867.66","160194.31","118830.98"
"288","L24","42","113830.336","161292.5","119011.24"
"288","L24","43","114163.32","161915.11","118974.66"
"288","L24","44","114335.93","163053.25","118915.55"
"288","L24","45","114114.086","164148.14","118794.73"
"288","L24","46","113985.13","165160.88","118789.19"
"288","L24","47","113767.84","165950.33","118786.234"
"288","L24","48","114009.83","166690.4","118549.94"
"288","L24","49","114048.63","167856.75","118413.125"
"288","L24","50","114337.12","168745.02","118475.055"
"288","L24","51","114567.91","169620.88","118447.1"
"288","L24","52","114445.125","170420.11","118565.14"
"288","L24","53","114463.586","171484.16","118485.6"
"288","L24","54","114436.35","172367.94","118436.93"
"288","L24","55","114445.43","173302.33","118718.74"
"288","L24","56","114276.055","173925.61","118670.89"
"288","L24","57","114468.78","174872.52","118609.484"
"288","L24","58","114653.23","175558.06","118653.83"
"288","L24","59","114140.586","176438.9","118480.04"
"288","L24","60","114560.83","177095.86","118317.26"
"288","L24","61","114867.73","178013.73","118209.9"
"288","L24","62","114892.52","178634.69","118044.266"
"288","L24","63","114520.23","180086.0","117981.016"
"288","L24","64","114525.61","180782.23","118208.06"
"288","L24","65","114612.75","181376.69","118229.945"
"288","L24","66","114591.77","181998.95","118117.734"
"288","L24","67","114734.914","183007.48","118013.195"
"288","L24","68","114434.49","183871.25","117777.51"
"288","L24","69","114252.66","184761.5","117691.01"
"288","L24","70","114381.65","185696.25","117822.12"
"288","L24","71","114828.46","186224.0","117681.11"
"288","L24","72","115128.18","187106.58","117646.055"
"288","L24","73","115177.83","187722.66","117950.8"
"288","L24","74","114701.95","188502.03","117931.82"
"288","L24","75","114832.21","189340.31","117862.625"
"288","L24","76","114877.35","190431.86","117812.88"
"288","L24","77","114667.08","191164.81","117704.69"
"288","L24","78","114814.81","191882.47","117640.21"
"288","L24","79","114716.66","192636.14","117714.71"
"288","L24","80","114807.836","193449.92","117683.984"
"288","L24","81","114959.47","194571.17","117712.95"
"288","L24","82","114824.65","195618.3","117449.54"
"288","L24","83","114733.41","197154.86","117057.06"
"288","L24","84","114509.96","198590.7","117004.52"
"288","L24","85","114447.38","200869.61","117309.91"
"288","L24","86","114486.555","203246.5","117462.82"
"288","L24","87","113815.234","207277.0","117343.01"
"288","L24","88","113272.19","211342.45","116986.234"
"288","L24","89","112768.055","216542.38","116718.04"
"288","L24","90","112372.17","221599.55","116666.89"
"289","M1","1","69919.92","57999.29","137669.97"
"289","M1","2","69572.54","58014.312","137431.36"
"289","M1","3","68885.54","58239.793","136893.95"
"289","M1","4","68397.945","58514.727","136609.84"
"289","M1","5","68331.49","58650.86","136351.92"
"289","M1","6","68434.38","58762.305","136217.16"
"289","M1","7","68396.555","58973.426","136285.78"
"289","M1","8","68463.97","59074.945","136109.34"
"289","M1","9","68980.28","59349.89","136016.06"
"289","M1","10","69864.16","59439.727","136255.42"
"289","M1","11","71899.66","59450.01","136292.75"
"289","M1","12","75149.78","59815.65","136222.58"
"289","M1","13","80659.39","60297.645","136103.48"
"289","M1","14","89413.42","61228.656","136083.52"
"289","M1","15","101896.24","62620.18","135997.31"
"289","M1","16","117855.54","64558.47","136007.94"
"289","M1","17","136598.4","67823.89","135824.12"
"289","M1","18","157383.62","72265.195","135742.84"
"289","M1","19","178910.27","77133.42","135970.14"
"289","M1","20","199523.06","82326.945","135886.28"
"289","M1","21","217118.23","86947.41","135658.08"
"289","M1","22","231523.19","90665.1","135568.89"
"289","M1","23","243277.22","93582.42","135741.97"
"289","M1","24","252213.12","96211.27","135689.14"
"289","M1","25","259707.62","98319.11","135692.94"
"289","M1","26","266360.56","99970.93","135791.44"
"289","M1","27","271517.44","101428.55","135633.36"
"289","M1","28","275540.6","102830.95","135515.36"
"289","M1","29","278326.88","104192.38","135634.78"
"289","M1","30","280514.5","105122.3","135811.48"
"289","M1","31","282321.88","106129.13","135683.53"
"289","M1","32","284015.47","107131.9","135566.16"
"289","M1","33","285088.62","108047.13","135612.52"
"289","M1","34","286169.4","108809.49","135542.05"
"289","M1","35","287343.7","109462.234","135488.61"
"289","M1","36","288169.16","110290.81","135697.67"
"289","M1","37","288986.44","111344.68","135678.6"
"289","M1","38","289859.2","112207.21","135620.0"
"289","M1","39","290063.06","113026.52","135696.73"
"289","M1","40","290037.2","113783.65","135605.98"
"289","M1","41","290519.66","114343.36","135492.9"
"289","M1","42","291206.16","114999.28","135448.2"
"289","M1","43","291326.94","115731.734","135669.64"
"289","M1","44","292043.9","116581.79","135602.11"
"289","M1","45","293307.4","116972.03","135465.7"
"289","M1","46","294193.97","117527.69","135420.38"
"289","M1","47","293591.34","118337.38","135513.55"
"289","M1","48","294072.66","118918.62","135666.77"
"289","M1","49","294802.44","119536.9","135696.39"
"289","M1","50","294636.1","120412.016","135712.88"
"289","M1","51","294903.1","120942.0","135634.36"
"289","M1","52","295250.66","121335.32","135456.42"
"289","M1","53","295453.28","122001.54","135378.19"
"289","M1","54","295544.88","122878.2","135506.88"
"289","M1","55","296071.38","123326.66","135312.22"
"289","M1","56","296596.28","123665.78","135223.38"
"289","M1","57","296407.06","124480.055","135407.4"
"289","M1","58","297365.3","125037.31","135413.95"
"289","M1","59","298196.6","125731.15","135441.19"
"289","M1","60","298607.75","126494.78","135347.97"
"289","M1","61","299300.7","127679.16","135306.9"
"289","M1","62","300719.94","128669.04","135427.72"
"289","M1","63","302170.75","130165.2","135359.98"
"289","M1","64","304445.38","132183.23","135272.94"
"289","M1","65","307067.56","134416.23","135150.83"
"289","M1","66","310808.34","137603.8","134980.17"
"289","M1","67","314605.12","141507.89","134891.39"
"289","M1","68","320653.8","145380.69","134955.28"
"289","M1","69","327358.72","150055.52","134972.89"
"289","M1","70","333433.1","155666.7","134888.62"
"289","M1","71","340329.3","161001.97","134809.98"
"289","M1","72","347469.25","166427.19","134818.2"
"289","M1","73","354624.8","172384.92","134790.95"
"289","M1","74","361636.53","178331.1","134861.4"
"289","M1","75","368564.47","184296.78","134709.72"
"289","M1","76","375937.75","190124.52","134636.39"
"289","M1","77","383207.44","196122.52","134726.86"
"289","M1","78","390298.53","201927.03","134676.89"
"289","M1","79","396574.1","208188.38","134625.2"
"289","M1","80","402994.88","214388.34","134698.28"
"289","M1","81","408913.34","220133.75","134663.19"
"289","M1","82","416519.97","225879.44","134678.64"
"289","M1","83","423129.2","232317.9","134723.03"
"289","M1","84","428135.06","238534.44","134590.06"
"289","M1","85","434100.34","244441.88","134337.12"
"289","M1","86","439839.2","250364.88","134243.06"
"289","M1","87","445032.94","256396.2","134194.38"
"289","M1","88","450237.5","262332.62","134087.61"
"289","M1","89","455492.72","267977.06","134066.11"
"289","M1","90","459385.1","272926.34","134092.48"
"290","M2","1","70098.22","56041.594","138135.56"
"290","M2","2","69882.13","56050.703","137679.08"
"290","M2","3","69392.19","56241.387","137004.3"
"290","M2","4","69010.47","56613.984","136846.5"
"290","M2","5","68746.67","56825.203","136858.03"
"290","M2","6","68767.13","57037.81","136828.3"
"290","M2","7","69091.23","57045.24","136738.61"
"290","M2","8","69341.875","57180.496","136671.33"
"290","M2","9","69759.02","57254.93","136613.75"
"290","M2","10","70678.88","57369.555","136584.72"
"290","M2","11","72387.33","57532.445","136626.83"
"290","M2","12","75602.59","57921.4","136677.83"
"290","M2","13","80947.664","58564.63","136611.53"
"290","M2","14","89699.6","59327.742","136562.3"
"290","M2","15","101891.055","60449.7","136532.38"
"290","M2","16","116809.63","62430.94","136530.89"
"290","M2","17","133776.34","65665.84","136600.98"
"290","M2","18","152263.16","70271.08","136623.64"
"290","M2","19","171664.56","76077.15","136693.92"
"290","M2","20","191322.48","82525.1","136521.58"
"290","M2","21","209445.34","88535.55","136535.03"
"290","M2","22","224657.06","93469.125","136811.33"
"290","M2","23","237161.02","97198.2","136947.11"
"290","M2","24","246732.52","100297.71","137083.53"
"290","M2","25","254322.36","102902.01","137020.17"
"290","M2","26","260298.27","104628.16","136828.17"
"290","M2","27","265152.7","106264.336","136747.1"
"290","M2","28","268236.53","107800.164","136768.0"
"290","M2","29","272114.88","109039.62","136825.23"
"290","M2","30","274441.38","109961.484","136824.12"
"290","M2","31","275901.84","110833.46","136940.34"
"290","M2","32","277153.84","111791.33","137001.08"
"290","M2","33","279362.2","112466.266","137087.22"
"290","M2","34","280459.9","113306.61","137253.3"
"290","M2","35","281851.25","114331.72","137142.45"
"290","M2","36","282038.9","115444.57","137062.44"
"290","M2","37","282379.28","116409.8","137126.06"
"290","M2","38","283037.94","116971.375","137156.03"
"290","M2","39","283761.0","117738.39","137140.69"
"290","M2","40","284162.47","118555.15","137113.17"
"290","M2","41","284739.1","119089.46","137129.06"
"290","M2","42","285285.28","119759.836","137186.9"
"290","M2","43","286068.06","120538.88","137116.25"
"290","M2","44","286792.97","121288.59","136870.45"
"290","M2","45","287380.62","121885.195","136815.02"
"290","M2","46","288027.75","122544.35","136976.42"
"290","M2","47","288609.0","123272.84","136980.73"
"290","M2","48","289189.56","123835.336","137073.44"
"290","M2","49","289428.5","124495.766","137253.62"
"290","M2","50","289604.84","125347.25","137274.94"
"290","M2","51","289795.0","125867.78","137114.62"
"290","M2","52","290073.53","126408.26","137021.23"
"290","M2","53","290816.3","127079.13","137013.42"
"290","M2","54","291561.7","127392.79","136958.64"
"290","M2","55","291975.97","128231.16","136969.36"
"290","M2","56","292363.44","128982.65","137081.1"
"290","M2","57","293160.94","129498.29","137040.97"
"290","M2","58","293233.16","130301.664","137014.6"
"290","M2","59","293725.16","131021.516","137083.44"
"290","M2","60","294719.75","132010.23","137024.47"
"290","M2","61","295361.7","132702.84","136996.08"
"290","M2","62","296863.03","133822.64","137126.25"
"290","M2","63","297901.8","135285.45","136986.1"
"290","M2","64","300240.72","137267.75","136894.34"
"290","M2","65","303278.34","139690.36","136900.9"
"290","M2","66","306657.78","142792.2","136923.05"
"290","M2","67","311005.25","146826.55","136989.64"
"290","M2","68","316238.28","151077.86","136974.7"
"290","M2","69","321933.2","156370.62","137047.12"
"290","M2","70","328168.78","162052.34","137032.45"
"290","M2","71","335326.75","167813.92","136973.83"
"290","M2","72","342487.62","173972.14","137012.03"
"290","M2","73","348954.38","180335.73","137116.45"
"290","M2","74","355304.7","186638.55","137091.86"
"290","M2","75","362241.7","193002.38","137131.69"
"290","M2","76","369209.78","199175.84","137173.77"
"290","M2","77","375847.0","205341.64","137235.86"
"290","M2","78","383209.12","211528.11","137355.3"
"290","M2","79","389382.6","218049.25","137355.28"
"290","M2","80","395640.16","224693.69","137487.84"
"290","M2","81","402516.47","230827.78","137405.55"
"290","M2","82","409403.28","236984.16","137301.88"
"290","M2","83","416425.03","243123.86","137273.4"
"290","M2","84","422168.34","249374.64","137304.16"
"290","M2","85","427824.9","255321.11","137519.3"
"290","M2","86","434182.06","261301.72","137537.8"
"290","M2","87","440623.66","266847.72","137681.28"
"290","M2","88","446005.16","272429.8","137679.06"
"290","M2","89","451320.56","277860.06","137642.98"
"290","M2","90","455353.84","282195.0","137582.75"
"291","M3","1","81717.0","59260.68","140014.5"
"291","M3","2","81449.266","59266.47","139651.17"
"291","M3","3","81016.43","59358.14","139139.05"
"291","M3","4","80501.29","59513.832","138732.81"
"291","M3","5","80220.59","59794.938","138567.25"
"291","M3","6","80226.73","59891.21","138532.53"
"291","M3","7","80484.19","60236.047","138420.44"
"291","M3","8","80750.695","60367.32","138285.2"
"291","M3","9","81126.86","60571.37","138244.55"
"291","M3","10","82298.05","60703.4","138470.02"
"291","M3","11","84016.266","60811.848","138575.16"
"291","M3","12","87105.445","61125.473","138584.98"
"291","M3","13","92676.586","61621.742","138836.5"
"291","M3","14","101246.44","62281.426","138698.44"
"291","M3","15","112848.54","63790.246","138542.88"
"291","M3","16","127133.83","66088.24","138451.75"
"291","M3","17","142844.66","69289.41","138426.8"
"291","M3","18","159533.98","74144.07","138373.53"
"291","M3","19","176575.17","80390.766","138474.27"
"291","M3","20","193736.86","88205.836","138570.33"
"291","M3","21","210648.11","95894.26","138554.34"
"291","M3","22","226429.1","102732.836","138727.5"
"291","M3","23","239166.64","108406.72","138761.42"
"291","M3","24","249428.38","112416.93","138676.05"
"291","M3","25","258053.45","115431.89","138556.45"
"291","M3","26","264466.03","117877.9","138457.08"
"291","M3","27","269684.7","119281.55","138400.67"
"291","M3","28","273370.7","120772.23","138548.38"
"291","M3","29","275885.2","122075.19","138655.45"
"291","M3","30","277932.53","123205.46","138745.19"
"291","M3","31","280454.3","124336.04","138689.61"
"291","M3","32","281794.03","125461.84","138706.03"
"291","M3","33","282955.22","126254.82","138681.62"
"291","M3","34","283536.78","127467.766","138588.33"
"291","M3","35","284381.62","128587.375","138577.0"
"291","M3","36","285668.72","129134.68","138634.05"
"291","M3","37","286197.53","129954.28","138685.61"
"291","M3","38","286736.94","130951.76","138623.36"
"291","M3","39","287681.94","131568.8","138633.11"
"291","M3","40","287747.47","132412.19","138539.42"
"291","M3","41","287857.6","133035.45","138430.33"
"291","M3","42","288595.9","133488.64","138375.58"
"291","M3","43","289379.34","134233.0","138309.22"
"291","M3","44","289914.0","135344.62","138332.86"
"291","M3","45","290040.16","135917.2","138280.69"
"291","M3","46","290424.84","136286.97","138281.7"
"291","M3","47","290935.94","136792.23","138241.3"
"291","M3","48","290799.34","137897.1","138293.48"
"291","M3","49","291334.56","138357.62","138185.17"
"291","M3","50","291625.06","138740.03","138131.38"
"291","M3","51","292022.53","139612.66","138269.9"
"291","M3","52","292447.16","140154.39","138234.06"
"291","M3","53","292853.1","140792.28","138193.33"
"291","M3","54","293554.28","141255.62","138139.55"
"291","M3","55","293801.75","141954.3","138052.95"
"291","M3","56","294402.34","142572.02","138000.14"
"291","M3","57","294770.66","143243.22","138054.36"
"291","M3","58","295286.28","143986.62","138153.9"
"291","M3","59","295883.47","144757.66","138095.5"
"291","M3","60","295999.8","145364.67","138001.28"
"291","M3","61","296497.4","146490.69","137926.12"
"291","M3","62","297578.66","147662.31","137872.89"
"291","M3","63","299437.94","148728.28","137812.75"
"291","M3","64","300972.5","150163.9","137734.05"
"291","M3","65","302948.44","152655.38","137488.2"
"291","M3","66","305122.12","155610.56","137502.9"
"291","M3","67","308484.72","158997.88","137796.88"
"291","M3","68","312662.28","163088.39","137784.56"
"291","M3","69","317956.84","168081.11","137729.05"
"291","M3","70","323460.62","173990.33","137743.98"
"291","M3","71","328543.7","180086.9","137685.17"
"291","M3","72","334460.38","186735.75","137572.12"
"291","M3","73","339986.62","193170.17","137613.42"
"291","M3","74","345870.72","200038.12","137958.45"
"291","M3","75","352566.47","207050.08","137969.78"
"291","M3","76","358702.25","213976.3","137873.7"
"291","M3","77","365192.6","220574.8","137831.73"
"291","M3","78","371031.97","227567.92","137911.28"
"291","M3","79","376615.47","234412.73","137928.97"
"291","M3","80","383000.72","241271.45","138113.88"
"291","M3","81","388175.9","248088.25","138167.22"
"291","M3","82","394183.66","254566.02","138132.28"
"291","M3","83","399508.84","260930.81","138207.3"
"291","M3","84","405286.5","267293.8","138126.83"
"291","M3","85","410900.7","273489.34","138021.98"
"291","M3","86","416326.72","279918.38","137975.31"
"291","M3","87","422061.1","285662.06","138088.48"
"291","M3","88","427406.72","291113.44","138142.84"
"291","M3","89","433153.2","296668.16","138154.06"
"291","M3","90","437023.97","301159.5","138183.88"
"292","M4","1","70884.77","61693.027","140570.72"
"292","M4","2","70709.875","61708.207","140417.98"
"292","M4","3","70364.75","61954.695","140110.34"
"292","M4","4","70162.76","62326.734","139869.23"
"292","M4","5","70176.78","62596.43","139542.11"
"292","M4","6","70394.65","62893.035","139419.03"
"292","M4","7","70503.414","63187.227","139456.88"
"292","M4","8","70702.516","63289.305","139661.3"
"292","M4","9","71269.0","63293.73","139651.27"
"292","M4","10","72326.164","63422.0","139552.1"
"292","M4","11","74108.836","63815.49","139506.25"
"292","M4","12","77325.69","64078.01","139538.92"
"292","M4","13","82696.41","64581.203","139709.36"
"292","M4","14","90936.72","65398.945","139870.19"
"292","M4","15","102159.07","66855.125","139977.19"
"292","M4","16","116012.484","69225.82","139898.31"
"292","M4","17","131225.1","72803.04","139831.08"
"292","M4","18","146439.72","77833.56","139881.83"
"292","M4","19","161787.45","84552.41","140009.81"
"292","M4","20","176950.88","93168.49","140070.83"
"292","M4","21","192115.34","102502.45","140032.39"
"292","M4","22","206566.0","111099.625","140097.8"
"292","M4","23","219377.02","118039.84","140187.69"
"292","M4","24","229838.67","123715.54","140218.42"
"292","M4","25","238418.67","127509.54","140490.28"
"292","M4","26","244835.73","130344.61","140421.2"
"292","M4","27","249983.27","132392.61","140301.81"
"292","M4","28","253893.45","134175.89","140282.44"
"292","M4","29","257063.83","135606.78","140401.88"
"292","M4","30","259496.78","136958.05","140406.7"
"292","M4","31","261189.34","137975.61","140376.31"
"292","M4","32","262910.47","139145.38","140556.75"
"292","M4","33","264370.4","140272.03","140550.12"
"292","M4","34","265305.12","141414.02","140474.9"
"292","M4","35","265952.34","142364.11","140520.33"
"292","M4","36","266721.4","143444.44","140475.61"
"292","M4","37","267556.47","144176.5","140409.61"
"292","M4","38","268234.34","145066.44","140321.58"
"292","M4","39","269088.5","145928.08","140334.97"
"292","M4","40","269693.84","146639.22","140478.58"
"292","M4","41","269600.72","147516.03","140538.22"
"292","M4","42","270395.75","148142.48","140444.72"
"292","M4","43","271354.75","148836.64","140327.06"
"292","M4","44","271558.25","149796.55","140241.25"
"292","M4","45","272005.4","150293.83","140306.89"
"292","M4","46","272183.25","151335.38","140480.56"
"292","M4","47","273057.3","152014.25","140430.55"
"292","M4","48","274070.16","152565.86","140379.34"
"292","M4","49","274337.56","153435.81","140420.1"
"292","M4","50","274343.5","154125.55","140392.84"
"292","M4","51","274986.22","154715.1","140183.31"
"292","M4","52","275055.03","155451.33","140109.56"
"292","M4","53","275360.1","155816.98","140272.11"
"292","M4","54","275577.6","156523.98","140305.19"
"292","M4","55","276079.28","157275.92","140140.9"
"292","M4","56","276541.22","158144.53","140055.9"
"292","M4","57","276608.1","158855.11","140147.19"
"292","M4","58","277226.06","159216.44","140253.77"
"292","M4","59","277435.6","160174.23","140165.33"
"292","M4","60","278224.47","160694.5","140076.94"
"292","M4","61","278992.88","161694.0","140062.3"
"292","M4","62","279599.03","162428.38","140015.77"
"292","M4","63","280068.53","163371.02","140045.4"
"292","M4","64","281487.9","164447.36","140005.03"
"292","M4","65","282728.88","166146.69","139956.1"
"292","M4","66","284553.1","167997.28","140023.08"
"292","M4","67","287130.28","170358.62","140073.97"
"292","M4","68","290162.25","173822.6","140247.92"
"292","M4","69","293332.3","178139.3","140183.17"
"292","M4","70","297384.34","183377.25","140122.19"
"292","M4","71","302476.66","188819.62","140218.28"
"292","M4","72","307200.84","195419.16","140178.75"
"292","M4","73","312450.94","202394.83","140204.47"
"292","M4","74","317061.72","209620.9","140374.61"
"292","M4","75","322235.0","216705.92","140500.9"
"292","M4","76","327684.25","224227.39","140577.9"
"292","M4","77","332680.0","232250.42","140553.23"
"292","M4","78","338349.97","239922.33","140705.7"
"292","M4","79","344083.12","247264.66","140786.92"
"292","M4","80","349359.1","254701.36","140991.14"
"292","M4","81","354509.72","262106.95","141175.02"
"292","M4","82","359969.34","269512.8","141180.86"
"292","M4","83","365307.03","276601.12","141256.27"
"292","M4","84","370909.84","283200.84","141200.6"
"292","M4","85","375254.94","289729.38","141253.83"
"292","M4","86","379918.16","296407.3","141189.9"
"292","M4","87","384594.94","302647.0","141248.83"
"292","M4","88","389881.7","308480.0","141295.47"
"292","M4","89","394423.3","314413.34","141343.83"
"292","M4","90","398524.12","319048.78","141261.94"
"293","M5","1","71275.39","65589.734","147503.77"
"293","M5","2","71036.49","65558.16","146998.56"
"293","M5","3","70667.44","65575.49","146625.52"
"293","M5","4","70579.57","65756.06","146395.33"
"293","M5","5","70558.78","66008.44","146133.78"
"293","M5","6","70520.11","66320.31","146022.5"
"293","M5","7","70533.19","66563.43","146006.55"
"293","M5","8","70712.99","66884.766","145994.05"
"293","M5","9","71217.164","66964.04","146173.7"
"293","M5","10","72242.984","66945.0","146272.11"
"293","M5","11","74156.89","67292.58","146202.97"
"293","M5","12","77219.03","67802.3","146094.6"
"293","M5","13","82555.07","68348.06","145922.44"
"293","M5","14","90920.086","69200.54","145855.98"
"293","M5","15","102021.86","70612.08","145905.83"
"293","M5","16","115700.97","72863.06","145810.75"
"293","M5","17","130508.44","76574.375","145825.0"
"293","M5","18","145102.16","81849.1","146147.23"
"293","M5","19","159144.11","89061.0","146164.53"
"293","M5","20","172642.25","98201.12","146127.08"
"293","M5","21","185569.8","108124.93","146180.0"
"293","M5","22","198107.22","118005.3","146150.33"
"293","M5","23","209731.39","126711.07","146279.19"
"293","M5","24","219885.45","133583.31","146579.19"
"293","M5","25","228095.75","138839.39","146685.45"
"293","M5","26","234465.6","142109.97","146612.05"
"293","M5","27","239603.47","144496.03","146575.36"
"293","M5","28","243399.61","146370.75","146491.47"
"293","M5","29","246421.58","148132.92","146499.28"
"293","M5","30","248926.38","149706.45","146571.27"
"293","M5","31","250890.78","151031.67","146419.1"
"293","M5","32","252433.84","152371.33","146332.98"
"293","M5","33","254509.98","153357.58","146420.52"
"293","M5","34","255407.52","154122.11","146436.86"
"293","M5","35","255949.05","155194.23","146626.58"
"293","M5","36","256133.95","156452.72","146443.73"
"293","M5","37","257166.98","157251.11","146320.22"
"293","M5","38","257354.95","158093.27","146339.81"
"293","M5","39","258441.98","158871.78","146345.9"
"293","M5","40","259113.75","159921.06","146446.25"
"293","M5","41","259246.25","160731.7","146514.89"
"293","M5","42","259437.31","161914.22","146471.03"
"293","M5","43","260256.92","162776.78","146447.33"
"293","M5","44","260697.34","163493.7","146495.75"
"293","M5","45","261087.1","164209.8","146201.53"
"293","M5","46","261630.67","165247.67","146152.14"
"293","M5","47","262050.83","165730.98","146467.66"
"293","M5","48","262151.78","166506.5","146354.92"
"293","M5","49","261952.88","167207.45","146258.84"
"293","M5","50","262211.28","168183.86","146357.72"
"293","M5","51","262592.5","168792.88","146428.2"
"293","M5","52","263867.56","169295.17","146346.62"
"293","M5","53","264027.03","170151.36","146244.05"
"293","M5","54","263959.38","170964.06","146169.02"
"293","M5","55","263852.28","171515.22","146120.67"
"293","M5","56","264090.34","172393.83","146071.78"
"293","M5","57","265029.3","173070.48","146119.75"
"293","M5","58","265535.38","173703.34","146038.86"
"293","M5","59","265497.78","174170.14","145978.7"
"293","M5","60","265779.28","174895.25","146066.2"
"293","M5","61","266013.78","175664.8","146118.64"
"293","M5","62","266566.7","176624.88","145996.0"
"293","M5","63","267320.0","177401.44","145993.89"
"293","M5","64","267971.1","178509.06","146321.0"
"293","M5","65","268277.25","179564.81","146342.56"
"293","M5","66","269176.62","180803.28","146147.98"
"293","M5","67","270218.1","182237.02","145944.08"
"293","M5","68","271520.44","184171.89","145538.25"
"293","M5","69","273731.25","186637.52","145519.52"
"293","M5","70","275558.16","189995.8","145852.61"
"293","M5","71","277827.3","194184.6","146000.25"
"293","M5","72","281418.7","199311.25","146110.12"
"293","M5","73","285519.22","205460.67","146095.5"
"293","M5","74","289482.4","212394.77","146191.17"
"293","M5","75","293780.78","220096.42","146243.12"
"293","M5","76","298095.75","228062.5","146054.05"
"293","M5","77","302280.88","236077.1","145971.42"
"293","M5","78","306580.84","244162.38","146102.9"
"293","M5","79","310345.3","252727.31","146359.98"
"293","M5","80","314296.06","261129.44","146595.6"
"293","M5","81","318065.2","269379.4","146639.14"
"293","M5","82","321806.7","277347.34","146516.94"
"293","M5","83","326399.25","285064.38","146448.5"
"293","M5","84","329855.03","293030.22","146593.3"
"293","M5","85","334175.7","300583.28","146659.2"
"293","M5","86","337983.3","308125.34","146799.2"
"293","M5","87","341580.34","314887.53","146985.58"
"293","M5","88","346063.66","321846.5","146952.27"
"293","M5","89","349661.3","328653.72","147042.31"
"293","M5","90","352261.16","333726.22","147165.92"
"294","M6","1","76041.16","64776.164","147583.33"
"294","M6","2","75876.88","64852.18","147359.39"
"294","M6","3","75347.33","64897.1","146689.12"
"294","M6","4","75149.49","65055.164","146340.02"
"294","M6","5","74975.45","65221.53","146200.11"
"294","M6","6","74837.91","65520.613","146101.3"
"294","M6","7","74857.27","65860.45","145962.56"
"294","M6","8","75165.78","66017.875","145920.97"
"294","M6","9","75838.87","66049.62","146061.2"
"294","M6","10","76881.12","66394.59","145954.03"
"294","M6","11","78758.31","66421.195","145880.84"
"294","M6","12","81943.516","66686.85","145937.52"
"294","M6","13","87444.25","67387.1","145918.8"
"294","M6","14","95931.25","68162.84","145977.12"
"294","M6","15","107602.305","69408.98","145953.19"
"294","M6","16","121408.71","71648.234","145995.5"
"294","M6","17","136404.84","75166.54","145942.66"
"294","M6","18","151123.31","80426.47","145903.67"
"294","M6","19","165310.34","87648.2","145888.17"
"294","M6","20","178346.78","96791.62","145848.11"
"294","M6","21","190639.69","107024.1","145920.64"
"294","M6","22","202445.88","117064.7","146013.88"
"294","M6","23","213513.31","126187.39","146074.38"
"294","M6","24","223271.44","133494.6","146157.25"
"294","M6","25","230989.03","139059.73","146205.22"
"294","M6","26","237354.3","143064.47","146168.22"
"294","M6","27","242511.89","145937.05","146099.62"
"294","M6","28","246673.52","147890.67","146122.9"
"294","M6","29","249350.44","149356.81","146158.53"
"294","M6","30","251437.33","150809.88","146268.19"
"294","M6","31","253877.52","152303.3","146122.22"
"294","M6","32","255469.39","153470.7","146041.56"
"294","M6","33","256726.16","154495.8","146128.19"
"294","M6","34","257894.88","155819.17","146080.14"
"294","M6","35","258998.19","156904.1","146020.9"
"294","M6","36","259181.64","157564.31","146111.42"
"294","M6","37","259650.81","158504.75","146162.06"
"294","M6","38","260632.83","159536.25","146074.73"
"294","M6","39","260844.61","160496.31","146003.42"
"294","M6","40","260811.36","161206.08","146036.62"
"294","M6","41","261521.5","161954.06","146031.22"
"294","M6","42","261998.73","162904.73","146167.28"
"294","M6","43","262161.16","163663.23","146036.23"
"294","M6","44","263042.78","164329.89","145788.0"
"294","M6","45","263690.88","165064.39","145757.75"
"294","M6","46","264106.3","165673.88","145973.25"
"294","M6","47","264493.3","166534.7","145799.95"
"294","M6","48","264648.22","167347.44","145637.48"
"294","M6","49","264209.16","167955.27","145594.45"
"294","M6","50","264818.03","168737.11","145660.28"
"294","M6","51","265643.38","169245.81","145647.44"
"294","M6","52","265866.7","169994.3","145674.33"
"294","M6","53","266208.9","170849.86","145669.98"
"294","M6","54","266412.28","171780.28","145698.23"
"294","M6","55","267024.12","172705.8","145758.72"
"294","M6","56","266871.6","173475.06","146084.19"
"294","M6","57","267363.03","174203.42","145896.12"
"294","M6","58","267944.06","175340.81","145544.52"
"294","M6","59","268435.72","176555.52","145468.94"
"294","M6","60","268917.03","177746.0","145568.83"
"294","M6","61","269722.4","179253.97","145625.25"
"294","M6","62","270284.03","181145.14","145595.1"
"294","M6","63","271451.8","183240.45","145580.31"
"294","M6","64","273125.28","185661.17","145535.88"
"294","M6","65","274555.25","188921.16","145487.22"
"294","M6","66","275909.88","192874.9","145434.48"
"294","M6","67","277873.84","197469.06","145358.42"
"294","M6","68","280116.8","202176.62","145410.5"
"294","M6","69","282063.97","207916.94","145702.05"
"294","M6","70","284994.38","214477.89","145782.02"
"294","M6","71","287578.06","221002.78","145793.31"
"294","M6","72","290518.38","227812.47","145824.23"
"294","M6","73","293442.7","235287.94","145797.05"
"294","M6","74","296179.16","242513.42","145828.34"
"294","M6","75","298573.94","249940.19","145736.17"
"294","M6","76","301318.8","257569.7","145753.1"
"294","M6","77","304164.28","264791.72","146062.12"
"294","M6","78","306240.06","272565.78","145983.95"
"294","M6","79","309054.38","279490.25","145933.12"
"294","M6","80","311935.66","285730.28","146109.08"
"294","M6","81","315019.0","292226.6","146144.55"
"294","M6","82","317712.12","298692.53","146128.94"
"294","M6","83","320860.0","305353.5","145991.25"
"294","M6","84","323423.9","311508.8","145948.64"
"294","M6","85","326153.1","317488.72","146145.78"
"294","M6","86","329086.53","322932.4","146234.0"
"294","M6","87","332199.28","328521.06","146307.52"
"294","M6","88","334741.03","334057.62","146318.0"
"294","M6","89","337844.7","339146.53","146278.9"
"294","M6","90","340072.53","343301.56","146288.75"
"295","M7","1","80299.625","64755.53","145487.69"
"295","M7","2","79884.93","64779.043","145058.38"
"295","M7","3","79203.195","65115.55","144428.69"
"295","M7","4","78914.664","65535.15","144168.33"
"295","M7","5","78720.336","65851.02","144042.83"
"295","M7","6","78568.61","66046.54","143939.77"
"295","M7","7","78555.88","66248.21","143863.44"
"295","M7","8","78681.6","66288.07","143851.72"
"295","M7","9","79043.23","66548.82","143776.08"
"295","M7","10","79967.305","66595.56","143608.69"
"295","M7","11","81745.22","66898.99","143532.14"
"295","M7","12","84930.59","67330.61","143550.66"
"295","M7","13","90247.66","67709.53","143677.16"
"295","M7","14","98179.65","68378.086","143761.22"
"295","M7","15","109229.59","69940.37","143730.4"
"295","M7","16","122501.555","71968.2","143489.12"
"295","M7","17","136784.44","75527.41","143328.62"
"295","M7","18","151041.9","80561.164","143341.67"
"295","M7","19","164345.33","87712.74","143568.94"
"295","M7","20","176264.97","96784.95","143811.0"
"295","M7","21","187369.5","107134.54","143800.08"
"295","M7","22","198036.73","117269.88","143777.17"
"295","M7","23","207617.88","126416.46","143875.75"
"295","M7","24","216081.88","134464.75","144136.66"
"295","M7","25","223439.62","140557.67","144164.45"
"295","M7","26","229658.2","144873.4","144235.83"
"295","M7","27","234692.12","147640.77","144014.38"
"295","M7","28","238116.34","149891.47","143905.98"
"295","M7","29","240942.44","151642.89","143986.98"
"295","M7","30","243031.84","152992.81","144161.11"
"295","M7","31","245147.78","154340.56","144309.12"
"295","M7","32","246237.81","155382.83","144333.34"
"295","M7","33","246997.61","156534.88","144277.5"
"295","M7","34","247958.77","157786.47","144278.48"
"295","M7","35","248811.44","158701.72","144137.0"
"295","M7","36","249185.78","159620.5","144020.39"
"295","M7","37","249867.3","161005.31","143963.05"
"295","M7","38","251260.33","161955.88","144031.6"
"295","M7","39","251401.66","162825.4","144255.64"
"295","M7","40","251443.7","163764.66","144207.1"
"295","M7","41","251608.62","164332.67","144062.66"
"295","M7","42","251929.27","164829.44","143998.58"
"295","M7","43","251979.97","165728.7","144089.1"
"295","M7","44","252418.27","166779.97","144083.86"
"295","M7","45","252807.02","167736.12","144193.78"
"295","M7","46","253619.25","168202.17","144138.23"
"295","M7","47","253476.58","168854.83","144040.86"
"295","M7","48","254267.84","169706.17","143930.34"
"295","M7","49","254527.17","170420.27","143856.8"
"295","M7","50","253989.6","171260.64","143861.12"
"295","M7","51","254179.95","171997.48","143828.97"
"295","M7","52","254401.4","172656.02","143876.58"
"295","M7","53","254617.25","173221.92","143865.4"
"295","M7","54","255229.9","173508.33","143981.08"
"295","M7","55","255341.97","174539.0","144001.48"
"295","M7","56","255449.2","175182.78","143857.73"
"295","M7","57","255296.77","176054.12","143759.39"
"295","M7","58","255262.88","176769.27","143724.98"
"295","M7","59","256104.28","177038.72","143810.98"
"295","M7","60","256693.75","177608.66","143984.12"
"295","M7","61","256564.97","178492.0","143826.5"
"295","M7","62","257012.08","179142.23","143666.62"
"295","M7","63","257054.78","179540.83","143597.67"
"295","M7","64","256477.86","180432.73","143569.16"
"295","M7","65","256732.56","181225.8","143460.05"
"295","M7","66","257269.61","181871.4","143440.05"
"295","M7","67","257918.45","182459.39","143561.14"
"295","M7","68","258399.16","183176.56","143580.5"
"295","M7","69","258372.2","184229.5","143612.02"
"295","M7","70","258213.61","185363.03","143552.1"
"295","M7","71","258759.61","186684.1","143470.12"
"295","M7","72","259315.88","188599.86","143431.86"
"295","M7","73","259905.7","190509.77","143455.52"
"295","M7","74","260730.88","193007.05","143502.11"
"295","M7","75","262107.5","196415.66","143558.97"
"295","M7","76","262829.5","200932.14","143467.02"
"295","M7","77","264396.88","206471.86","143395.44"
"295","M7","78","266436.5","212524.75","143316.62"
"295","M7","79","268465.25","219696.61","143360.81"
"295","M7","80","271167.0","227616.16","143613.98"
"295","M7","81","272505.0","236351.77","143648.39"
"295","M7","82","274575.7","244678.72","143647.86"
"295","M7","83","276344.3","253154.56","143709.19"
"295","M7","84","278283.6","261819.44","143688.39"
"295","M7","85","280334.8","270281.3","143674.06"
"295","M7","86","281902.75","278654.66","143844.7"
"295","M7","87","284014.7","286434.28","143962.42"
"295","M7","88","286104.34","293973.34","143973.38"
"295","M7","89","287957.88","301305.06","143925.83"
"295","M7","90","289853.78","307225.25","143975.2"
"296","M8","1","70920.984","63756.59","140626.03"
"296","M8","2","70622.0","63775.594","140365.16"
"296","M8","3","70152.85","63953.72","139727.45"
"296","M8","4","70014.734","64416.44","139552.19"
"296","M8","5","69910.06","64532.668","139663.02"
"296","M8","6","69912.984","64682.01","139595.69"
"296","M8","7","70065.66","64722.88","139492.28"
"296","M8","8","70307.38","65088.75","139435.72"
"296","M8","9","70803.03","65462.168","139553.11"
"296","M8","10","71803.77","65491.508","139472.92"
"296","M8","11","73520.97","65495.81","139415.78"
"296","M8","12","76809.164","65872.28","139539.8"
"296","M8","13","81757.664","66541.91","139363.38"
"296","M8","14","89612.07","67266.71","139250.42"
"296","M8","15","100300.93","68465.29","139313.77"
"296","M8","16","113347.34","70479.266","139442.64"
"296","M8","17","127518.0","73941.29","139445.42"
"296","M8","18","141337.94","79067.125","139437.75"
"296","M8","19","154131.8","86050.81","139327.73"
"296","M8","20","165691.4","94973.27","139262.8"
"296","M8","21","176391.4","104986.766","139405.55"
"296","M8","22","185849.48","115373.6","139561.47"
"296","M8","23","194380.38","124998.195","139679.36"
"296","M8","24","202244.0","133172.52","139824.97"
"296","M8","25","208786.86","139645.55","139992.62"
"296","M8","26","214262.3","144680.89","139965.98"
"296","M8","27","218904.95","148059.58","139842.2"
"296","M8","28","222600.02","150521.84","139791.36"
"296","M8","29","225460.66","151875.36","139889.62"
"296","M8","30","227684.38","153419.16","139881.34"
"296","M8","31","229073.2","154846.47","139911.47"
"296","M8","32","230598.62","156104.92","139915.81"
"296","M8","33","231646.58","157416.66","139835.92"
"296","M8","34","232218.22","158389.88","139824.58"
"296","M8","35","232871.19","159417.78","139787.11"
"296","M8","36","233752.98","160405.52","139814.72"
"296","M8","37","234406.3","161403.05","139862.1"
"296","M8","38","234851.22","162213.67","139816.19"
"296","M8","39","235092.45","163120.31","139751.62"
"296","M8","40","235123.44","163735.1","139888.94"
"296","M8","41","235585.4","164574.12","139941.31"
"296","M8","42","235855.53","165645.88","139936.42"
"296","M8","43","236168.81","166498.11","139905.06"
"296","M8","44","236051.47","167367.2","139523.33"
"296","M8","45","236915.42","168063.33","139421.48"
"296","M8","46","237178.36","168441.89","139676.58"
"296","M8","47","236900.7","169269.56","139679.69"
"296","M8","48","237643.53","170160.97","139619.64"
"296","M8","49","237734.9","170834.19","139584.2"
"296","M8","50","237593.11","171351.69","139572.5"
"296","M8","51","237959.55","172213.64","139435.64"
"296","M8","52","237871.8","173293.25","139332.48"
"296","M8","53","238270.2","173682.36","139355.47"
"296","M8","54","238404.47","174140.61","139412.47"
"296","M8","55","238385.58","174780.83","139380.38"
"296","M8","56","238455.67","175395.73","139465.62"
"296","M8","57","238947.08","176132.83","139437.88"
"296","M8","58","239099.81","176584.22","139437.12"
"296","M8","59","239263.34","176990.58","139313.31"
"296","M8","60","239363.92","177978.22","139239.16"
"296","M8","61","239110.0","178813.47","139315.6"
"296","M8","62","238955.47","179473.48","139251.9"
"296","M8","63","239380.72","179751.55","139152.97"
"296","M8","64","239553.1","180189.55","139058.95"
"296","M8","65","239214.77","180975.28","139005.11"
"296","M8","66","239523.36","181907.38","139069.48"
"296","M8","67","239576.98","182510.58","139184.34"
"296","M8","68","240426.52","182804.06","139177.55"
"296","M8","69","240545.97","183534.97","139277.81"
"296","M8","70","240746.1","184206.05","139174.86"
"296","M8","71","240481.75","184765.56","138878.33"
"296","M8","72","240457.23","185312.7","138803.55"
"296","M8","73","240417.52","186010.34","138933.45"
"296","M8","74","240472.48","186700.06","138967.61"
"296","M8","75","240635.27","186937.08","139149.03"
"296","M8","76","240946.06","187438.16","139079.64"
"296","M8","77","241296.66","188044.67","138853.23"
"296","M8","78","241424.84","188851.97","138787.12"
"296","M8","79","241256.25","189214.44","138891.38"
"296","M8","80","241697.56","189622.97","138890.61"
"296","M8","81","241940.7","190316.36","138780.67"
"296","M8","82","242187.81","190936.48","138671.6"
"296","M8","83","241935.55","191566.75","138661.8"
"296","M8","84","241439.53","192311.58","138805.73"
"296","M8","85","241887.16","193060.8","138735.02"
"296","M8","86","242314.9","193513.52","138668.3"
"296","M8","87","242638.47","194011.03","138619.47"
"296","M8","88","242881.94","194535.89","138481.33"
"296","M8","89","243536.25","195226.34","138491.7"
"296","M8","90","243560.16","195670.31","138684.61"
"297","M9","1","73976.33","62580.496","128113.055"
"297","M9","2","73809.836","62626.125","127805.38"
"297","M9","3","73525.73","63067.945","127623.58"
"297","M9","4","73304.97","63547.312","127655.88"
"297","M9","5","73135.26","63916.637","127630.15"
"297","M9","6","73087.72","64259.31","127538.38"
"297","M9","7","73072.875","64586.496","127540.23"
"297","M9","8","73069.75","64872.29","127744.25"
"297","M9","9","73090.19","65157.504","127727.32"
"297","M9","10","73172.195","65352.805","127674.19"
"297","M9","11","73319.54","65418.242","127664.266"
"297","M9","12","73401.016","65645.55","127487.11"
"297","M9","13","73651.625","65985.984","127440.15"
"297","M9","14","74380.96","66446.53","127526.79"
"297","M9","15","75310.39","67620.91","127538.67"
"297","M9","16","77115.94","69628.92","127571.195"
"297","M9","17","80409.67","73197.45","127364.836"
"297","M9","18","86549.36","79010.05","127355.17"
"297","M9","19","96217.72","87719.07","127589.53"
"297","M9","20","109975.086","97857.5","127803.0"
"297","M9","21","126289.48","107977.086","127999.92"
"297","M9","22","143227.7","116174.28","128190.76"
"297","M9","23","159160.42","121790.79","128170.805"
"297","M9","24","173089.0","125255.52","128184.63"
"297","M9","25","184250.2","127871.664","128093.766"
"297","M9","26","193333.64","130037.85","127946.64"
"297","M9","27","199906.4","131720.95","127855.0"
"297","M9","28","204903.53","133139.03","127905.93"
"297","M9","29","208370.56","134361.55","128140.75"
"297","M9","30","211068.23","135442.64","127963.36"
"297","M9","31","213007.62","136148.88","127862.46"
"297","M9","32","214515.2","137057.92","127912.586"
"297","M9","33","216011.73","137466.94","127877.11"
"297","M9","34","217503.08","138218.14","127821.74"
"297","M9","35","218298.27","138892.7","127847.46"
"297","M9","36","219328.22","139507.16","127819.98"
"297","M9","37","220725.22","140104.08","127917.81"
"297","M9","38","221866.77","140675.83","128081.1"
"297","M9","39","222898.31","141307.98","128037.6"
"297","M9","40","223693.28","141816.39","127956.74"
"297","M9","41","224370.47","142167.53","127851.71"
"297","M9","42","225426.02","142891.33","127703.51"
"297","M9","43","226452.14","143432.81","127639.664"
"297","M9","44","227503.5","143811.88","127689.54"
"297","M9","45","228444.39","144494.64","127729.55"
"297","M9","46","229248.48","144925.86","127722.734"
"297","M9","47","230226.98","145465.45","127751.56"
"297","M9","48","231161.5","145884.1","127763.55"
"297","M9","49","232068.28","146448.2","127714.18"
"297","M9","50","232863.36","146948.58","127727.09"
"297","M9","51","233741.67","147503.2","127824.445"
"297","M9","52","234411.77","148005.19","127798.13"
"297","M9","53","235273.61","148569.36","127787.55"
"297","M9","54","236625.58","148797.92","127710.89"
"297","M9","55","237281.05","149207.75","127582.2"
"297","M9","56","237969.58","149830.89","127511.836"
"297","M9","57","238923.66","150382.34","127481.07"
"297","M9","58","240161.77","151114.92","127486.6"
"297","M9","59","241596.98","152120.48","127469.88"
"297","M9","60","242924.67","152995.72","127383.6"
"297","M9","61","244256.1","154698.69","127369.555"
"297","M9","62","246615.12","156677.42","127458.19"
"297","M9","63","249523.33","159117.05","127502.19"
"297","M9","64","253119.38","162516.58","127582.42"
"297","M9","65","257133.33","166973.45","127562.54"
"297","M9","66","261882.47","172488.84","127553.46"
"297","M9","67","267386.12","179110.86","127681.57"
"297","M9","68","273670.25","186053.48","127676.06"
"297","M9","69","279640.12","193326.27","127681.14"
"297","M9","70","286034.66","201277.25","127615.35"
"297","M9","71","292007.12","208709.78","127517.34"
"297","M9","72","298338.88","216136.67","127513.85"
"297","M9","73","304087.22","223714.7","127739.85"
"297","M9","74","310141.0","230635.69","127958.08"
"297","M9","75","316521.78","237447.06","128044.69"
"297","M9","76","322305.3","244183.5","128009.0"
"297","M9","77","328006.88","250427.81","128085.99"
"297","M9","78","333389.03","256582.94","128180.914"
"297","M9","79","338856.34","262918.12","128174.57"
"297","M9","80","345002.28","268739.6","128320.7"
"297","M9","81","351430.25","274122.75","128278.11"
"297","M9","82","357300.12","279824.6","128192.55"
"297","M9","83","362505.8","284741.62","127998.734"
"297","M9","84","368957.38","289557.72","127946.64"
"297","M9","85","375952.25","294078.38","128132.93"
"297","M9","86","381992.8","299153.78","128161.0"
"297","M9","87","386707.66","303584.78","128333.51"
"297","M9","88","393076.9","307474.5","128369.555"
"297","M9","89","398383.1","311646.62","128389.15"
"297","M9","90","403815.8","314758.38","128314.234"
"298","M10","1","68116.23","59193.223","121069.01"
"298","M10","2","67685.7","59345.137","120809.78"
"298","M10","3","67151.17","59504.27","120394.94"
"298","M10","4","66998.14","59838.33","120229.41"
"298","M10","5","66898.49","60171.492","120118.87"
"298","M10","6","66600.06","60410.887","119917.16"
"298","M10","7","66460.85","60493.836","119762.33"
"298","M10","8","66324.93","60596.7","119544.0"
"298","M10","9","66313.07","60694.86","119482.14"
"298","M10","10","66422.21","60691.133","119572.805"
"298","M10","11","66519.1","61012.02","119569.31"
"298","M10","12","66543.086","61278.12","119519.94"
"298","M10","13","66725.08","61582.184","119463.63"
"298","M10","14","66986.54","62071.113","119271.79"
"298","M10","15","67773.18","63024.438","119260.375"
"298","M10","16","69392.2","64830.945","119407.766"
"298","M10","17","72069.89","68170.05","119405.14"
"298","M10","18","77007.66","73591.945","119410.48"
"298","M10","19","84583.25","81558.16","119648.41"
"298","M10","20","95379.555","91802.24","119948.77"
"298","M10","21","108847.086","102411.5","120000.39"
"298","M10","22","123360.9","111519.625","119966.59"
"298","M10","23","137168.0","117906.305","119945.83"
"298","M10","24","149321.92","121874.24","120031.15"
"298","M10","25","159213.03","124776.805","120028.35"
"298","M10","26","166887.77","127119.76","120193.766"
"298","M10","27","172848.77","128695.74","120262.87"
"298","M10","28","177031.97","130019.32","120152.03"
"298","M10","29","179960.38","131195.75","120084.28"
"298","M10","30","182022.78","132161.75","120189.08"
"298","M10","31","184012.77","132843.34","120127.664"
"298","M10","32","185495.0","133560.73","119964.2"
"298","M10","33","186786.55","134038.6","119871.73"
"298","M10","34","187757.1","134767.6","119925.01"
"298","M10","35","188762.64","135367.2","120109.234"
"298","M10","36","189730.92","136079.7","120169.305"
"298","M10","37","190650.53","136988.36","120078.5"
"298","M10","38","191444.73","137581.3","119969.48"
"298","M10","39","192334.22","138358.92","119893.58"
"298","M10","40","192974.52","138919.4","119918.65"
"298","M10","41","193892.34","139375.84","119988.89"
"298","M10","42","194738.48","139719.97","119923.805"
"298","M10","43","195376.06","140271.27","119836.79"
"298","M10","44","196089.34","140995.44","119789.305"
"298","M10","45","196989.44","141621.7","119719.88"
"298","M10","46","197757.9","141856.33","119668.08"
"298","M10","47","198471.44","142205.61","119630.19"
"298","M10","48","199448.08","142600.1","119685.05"
"298","M10","49","200008.78","143168.25","119683.13"
"298","M10","50","200758.86","143905.42","119752.81"
"298","M10","51","201547.14","144023.16","119563.516"
"298","M10","52","202257.38","144539.75","119407.805"
"298","M10","53","203207.95","145152.62","119407.46"
"298","M10","54","203797.33","145469.67","119626.38"
"298","M10","55","204335.83","145845.28","119668.414"
"298","M10","56","204932.39","146642.75","119504.67"
"298","M10","57","205609.5","147103.95","119466.71"
"298","M10","58","206441.05","147666.8","119619.33"
"298","M10","59","207370.16","148336.61","119654.03"
"298","M10","60","208025.78","149046.06","119591.27"
"298","M10","61","209128.45","149547.45","119515.38"
"298","M10","62","210076.62","150940.48","119426.555"
"298","M10","63","211233.98","152238.02","119273.016"
"298","M10","64","213053.25","153918.05","119264.84"
"298","M10","65","214935.31","156173.12","119407.375"
"298","M10","66","217256.2","159534.8","119490.516"
"298","M10","67","220320.12","163610.86","119602.85"
"298","M10","68","224024.38","168466.48","119634.23"
"298","M10","69","228040.12","174421.11","119771.74"
"298","M10","70","232372.78","181456.25","119573.13"
"298","M10","71","236643.1","188359.66","119543.42"
"298","M10","72","240835.11","195543.42","119836.02"
"298","M10","73","245291.88","202958.03","119949.76"
"298","M10","74","250535.77","210164.69","119931.68"
"298","M10","75","254827.84","217032.1","120027.17"
"298","M10","76","259045.14","223871.12","119914.516"
"298","M10","77","263646.0","230646.9","119893.34"
"298","M10","78","268072.03","236977.86","120174.01"
"298","M10","79","272291.94","242852.81","120237.1"
"298","M10","80","276407.8","248765.2","120365.234"
"298","M10","81","281037.72","254183.52","120405.34"
"298","M10","82","285957.22","259097.69","120309.74"
"298","M10","83","289958.84","264096.66","120263.44"
"298","M10","84","293715.22","269194.03","120501.516"
"298","M10","85","298404.38","273977.75","120654.336"
"298","M10","86","302898.56","277913.84","120594.6"
"298","M10","87","307145.47","282218.56","120480.04"
"298","M10","88","311428.25","286403.6","120452.77"
"298","M10","89","315262.88","290374.7","120539.85"
"298","M10","90","319109.47","293690.6","120697.37"
"299","M11","1","74071.695","66918.516","133301.0"
"299","M11","2","73799.086","67058.01","132995.08"
"299","M11","3","73115.02","67711.805","132890.75"
"299","M11","4","72950.73","68682.15","133125.66"
"299","M11","5","72950.414","69104.78","133100.47"
"299","M11","6","72949.19","69539.69","132930.52"
"299","M11","7","72990.234","69776.91","132931.61"
"299","M11","8","72882.66","70076.49","133168.72"
"299","M11","9","72851.5","70380.09","133163.42"
"299","M11","10","72860.37","70504.12","133038.55"
"299","M11","11","72945.516","70592.05","132828.2"
"299","M11","12","73338.484","70506.99","132850.16"
"299","M11","13","73609.16","70809.3","133115.12"
"299","M11","14","73934.01","71607.67","133066.11"
"299","M11","15","74752.39","72724.0","133023.98"
"299","M11","16","76280.77","74845.7","133102.7"
"299","M11","17","79205.46","78631.445","133125.81"
"299","M11","18","83818.914","85001.77","133279.39"
"299","M11","19","91558.836","94324.02","133281.27"
"299","M11","20","102817.414","106522.92","133323.56"
"299","M11","21","116386.445","118948.445","133305.58"
"299","M11","22","131271.16","130092.03","133269.72"
"299","M11","23","145837.06","138093.61","133260.83"
"299","M11","24","159153.81","143625.22","133431.72"
"299","M11","25","169985.6","147356.33","133442.9"
"299","M11","26","178344.08","149904.88","133523.22"
"299","M11","27","184836.92","151938.23","133516.36"
"299","M11","28","189547.03","153758.19","133600.88"
"299","M11","29","192742.86","154874.47","133457.9"
"299","M11","30","194907.75","156391.67","133381.5"
"299","M11","31","196769.17","157261.86","133459.34"
"299","M11","32","198424.75","158082.4","133470.27"
"299","M11","33","199624.75","158637.17","133590.31"
"299","M11","34","200549.25","159602.66","133350.4"
"299","M11","35","201903.05","160757.42","133300.2"
"299","M11","36","202944.06","161297.23","133567.88"
"299","M11","37","203890.36","161945.92","133568.92"
"299","M11","38","204990.66","162773.3","133557.22"
"299","M11","39","206020.61","163431.11","133572.38"
"299","M11","40","206998.62","163811.98","133589.1"
"299","M11","41","207713.25","164895.39","133538.81"
"299","M11","42","208380.67","165521.66","133557.88"
"299","M11","43","209405.69","165977.73","133477.86"
"299","M11","44","210163.9","166568.06","133381.42"
"299","M11","45","211059.88","167135.88","133306.56"
"299","M11","46","211938.06","168021.6","133281.58"
"299","M11","47","212549.39","168539.86","133408.38"
"299","M11","48","213351.83","169208.8","133458.92"
"299","M11","49","214089.25","169734.31","133488.97"
"299","M11","50","214911.42","170226.3","133486.42"
"299","M11","51","215687.3","170809.0","133531.94"
"299","M11","52","216591.22","171281.16","133504.03"
"299","M11","53","217452.05","171930.61","133517.28"
"299","M11","54","217964.77","172515.33","133246.38"
"299","M11","55","218741.86","173007.69","133167.39"
"299","M11","56","219449.7","173482.14","133313.05"
"299","M11","57","220251.56","174145.12","133326.36"
"299","M11","58","220958.48","175009.7","133271.81"
"299","M11","59","221722.34","175230.02","133130.75"
"299","M11","60","222428.14","175787.88","133092.47"
"299","M11","61","222995.36","176757.56","133232.0"
"299","M11","62","223865.73","177506.17","133271.84"
"299","M11","63","224767.2","178360.61","133224.0"
"299","M11","64","225555.94","179360.33","133089.66"
"299","M11","65","226681.11","180973.97","133037.95"
"299","M11","66","228082.52","182961.5","133092.25"
"299","M11","67","229565.1","185696.73","133071.05"
"299","M11","68","231819.89","188828.05","133127.83"
"299","M11","69","234488.78","193606.78","133333.73"
"299","M11","70","237637.36","199436.42","133351.2"
"299","M11","71","241169.86","206042.47","133119.89"
"299","M11","72","244922.78","213920.84","133080.95"
"299","M11","73","248913.02","222292.02","133292.47"
"299","M11","74","253131.81","230720.4","133320.77"
"299","M11","75","257616.44","239144.86","133429.28"
"299","M11","76","261843.03","247803.86","133456.44"
"299","M11","77","266101.16","256011.95","133462.58"
"299","M11","78","269726.1","263964.22","133703.17"
"299","M11","79","273626.56","271685.16","133705.1"
"299","M11","80","277647.72","278896.22","133769.89"
"299","M11","81","281503.06","285689.0","133910.45"
"299","M11","82","285357.1","292604.47","133948.38"
"299","M11","83","289675.78","298535.4","133888.47"
"299","M11","84","294002.12","304114.72","133927.22"
"299","M11","85","297719.6","310219.84","133972.73"
"299","M11","86","301414.6","316109.1","134382.17"
"299","M11","87","306321.62","321077.75","134373.02"
"299","M11","88","310181.12","325719.5","134210.72"
"299","M11","89","313674.4","330467.28","134015.45"
"299","M11","90","316972.34","334659.62","133888.14"
"300","M12","1","69996.5","65192.53","129462.78"
"300","M12","2","69745.6","65404.34","129170.04"
"300","M12","3","69393.945","65890.24","128710.63"
"300","M12","4","69149.15","66618.84","128587.59"
"300","M12","5","69070.26","67131.93","128584.24"
"300","M12","6","69038.555","67559.53","128578.25"
"300","M12","7","68952.99","67787.17","128695.305"
"300","M12","8","68944.81","67922.445","128701.68"
"300","M12","9","69065.27","68062.85","128780.62"
"300","M12","10","69301.85","68050.29","128745.5"
"300","M12","11","69275.58","68439.8","128709.58"
"300","M12","12","69274.27","68732.75","128715.05"
"300","M12","13","69531.45","68943.984","128932.44"
"300","M12","14","69809.15","69407.664","128898.21"
"300","M12","15","70648.21","70739.25","128754.54"
"300","M12","16","72264.65","72854.16","128632.08"
"300","M12","17","74955.33","76512.484","128588.76"
"300","M12","18","79724.445","82565.19","128752.41"
"300","M12","19","86796.484","91739.24","129047.02"
"300","M12","20","97247.66","103790.195","128994.164"
"300","M12","21","110114.64","116205.22","128912.73"
"300","M12","22","124099.67","127074.75","128934.59"
"300","M12","23","137828.19","135172.34","128935.38"
"300","M12","24","149796.38","140888.4","129119.06"
"300","M12","25","160105.86","144811.73","129169.914"
"300","M12","26","168435.75","147284.19","129380.18"
"300","M12","27","174480.11","149160.33","129150.336"
"300","M12","28","178557.31","150964.7","129040.27"
"300","M12","29","181890.42","152471.89","129239.79"
"300","M12","30","184252.8","153486.36","129572.51"
"300","M12","31","185771.89","154605.81","129508.25"
"300","M12","32","187129.61","155233.39","129275.71"
"300","M12","33","188305.02","156103.31","129182.01"
"300","M12","34","189199.36","157160.6","129308.31"
"300","M12","35","190150.39","157752.77","129401.945"
"300","M12","36","191187.38","158308.4","129446.93"
"300","M12","37","192113.73","159055.02","129415.63"
"300","M12","38","193047.64","159769.14","129338.82"
"300","M12","39","194123.92","160415.25","129252.67"
"300","M12","40","194886.88","161138.9","129024.984"
"300","M12","41","195716.44","161908.45","128953.17"
"300","M12","42","196537.08","162701.23","129137.7"
"300","M12","43","197358.53","163056.84","129172.57"
"300","M12","44","197931.47","163588.55","128967.75"
"300","M12","45","198583.02","164071.83","128880.93"
"300","M12","46","199445.84","165038.77","129009.805"
"300","M12","47","200108.97","165437.98","129207.266"
"300","M12","48","200894.06","166153.72","129390.82"
"300","M12","49","201489.66","166606.94","129355.59"
"300","M12","50","202293.72","167191.23","128963.18"
"300","M12","51","203046.2","167918.98","128844.01"
"300","M12","52","203358.17","168432.56","128966.92"
"300","M12","53","204226.53","168916.89","128939.055"
"300","M12","54","205151.55","169359.36","128948.53"
"300","M12","55","205684.05","169716.97","129010.26"
"300","M12","56","206405.19","170372.22","129038.67"
"300","M12","57","206990.89","171281.95","128966.49"
"300","M12","58","207854.39","171500.84","128943.18"
"300","M12","59","208509.05","171963.88","128953.54"
"300","M12","60","209036.31","172700.16","128540.79"
"300","M12","61","209887.45","173412.03","128278.805"
"300","M12","62","210483.98","173896.64","128336.73"
"300","M12","63","210923.94","174699.92","128699.03"
"300","M12","64","211619.62","175867.5","128610.56"
"300","M12","65","212734.14","176427.42","128597.97"
"300","M12","66","213331.7","177675.45","128847.38"
"300","M12","67","214239.78","179101.31","128721.56"
"300","M12","68","215713.81","181083.75","128643.734"
"300","M12","69","217250.44","183635.84","128701.33"
"300","M12","70","218870.47","187286.84","128689.65"
"300","M12","71","220757.33","192018.2","128797.44"
"300","M12","72","223590.03","197570.67","128928.016"
"300","M12","73","226732.58","204279.98","128878.625"
"300","M12","74","229879.33","212254.1","128874.945"
"300","M12","75","233441.17","220512.23","129102.195"
"300","M12","76","236895.11","228988.17","129096.5"
"300","M12","77","240319.2","237410.2","129089.734"
"300","M12","78","244026.98","245221.64","129117.266"
"300","M12","79","247472.1","253325.25","129460.055"
"300","M12","80","250894.8","261449.06","129446.164"
"300","M12","81","254449.95","268638.62","129292.24"
"300","M12","82","258231.88","275505.78","129251.664"
"300","M12","83","261454.61","282461.22","129481.47"
"300","M12","84","264191.0","288945.28","129409.28"
"300","M12","85","268123.5","294703.75","129326.08"
"300","M12","86","271819.38","300339.88","129431.49"
"300","M12","87","275474.47","305688.88","129443.98"
"300","M12","88","278719.22","310609.88","129434.57"
"300","M12","89","282890.16","315288.66","129405.914"
"300","M12","90","285823.8","318847.7","129438.76"
"301","M13","1","67578.07","65871.47","128562.375"
"301","M13","2","67317.96","66058.625","128379.12"
"301","M13","3","67085.55","66763.72","128320.79"
"301","M13","4","66918.664","67477.03","128563.42"
"301","M13","5","66573.74","68092.65","128565.02"
"301","M13","6","66486.586","68585.37","128517.12"
"301","M13","7","66509.45","68895.82","128442.2"
"301","M13","8","66447.984","69077.266","128365.33"
"301","M13","9","66454.32","69229.805","128283.805"
"301","M13","10","66601.04","69385.55","128239.6"
"301","M13","11","66797.82","69651.51","128286.18"
"301","M13","12","66897.79","69845.13","128418.8"
"301","M13","13","67001.94","70400.016","128452.914"
"301","M13","14","67372.17","70883.36","128510.59"
"301","M13","15","68325.38","72054.95","128409.305"
"301","M13","16","69817.14","74082.56","128128.1"
"301","M13","17","72477.78","77864.79","128094.13"
"301","M13","18","77169.56","83940.66","128343.87"
"301","M13","19","84473.016","93309.195","128812.35"
"301","M13","20","94585.19","105565.45","128889.11"
"301","M13","21","107299.13","118627.12","128893.44"
"301","M13","22","120963.34","129594.05","128914.36"
"301","M13","23","134574.98","137805.38","129222.65"
"301","M13","24","146625.0","143774.95","129220.09"
"301","M13","25","157017.56","147650.28","129216.27"
"301","M13","26","165216.81","150463.48","129324.61"
"301","M13","27","171408.0","152378.19","129540.48"
"301","M13","28","175806.22","154292.03","129506.24"
"301","M13","29","178659.94","155388.7","129497.5"
"301","M13","30","180949.4","156537.88","129425.555"
"301","M13","31","182875.02","157380.05","129403.33"
"301","M13","32","184205.36","158422.95","129150.43"
"301","M13","33","185306.78","159312.92","129040.67"
"301","M13","34","186233.83","160337.5","129192.74"
"301","M13","35","187055.27","161063.27","129392.18"
"301","M13","36","188177.86","161857.28","129430.03"
"301","M13","37","189014.81","162714.58","129204.664"
"301","M13","38","189882.08","163087.0","129119.85"
"301","M13","39","190606.8","164031.58","129318.04"
"301","M13","40","191385.98","164442.66","129371.36"
"301","M13","41","192256.6","165163.39","129291.25"
"301","M13","42","192835.3","165782.84","129197.32"
"301","M13","43","193879.67","166097.52","129196.195"
"301","M13","44","194743.62","166969.48","129169.75"
"301","M13","45","195422.69","167509.89","129325.54"
"301","M13","46","196151.28","168079.53","129303.06"
"301","M13","47","196768.89","168748.92","129387.63"
"301","M13","48","197243.58","169385.2","129474.77"
"301","M13","49","197927.72","169864.98","129361.164"
"301","M13","50","198994.73","170542.92","129212.29"
"301","M13","51","199722.88","171119.0","129119.95"
"301","M13","52","200162.48","171416.11","129151.77"
"301","M13","53","200754.34","172339.27","129078.336"
"301","M13","54","201128.97","172823.61","129023.836"
"301","M13","55","201932.55","173343.89","129042.984"
"301","M13","56","202762.27","173892.77","128958.99"
"301","M13","57","203316.53","174666.69","128883.55"
"301","M13","58","203944.61","175163.36","128932.836"
"301","M13","59","204462.16","175574.67","128913.66"
"301","M13","60","204990.84","176065.72","128957.35"
"301","M13","61","205668.53","176545.66","129217.16"
"301","M13","62","206341.95","177231.72","129228.2"
"301","M13","63","206897.9","178093.84","129007.01"
"301","M13","64","207466.9","178301.73","128882.414"
"301","M13","65","208267.7","178637.56","128850.52"
"301","M13","66","208813.84","179731.86","128787.586"
"301","M13","67","209770.28","180940.34","128781.64"
"301","M13","68","210504.0","182087.3","128714.93"
"301","M13","69","211435.7","183656.77","128659.86"
"301","M13","70","212267.22","185565.36","128590.086"
"301","M13","71","213542.86","188205.33","128544.31"
"301","M13","72","215376.2","191551.39","128454.63"
"301","M13","73","217619.42","195907.81","128422.09"
"301","M13","74","219870.55","201827.9","128591.25"
"301","M13","75","222669.83","209000.58","128777.46"
"301","M13","76","225710.45","217167.34","128695.45"
"301","M13","77","229393.1","225319.56","128711.09"
"301","M13","78","233102.81","233693.27","129159.625"
"301","M13","79","236516.89","242322.44","129393.375"
"301","M13","80","239986.84","251111.61","129288.22"
"301","M13","81","243255.25","259565.7","129220.8"
"301","M13","82","246402.81","267188.78","129428.086"
"301","M13","83","249771.88","274218.53","129602.66"
"301","M13","84","253271.67","281133.53","129726.805"
"301","M13","85","256705.84","288317.2","129575.64"
"301","M13","86","260180.0","294677.1","129523.71"
"301","M13","87","263370.97","300906.62","129834.375"
"301","M13","88","266514.25","306568.4","129836.875"
"301","M13","89","269770.62","311533.72","129798.75"
"301","M13","90","272136.44","316221.9","130046.71"
"302","M14","1","73541.55","64223.76","129090.8"
"302","M14","2","73277.11","64380.566","128858.945"
"302","M14","3","73090.64","64965.91","128552.03"
"302","M14","4","73107.72","65594.875","128347.92"
"302","M14","5","72998.586","66133.29","128332.02"
"302","M14","6","72925.375","66521.03","128566.64"
"302","M14","7","72895.37","66822.336","128549.07"
"302","M14","8","72479.15","67045.22","128442.734"
"302","M14","9","72264.97","67494.62","128362.62"
"302","M14","10","72297.195","67550.91","128298.41"
"302","M14","11","72555.695","67467.82","128209.8"
"302","M14","12","72695.21","67477.87","128047.15"
"302","M14","13","72952.016","67976.1","128072.02"
"302","M14","14","73266.22","68675.58","128341.48"
"302","M14","15","73997.59","69583.82","128449.81"
"302","M14","16","75530.51","71460.42","128503.125"
"302","M14","17","78354.016","75106.8","128439.03"
"302","M14","18","82969.375","81361.35","128396.8"
"302","M14","19","90189.34","90586.6","128509.51"
"302","M14","20","100904.58","102398.125","128637.8"
"302","M14","21","114010.36","115027.63","128755.82"
"302","M14","22","128188.18","125776.8","129084.37"
"302","M14","23","141917.34","133938.67","129143.97"
"302","M14","24","154141.02","139417.19","129174.12"
"302","M14","25","164353.48","143500.17","129280.28"
"302","M14","26","172870.39","146223.56","129283.99"
"302","M14","27","178844.3","148119.39","129176.055"
"302","M14","28","183322.67","149572.44","129116.22"
"302","M14","29","186773.34","151072.75","129251.586"
"302","M14","30","188954.98","152367.64","129373.69"
"302","M14","31","190898.12","153106.23","129358.03"
"302","M14","32","192433.23","153827.3","129502.17"
"302","M14","33","193574.69","154450.72","129366.875"
"302","M14","34","194494.83","155462.61","129269.61"
"302","M14","35","195373.33","156506.98","129376.44"
"302","M14","36","196088.72","157075.66","129323.44"
"302","M14","37","196994.67","157923.69","129220.4"
"302","M14","38","198146.95","158735.06","129261.06"
"302","M14","39","199402.45","159378.86","129381.92"
"302","M14","40","199763.34","159867.92","129197.336"
"302","M14","41","200580.98","160505.5","129050.8"
"302","M14","42","201481.4","160927.86","128944.11"
"302","M14","43","202264.66","161570.33","128734.914"
"302","M14","44","203198.55","162003.98","128674.74"
"302","M14","45","203917.69","162702.58","128845.14"
"302","M14","46","204556.28","163403.73","128874.945"
"302","M14","47","205013.19","164239.78","129080.49"
"302","M14","48","205750.17","165006.11","129143.36"
"302","M14","49","206563.0","165131.42","129132.38"
"302","M14","50","207396.1","165797.5","129132.91"
"302","M14","51","208105.03","165878.67","128990.35"
"302","M14","52","208688.73","166574.03","128914.46"
"302","M14","53","209493.86","167218.92","129000.97"
"302","M14","54","210240.55","167621.94","128870.41"
"302","M14","55","210723.0","168064.83","128775.72"
"302","M14","56","211226.19","168618.73","128800.34"
"302","M14","57","211714.16","169247.2","128732.12"
"302","M14","58","212456.58","169853.17","128665.29"
"302","M14","59","213117.8","170608.6","128699.09"
"302","M14","60","213522.62","170689.4","128655.125"
"302","M14","61","213932.72","171014.0","128648.84"
"302","M14","62","214587.48","171773.83","128547.69"
"302","M14","63","215474.39","172527.39","128344.82"
"302","M14","64","216413.02","173093.77","128315.58"
"302","M14","65","216847.0","173540.83","128549.13"
"302","M14","66","217554.92","174398.25","128687.11"
"302","M14","67","218042.12","175009.98","128748.836"
"302","M14","68","218620.69","175820.8","128677.44"
"302","M14","69","219602.95","176389.27","128592.625"
"302","M14","70","220504.23","177507.61","128535.93"
"302","M14","71","221477.1","179365.19","128406.336"
"302","M14","72","222599.64","181360.53","128372.26"
"302","M14","73","224118.36","183964.23","128461.336"
"302","M14","74","225901.47","187618.81","128221.85"
"302","M14","75","228816.36","192169.83","128237.86"
"302","M14","76","232063.95","197978.77","128674.35"
"302","M14","77","235289.86","205014.98","128769.32"
"302","M14","78","239057.14","213004.84","128842.44"
"302","M14","79","242765.23","221134.39","128834.47"
"302","M14","80","246584.06","229671.06","128951.13"
"302","M14","81","250617.22","238218.44","128848.484"
"302","M14","82","254625.84","246463.73","128864.49"
"302","M14","83","258353.52","254310.17","129305.8"
"302","M14","84","261979.06","261988.0","129361.02"
"302","M14","85","265553.66","269267.53","129423.39"
"302","M14","86","269725.38","275702.3","129387.79"
"302","M14","87","273496.6","282551.6","129528.305"
"302","M14","88","277034.0","288880.7","129642.73"
"302","M14","89","281248.06","294584.0","129682.6"
"302","M14","90","284267.6","298673.66","130005.57"
"303","M15","1","72915.91","65603.28","128571.016"
"303","M15","2","72610.76","65725.78","128330.414"
"303","M15","3","72386.25","66476.37","128085.39"
"303","M15","4","72287.93","67321.88","128040.914"
"303","M15","5","72140.74","67927.47","128164.77"
"303","M15","6","72098.27","68004.125","128180.99"
"303","M15","7","72127.76","68045.41","128097.5"
"303","M15","8","71995.13","68629.24","127901.15"
"303","M15","9","71967.95","68972.95","127879.89"
"303","M15","10","72058.125","69033.086","128084.234"
"303","M15","11","72220.945","69382.79","128075.414"
"303","M15","12","72260.42","69730.16","128007.99"
"303","M15","13","72501.305","69789.93","127928.664"
"303","M15","14","72995.51","70385.266","127813.484"
"303","M15","15","73898.05","71642.13","127765.88"
"303","M15","16","75687.67","73797.94","127844.84"
"303","M15","17","78506.27","77897.87","128141.08"
"303","M15","18","83370.3","83833.71","128175.26"
"303","M15","19","91128.555","93422.03","128223.42"
"303","M15","20","101917.09","106243.02","128318.59"
"303","M15","21","115514.234","119071.09","128698.03"
"303","M15","22","129986.29","130379.02","128790.93"
"303","M15","23","144252.47","138923.31","128752.66"
"303","M15","24","157382.02","144803.84","128676.42"
"303","M15","25","168224.12","148881.08","128683.984"
"303","M15","26","176931.89","151584.34","128627.9"
"303","M15","27","183737.9","153558.66","128651.01"
"303","M15","28","188417.17","155252.23","128618.164"
"303","M15","29","191929.36","156514.4","128599.555"
"303","M15","30","194338.78","157788.55","128593.695"
"303","M15","31","196077.39","158681.88","128653.164"
"303","M15","32","197381.9","160092.3","128716.164"
"303","M15","33","198777.83","160849.02","128733.51"
"303","M15","34","199775.9","161556.89","128670.16"
"303","M15","35","200649.62","162120.4","128683.14"
"303","M15","36","201713.92","163010.9","128628.47"
"303","M15","37","202747.14","163673.55","128641.7"
"303","M15","38","203563.8","164460.02","128549.41"
"303","M15","39","204606.62","165076.9","128557.07"
"303","M15","40","205306.7","166135.2","128852.54"
"303","M15","41","206227.36","166781.52","128514.63"
"303","M15","42","206929.33","167085.5","128351.59"
"303","M15","43","207721.62","167462.52","128404.336"
"303","M15","44","208533.02","168500.6","128470.11"
"303","M15","45","209377.38","168955.12","128267.65"
"303","M15","46","210280.16","169789.44","128226.31"
"303","M15","47","210707.78","170386.92","128493.484"
"303","M15","48","211420.69","170637.64","128536.25"
"303","M15","49","212411.17","171516.83","128497.05"
"303","M15","50","213258.7","171939.27","128568.086"
"303","M15","51","213737.94","172390.23","128337.78"
"303","M15","52","214380.12","173089.02","128214.32"
"303","M15","53","214874.45","173835.94","128238.19"
"303","M15","54","215610.7","174537.28","128366.97"
"303","M15","55","216321.17","174993.19","128315.66"
"303","M15","56","217130.55","175552.75","128256.63"
"303","M15","57","218032.75","175851.28","128343.945"
"303","M15","58","218574.38","176685.44","128430.48"
"303","M15","59","218952.16","177318.3","128455.95"
"303","M15","60","219479.69","177722.97","128409.99"
"303","M15","61","220386.1","178018.95","128278.83"
"303","M15","62","221218.61","178435.28","128159.9"
"303","M15","63","221637.45","178874.05","128008.52"
"303","M15","64","222386.48","179787.84","127968.31"
"303","M15","65","223142.66","180153.86","128081.72"
"303","M15","66","223617.44","180901.19","128062.4"
"303","M15","67","223998.6","181420.36","128034.9"
"303","M15","68","224635.69","181975.23","127986.05"
"303","M15","69","225338.48","182688.86","127968.734"
"303","M15","70","226129.1","183601.38","127951.77"
"303","M15","71","226862.5","184421.75","127940.555"
"303","M15","72","227758.47","185463.7","128044.04"
"303","M15","73","228805.08","186970.06","128016.875"
"303","M15","74","229405.58","189082.02","127996.82"
"303","M15","75","230621.64","191246.92","128081.95"
"303","M15","76","232153.53","194151.28","127994.58"
"303","M15","77","234100.77","198540.84","127731.57"
"303","M15","78","236360.55","203716.33","127739.2"
"303","M15","79","239195.66","210131.05","128067.59"
"303","M15","80","242478.77","217887.52","128276.984"
"303","M15","81","246069.58","226388.28","128272.19"
"303","M15","82","249471.83","235105.61","128381.836"
"303","M15","83","253045.33","243866.5","128544.66"
"303","M15","84","256859.33","252737.44","128511.06"
"303","M15","85","260303.48","260968.61","128488.125"
"303","M15","86","263898.47","269027.0","128490.17"
"303","M15","87","267730.22","276765.06","128751.95"
"303","M15","88","271087.75","283813.2","128780.14"
"303","M15","89","274479.78","290624.16","128708.984"
"303","M15","90","277759.62","296486.12","128614.7"
"304","M16","1","73954.914","64932.1","128232.58"
"304","M16","2","73702.12","65006.1","127927.01"
"304","M16","3","73492.08","65450.926","127573.39"
"304","M16","4","73351.85","65931.53","127503.18"
"304","M16","5","73022.86","66305.24","127623.055"
"304","M16","6","72854.06","66854.92","127525.375"
"304","M16","7","72650.734","67201.336","127448.984"
"304","M16","8","72651.66","67549.04","127505.98"
"304","M16","9","72846.49","67746.96","127594.63"
"304","M16","10","72870.59","67846.26","127612.766"
"304","M16","11","72970.945","68146.664","127277.61"
"304","M16","12","73212.89","68371.24","127179.58"
"304","M16","13","73446.09","68623.62","127219.33"
"304","M16","14","73928.74","69195.914","126979.54"
"304","M16","15","74865.41","70393.45","127036.87"
"304","M16","16","76396.94","72077.49","127552.73"
"304","M16","17","79122.766","75841.516","127690.91"
"304","M16","18","83673.12","81736.9","127613.56"
"304","M16","19","91056.875","90678.63","127454.664"
"304","M16","20","101347.945","102820.734","127466.984"
"304","M16","21","113772.73","115679.27","127855.2"
"304","M16","22","127730.98","126290.43","127974.23"
"304","M16","23","141623.16","134680.83","128120.68"
"304","M16","24","153741.52","140242.92","127962.57"
"304","M16","25","164081.03","144433.77","127851.74"
"304","M16","26","172268.56","147315.06","127899.84"
"304","M16","27","178399.42","148923.66","127906.164"
"304","M16","28","183182.56","151047.86","127828.414"
"304","M16","29","186567.55","152299.66","127842.12"
"304","M16","30","188539.08","153248.6","127975.24"
"304","M16","31","190388.33","154303.3","128034.02"
"304","M16","32","191741.19","155292.77","128186.56"
"304","M16","33","192811.97","156029.17","128308.73"
"304","M16","34","193760.38","156563.89","128257.76"
"304","M16","35","194654.14","157286.89","128045.375"
"304","M16","36","195957.64","158339.84","127908.61"
"304","M16","37","196880.28","158780.38","127839.92"
"304","M16","38","197335.25","159740.64","127827.47"
"304","M16","39","197867.14","160468.9","128065.67"
"304","M16","40","198917.56","161375.47","127984.83"
"304","M16","41","200060.55","161856.7","127862.734"
"304","M16","42","200509.6","162313.42","127814.586"
"304","M16","43","201153.34","162716.5","127878.875"
"304","M16","44","202010.4","163241.83","128157.586"
"304","M16","45","202881.84","163647.67","128207.26"
"304","M16","46","203624.92","164329.64","127896.0"
"304","M16","47","204038.25","165089.22","127729.586"
"304","M16","48","204911.47","165609.75","127637.64"
"304","M16","49","205564.89","166012.67","127533.86"
"304","M16","50","206149.11","166714.16","127412.234"
"304","M16","51","206908.45","167460.3","127440.82"
"304","M16","52","207507.19","167964.3","127813.99"
"304","M16","53","208254.5","168554.78","127738.625"
"304","M16","54","208881.92","169120.58","127679.305"
"304","M16","55","209659.58","169499.88","127820.0"
"304","M16","56","210189.88","169883.42","127645.96"
"304","M16","57","210882.12","170419.97","127589.16"
"304","M16","58","211421.92","171057.75","127828.195"
"304","M16","59","211899.31","171328.97","127907.7"
"304","M16","60","212464.83","171820.56","127742.51"
"304","M16","61","213152.31","172547.27","127330.99"
"304","M16","62","213849.67","173198.84","127226.0"
"304","M16","63","214501.81","173707.27","127364.44"
"304","M16","64","214772.19","174038.22","127466.81"
"304","M16","65","215604.39","174395.4","127540.96"
"304","M16","66","216133.33","174897.0","127624.484"
"304","M16","67","216676.89","175461.55","127626.91"
"304","M16","68","217192.33","175876.48","127574.37"
"304","M16","69","217860.38","176066.0","127600.516"
"304","M16","70","218404.06","176547.98","127531.28"
"304","M16","71","219011.31","177340.58","127393.445"
"304","M16","72","219682.98","178063.03","127176.49"
"304","M16","73","220037.33","178515.53","127129.13"
"304","M16","74","220433.2","178569.88","127259.836"
"304","M16","75","221277.36","179261.7","127329.914"
"304","M16","76","222014.45","179964.56","127520.69"
"304","M16","77","222367.98","180829.14","127580.61"
"304","M16","78","223049.28","181037.02","127438.836"
"304","M16","79","223639.53","181939.3","127346.79"
"304","M16","80","223821.14","182561.47","127324.75"
"304","M16","81","224501.5","183285.72","127333.63"
"304","M16","82","225171.81","184394.98","127349.18"
"304","M16","83","225994.95","185775.27","127234.67"
"304","M16","84","226489.2","187537.34","127162.94"
"304","M16","85","227046.7","189653.77","127137.36"
"304","M16","86","227987.1","192547.61","127089.79"
"304","M16","87","229011.8","196595.94","127109.35"
"304","M16","88","229986.8","201643.19","127347.59"
"304","M16","89","231042.62","208038.55","127407.79"
"304","M16","90","231848.75","214097.1","127354.19"
"305","M17","1","75451.57","56208.152","136256.77"
"305","M17","2","75320.836","56193.523","136010.92"
"305","M17","3","75165.52","56345.44","135808.86"
"305","M17","4","74960.23","57049.477","135648.66"
"305","M17","5","74586.45","57478.19","135421.7"
"305","M17","6","74546.805","57792.863","135426.22"
"305","M17","7","74724.336","57922.418","135705.84"
"305","M17","8","74684.43","57965.895","135711.44"
"305","M17","9","74641.26","58260.32","135637.6"
"305","M17","10","74666.95","58402.855","135588.08"
"305","M17","11","74678.6","58355.04","135633.34"
"305","M17","12","74660.555","58330.98","135757.58"
"305","M17","13","74689.49","58413.62","135640.05"
"305","M17","14","74734.9","58428.42","135562.53"
"305","M17","15","74991.75","58369.312","135575.89"
"305","M17","16","75097.65","58582.867","135586.77"
"305","M17","17","75514.3","58690.477","135355.47"
"305","M17","18","76261.58","58846.184","135407.56"
"305","M17","19","77776.65","59463.23","135814.17"
"305","M17","20","80218.22","60065.83","135667.86"
"305","M17","21","84809.91","60814.617","135581.73"
"305","M17","22","92012.914","62468.35","135652.86"
"305","M17","23","102582.42","65313.664","135723.23"
"305","M17","24","117142.3","69090.11","135880.62"
"305","M17","25","135150.5","73483.586","135897.89"
"305","M17","26","154139.1","78565.07","135820.36"
"305","M17","27","171612.61","83403.28","135765.95"
"305","M17","28","186102.81","87319.016","135835.75"
"305","M17","29","196992.36","90161.734","135891.89"
"305","M17","30","205714.39","92494.34","135841.78"
"305","M17","31","212531.61","94091.37","135887.48"
"305","M17","32","217678.11","95338.88","136137.38"
"305","M17","33","221543.31","96685.164","136145.67"
"305","M17","34","224500.39","97989.32","136187.02"
"305","M17","35","226755.48","98884.15","136130.28"
"305","M17","36","228831.27","99665.336","135980.12"
"305","M17","37","230396.33","100715.09","135760.39"
"305","M17","38","231577.7","101564.13","135741.5"
"305","M17","39","232515.81","102554.086","136022.94"
"305","M17","40","233366.64","103123.6","136004.16"
"305","M17","41","234412.98","103887.586","135934.1"
"305","M17","42","234952.47","104707.31","135967.45"
"305","M17","43","235519.94","105405.29","135949.55"
"305","M17","44","236223.4","106106.8","135976.38"
"305","M17","45","236871.78","106821.08","135739.33"
"305","M17","46","237529.83","107160.46","135703.69"
"305","M17","47","238098.66","107615.195","135976.88"
"305","M17","48","238832.28","108567.125","135990.42"
"305","M17","49","239283.3","109361.33","135990.27"
"305","M17","50","239852.31","109821.81","135904.39"
"305","M17","51","240540.45","110573.41","135764.55"
"305","M17","52","240947.97","111241.13","135720.75"
"305","M17","53","241540.02","112147.96","135820.06"
"305","M17","54","241911.36","112765.26","135711.7"
"305","M17","55","242177.5","113031.18","135708.84"
"305","M17","56","242759.98","113565.42","135939.1"
"305","M17","57","243183.7","114369.81","135705.06"
"305","M17","58","243584.61","115140.11","135629.83"
"305","M17","59","244443.44","115543.06","135780.95"
"305","M17","60","245239.72","116570.04","135736.42"
"305","M17","61","245959.5","117465.83","135631.88"
"305","M17","62","246937.3","118452.52","135611.9"
"305","M17","63","248349.05","120063.08","135761.5"
"305","M17","64","250356.4","121727.94","135735.47"
"305","M17","65","252797.81","123747.664","135639.02"
"305","M17","66","256405.98","126474.73","135646.66"
"305","M17","67","260968.77","129463.586","135903.03"
"305","M17","68","266588.7","133072.4","135877.08"
"305","M17","69","272985.53","136979.2","135725.6"
"305","M17","70","279829.62","141156.1","135650.36"
"305","M17","71","286976.9","145571.78","135645.89"
"305","M17","72","295332.4","150405.5","135681.05"
"305","M17","73","303405.94","154715.25","136028.1"
"305","M17","74","311863.0","159232.55","136276.83"
"305","M17","75","320294.03","163989.73","136230.25"
"305","M17","76","329030.6","168975.58","136182.95"
"305","M17","77","338470.53","174162.48","136271.66"
"305","M17","78","347010.06","178733.67","136289.73"
"305","M17","79","356694.9","183291.6","136114.14"
"305","M17","80","366544.56","188043.84","136014.05"
"305","M17","81","375810.84","192713.83","136069.98"
"305","M17","82","385084.06","197742.34","136191.06"
"305","M17","83","393581.03","202321.58","136263.36"
"305","M17","84","402789.56","207402.11","136367.31"
"305","M17","85","411741.9","212150.25","136402.27"
"305","M17","86","421383.12","216606.88","136370.84"
"305","M17","87","429585.53","221727.88","136346.94"
"305","M17","88","439179.3","226323.42","136491.8"
"305","M17","89","447315.2","230918.6","136861.17"
"305","M17","90","454717.34","235266.81","136948.05"
"306","M18","1","72670.83","55916.414","134710.48"
"306","M18","2","72455.11","55949.63","134463.92"
"306","M18","3","72084.76","56375.1","133781.64"
"306","M18","4","71830.86","56721.96","133638.17"
"306","M18","5","71766.125","56940.5","133814.88"
"306","M18","6","71788.305","57371.22","133897.22"
"306","M18","7","71749.8","57306.117","133805.23"
"306","M18","8","71716.91","57275.53","133682.6"
"306","M18","9","71739.97","57683.355","133621.86"
"306","M18","10","71859.125","57818.6","133691.6"
"306","M18","11","71889.05","57741.008","133875.6"
"306","M18","12","71867.66","57651.47","133738.84"
"306","M18","13","71693.39","57733.168","133668.2"
"306","M18","14","71683.55","57956.438","133739.88"
"306","M18","15","71933.39","58070.21","133761.98"
"306","M18","16","72408.2","58074.543","133784.97"
"306","M18","17","72765.82","58081.766","133763.73"
"306","M18","18","73401.18","58445.3","133672.34"
"306","M18","19","74357.27","58860.617","133396.78"
"306","M18","20","76572.3","59356.15","133422.06"
"306","M18","21","80059.234","60152.273","133823.58"
"306","M18","22","85645.586","61706.26","133978.44"
"306","M18","23","94198.91","64570.35","133917.38"
"306","M18","24","106030.1","68237.56","133827.58"
"306","M18","25","120748.34","73509.96","133788.95"
"306","M18","26","137039.0","79462.42","133901.16"
"306","M18","27","153806.45","85236.484","133878.17"
"306","M18","28","168797.61","90012.43","133645.86"
"306","M18","29","180925.19","93862.62","133620.27"
"306","M18","30","190309.47","96562.2","133860.27"
"306","M18","31","197222.03","98573.9","133800.38"
"306","M18","32","202707.73","99948.0","133757.4"
"306","M18","33","206917.69","101130.445","133882.75"
"306","M18","34","210409.78","102107.81","133815.73"
"306","M18","35","213065.12","102955.34","133613.66"
"306","M18","36","214749.58","103896.85","133584.17"
"306","M18","37","216205.34","104702.414","133771.6"
"306","M18","38","217289.58","105597.81","133761.34"
"306","M18","39","218375.03","106728.984","133707.98"
"306","M18","40","219437.52","107290.68","133697.94"
"306","M18","41","220438.6","107938.98","133876.6"
"306","M18","42","221090.5","108516.04","133904.88"
"306","M18","43","221910.39","109301.164","133663.4"
"306","M18","44","222533.56","110268.805","133633.19"
"306","M18","45","223115.11","110678.98","133905.33"
"306","M18","46","223633.98","111551.63","133986.9"
"306","M18","47","224109.77","112406.734","134012.34"
"306","M18","48","224641.12","113004.42","133848.61"
"306","M18","49","225403.28","113241.53","133759.23"
"306","M18","50","225627.45","114075.14","133774.9"
"306","M18","51","226097.6","114793.51","133780.97"
"306","M18","52","226792.73","115328.31","133767.42"
"306","M18","53","227405.05","115916.3","133886.12"
"306","M18","54","227940.97","116550.18","133875.22"
"306","M18","55","228436.5","117212.12","133914.12"
"306","M18","56","228718.14","117921.305","133949.25"
"306","M18","57","229334.88","118419.55","134027.31"
"306","M18","58","229944.16","118798.6","133885.95"
"306","M18","59","230529.36","119662.21","133811.4"
"306","M18","60","231165.64","120372.53","133855.81"
"306","M18","61","231671.33","120960.28","133757.47"
"306","M18","62","232312.2","121646.336","133757.22"
"306","M18","63","233497.28","122695.65","133990.55"
"306","M18","64","234809.3","124080.06","133806.5"
"306","M18","65","236433.47","125949.82","133713.39"
"306","M18","66","238660.61","127767.07","133777.62"
"306","M18","67","241746.53","130975.3","133836.67"
"306","M18","68","245456.5","134067.38","133959.28"
"306","M18","69","249966.33","137601.95","133953.0"
"306","M18","70","255579.55","141751.56","134028.42"
"306","M18","71","261735.38","146131.72","133991.48"
"306","M18","72","267942.3","151053.11","133858.34"
"306","M18","73","273998.88","156388.3","133805.14"
"306","M18","74","281714.16","160769.5","133897.7"
"306","M18","75","288812.28","165866.66","133892.31"
"306","M18","76","296394.78","170887.94","134009.11"
"306","M18","77","304671.94","175726.58","134137.23"
"306","M18","78","312482.34","180925.02","134138.03"
"306","M18","79","319838.22","185991.53","134182.47"
"306","M18","80","328449.44","190979.52","134306.36"
"306","M18","81","336917.6","195902.12","134262.72"
"306","M18","82","345741.88","200857.33","134182.22"
"306","M18","83","353964.12","205689.39","134166.92"
"306","M18","84","362620.8","210777.6","134002.22"
"306","M18","85","371382.03","215781.9","133970.39"
"306","M18","86","380302.4","220922.98","134237.47"
"306","M18","87","389071.0","225631.81","134279.45"
"306","M18","88","397455.34","230600.06","134227.25"
"306","M18","89","406659.53","235200.42","134275.73"
"306","M18","90","414037.25","239215.56","134491.67"
"307","M19","1","71128.37","55253.97","138063.27"
"307","M19","2","70892.805","55262.43","137733.66"
"307","M19","3","70620.95","55388.117","137498.84"
"307","M19","4","70298.83","55591.94","137419.27"
"307","M19","5","70184.625","56063.652","137362.1"
"307","M19","6","70119.98","56536.312","137315.55"
"307","M19","7","70095.58","56669.195","137014.14"
"307","M19","8","70087.55","56891.48","136962.27"
"307","M19","9","70099.92","56884.266","137131.5"
"307","M19","10","70153.38","56977.57","137260.03"
"307","M19","11","70119.56","56943.656","137260.8"
"307","M19","12","70148.73","57090.68","137365.53"
"307","M19","13","70354.75","57149.87","137401.38"
"307","M19","14","70406.88","56920.145","137085.06"
"307","M19","15","70405.43","56818.645","137044.75"
"307","M19","16","70606.36","57074.117","137275.1"
"307","M19","17","70958.12","57344.395","137224.0"
"307","M19","18","71627.75","57531.617","137180.62"
"307","M19","19","72747.04","57929.582","137229.88"
"307","M19","20","74470.1","58317.95","137089.75"
"307","M19","21","78025.16","59197.496","137084.05"
"307","M19","22","83490.56","60929.766","137298.78"
"307","M19","23","91324.39","63364.8","137241.03"
"307","M19","24","101743.836","67307.21","137213.0"
"307","M19","25","114408.72","72752.664","137383.67"
"307","M19","26","128995.85","78949.57","137472.42"
"307","M19","27","144300.92","85572.336","137427.05"
"307","M19","28","159152.92","91891.09","137258.58"
"307","M19","29","172506.45","96815.086","137225.78"
"307","M19","30","183095.27","100092.74","137489.03"
"307","M19","31","190878.66","102587.875","137782.95"
"307","M19","32","196588.77","104584.984","137555.17"
"307","M19","33","201021.73","105720.46","137410.62"
"307","M19","34","204127.06","106918.29","137398.06"
"307","M19","35","206402.08","107955.17","137580.77"
"307","M19","36","208177.97","108831.445","137591.36"
"307","M19","37","210043.62","110023.664","137722.56"
"307","M19","38","211434.39","110753.695","137899.44"
"307","M19","39","212337.11","111321.95","137841.47"
"307","M19","40","212996.06","112601.945","137729.1"
"307","M19","41","213974.8","113158.87","137625.64"
"307","M19","42","214777.19","113865.65","137538.31"
"307","M19","43","215254.83","114662.94","137514.6"
"307","M19","44","215781.34","115663.73","137691.5"
"307","M19","45","216633.61","116274.77","137679.28"
"307","M19","46","217266.39","116555.85","137679.83"
"307","M19","47","217844.08","117135.266","137619.97"
"307","M19","48","218160.33","118007.81","137577.52"
"307","M19","49","218667.64","118763.29","137434.47"
"307","M19","50","219228.22","119427.62","137442.38"
"307","M19","51","219804.81","120060.484","137787.34"
"307","M19","52","220296.84","120572.66","137750.22"
"307","M19","53","220547.12","121010.59","137622.88"
"307","M19","54","220828.97","121627.16","137482.42"
"307","M19","55","221169.12","121999.9","137407.88"
"307","M19","56","221315.78","123231.52","137389.89"
"307","M19","57","222073.64","123564.38","137201.39"
"307","M19","58","222527.47","124238.95","137191.34"
"307","M19","59","223203.06","124569.766","137469.47"
"307","M19","60","223787.42","125220.1","137389.05"
"307","M19","61","224150.83","125880.91","137000.69"
"307","M19","62","224584.62","126385.445","136963.92"
"307","M19","63","225341.98","127176.086","137196.31"
"307","M19","64","226081.66","128561.16","137245.48"
"307","M19","65","227132.83","129935.234","137214.61"
"307","M19","66","228701.52","131512.98","137189.45"
"307","M19","67","230696.8","133589.83","137256.73"
"307","M19","68","233393.05","135770.39","137274.27"
"307","M19","69","236879.69","139221.33","137421.55"
"307","M19","70","240827.45","143148.16","137422.19"
"307","M19","71","245322.55","147200.83","137420.55"
"307","M19","72","250872.11","152094.55","137207.3"
"307","M19","73","256852.56","156849.25","137243.75"
"307","M19","74","262672.34","161837.72","137748.14"
"307","M19","75","268927.44","166918.92","137842.38"
"307","M19","76","275327.72","172015.55","137837.27"
"307","M19","77","282040.66","177136.95","137863.14"
"307","M19","78","289450.88","182160.14","137663.56"
"307","M19","79","296366.62","187295.47","137580.39"
"307","M19","80","303628.3","192423.78","137694.23"
"307","M19","81","311146.47","197594.34","137760.69"
"307","M19","82","318552.97","202689.61","138011.44"
"307","M19","83","326181.16","207744.22","138097.27"
"307","M19","84","334117.4","212623.53","138025.2"
"307","M19","85","342248.16","217806.64","138048.2"
"307","M19","86","350225.47","222046.84","138135.06"
"307","M19","87","359318.38","226569.47","138072.55"
"307","M19","88","367852.9","231399.05","138030.58"
"307","M19","89","376177.6","236214.62","138047.64"
"307","M19","90","382368.7","240564.58","137980.45"
"308","M20","1","75824.875","57972.562","138982.67"
"308","M20","2","75562.266","58010.832","138568.64"
"308","M20","3","75287.54","58471.836","138291.62"
"308","M20","4","74977.875","58859.0","138304.72"
"308","M20","5","74848.49","59390.28","138183.0"
"308","M20","6","74778.9","59644.863","137902.92"
"308","M20","7","74610.08","59619.65","137823.89"
"308","M20","8","74550.8","59779.594","138057.38"
"308","M20","9","74608.25","59967.086","138232.02"
"308","M20","10","74696.82","60209.48","138101.58"
"308","M20","11","74715.28","60181.76","137868.2"
"308","M20","12","74548.58","60277.445","137664.23"
"308","M20","13","74410.336","60213.445","137605.08"
"308","M20","14","74438.02","60106.88","137728.75"
"308","M20","15","74681.625","60278.977","137690.36"
"308","M20","16","74855.14","60569.21","137600.36"
"308","M20","17","75070.266","60663.27","137515.42"
"308","M20","18","75503.77","60924.734","137554.61"
"308","M20","19","76452.83","61011.617","137932.81"
"308","M20","20","78407.734","61615.895","137915.52"
"308","M20","21","81639.31","62600.09","137723.88"
"308","M20","22","86767.25","64363.633","137659.58"
"308","M20","23","94201.76","66927.42","137828.73"
"308","M20","24","103728.04","70670.016","137956.36"
"308","M20","25","114951.68","76778.71","137818.52"
"308","M20","26","127608.29","83768.03","137711.11"
"308","M20","27","140745.95","91046.86","137717.92"
"308","M20","28","154027.7","98011.93","137888.95"
"308","M20","29","166016.84","104373.25","138109.22"
"308","M20","30","176608.53","109186.164","137990.22"
"308","M20","31","184879.69","112243.71","137944.02"
"308","M20","32","190738.89","114578.445","138195.19"
"308","M20","33","194793.52","116167.41","138251.27"
"308","M20","34","198139.94","117328.64","138343.23"
"308","M20","35","200717.33","118562.94","138318.66"
"308","M20","36","202784.16","119593.01","138104.05"
"308","M20","37","203988.31","120467.1","137988.89"
"308","M20","38","205030.92","121647.42","138005.03"
"308","M20","39","205888.78","122454.65","137987.5"
"308","M20","40","206890.39","123136.15","138169.17"
"308","M20","41","207480.78","124024.17","138224.17"
"308","M20","42","208138.97","125042.445","138120.47"
"308","M20","43","208493.92","125568.05","137987.28"
"308","M20","44","209278.75","126075.11","137893.67"
"308","M20","45","209661.78","126754.03","137920.73"
"308","M20","46","210223.11","127657.38","137991.5"
"308","M20","47","210816.48","128681.516","137941.28"
"308","M20","48","211126.22","128820.56","137935.6"
"308","M20","49","211384.69","129288.55","137951.81"
"308","M20","50","211586.58","129895.27","138225.56"
"308","M20","51","212254.81","130811.04","138082.92"
"308","M20","52","212513.39","131477.44","137886.39"
"308","M20","53","213092.8","132044.17","137770.2"
"308","M20","54","213380.22","132822.52","137691.83"
"308","M20","55","213356.75","133267.52","137614.39"
"308","M20","56","213503.88","133719.84","137571.05"
"308","M20","57","214226.05","134480.27","137655.42"
"308","M20","58","214710.4","134813.22","137659.19"
"308","M20","59","214873.5","135463.88","137783.58"
"308","M20","60","215164.14","136590.77","137714.42"
"308","M20","61","215327.88","137038.9","137531.94"
"308","M20","62","215595.48","137847.56","137460.72"
"308","M20","63","216371.39","138376.25","137511.39"
"308","M20","64","216786.16","139072.61","137494.05"
"308","M20","65","217465.89","140192.67","137489.38"
"308","M20","66","218575.7","141302.14","137219.9"
"308","M20","67","219692.61","143084.06","137066.19"
"308","M20","68","221032.98","145362.38","137088.23"
"308","M20","69","223367.58","147975.58","137292.38"
"308","M20","70","225927.48","151290.9","137441.81"
"308","M20","71","229126.61","155199.98","137562.31"
"308","M20","72","233411.69","159848.16","137481.48"
"308","M20","73","237526.48","165349.58","137418.39"
"308","M20","74","241814.1","170822.9","137485.84"
"308","M20","75","246473.47","176227.08","137634.28"
"308","M20","76","251556.98","181783.86","137685.11"
"308","M20","77","256646.42","187511.08","137664.5"
"308","M20","78","262456.2","192899.22","137772.23"
"308","M20","79","268114.62","198394.89","137750.11"
"308","M20","80","273875.47","204206.75","137833.56"
"308","M20","81","279761.1","209606.17","138023.36"
"308","M20","82","286024.66","215329.62","138010.8"
"308","M20","83","292318.47","220569.72","138080.12"
"308","M20","84","298647.84","226197.78","138102.61"
"308","M20","85","305488.84","232011.83","137978.47"
"308","M20","86","312737.97","236833.23","137871.58"
"308","M20","87","319783.9","242170.47","137905.2"
"308","M20","88","327111.22","247370.2","138174.06"
"308","M20","89","335350.9","252186.08","138279.31"
"308","M20","90","342595.97","256283.16","138202.58"
"309","M21","1","73533.6","62574.484","135052.56"
"309","M21","2","73196.0","62604.906","134797.27"
"309","M21","3","72888.305","63067.46","134537.14"
"309","M21","4","72579.23","63711.59","134284.61"
"309","M21","5","72495.44","64097.3","134145.5"
"309","M21","6","72574.39","64425.05","134017.55"
"309","M21","7","72380.84","64519.86","133845.69"
"309","M21","8","72300.94","64753.19","133812.27"
"309","M21","9","72332.62","64820.81","133916.84"
"309","M21","10","72270.26","64772.598","133705.34"
"309","M21","11","72116.86","65027.004","133684.06"
"309","M21","12","72136.49","65135.453","133932.58"
"309","M21","13","72409.945","65094.207","133992.62"
"309","M21","14","72670.93","65322.41","134156.97"
"309","M21","15","72847.445","65281.2","134069.39"
"309","M21","16","72839.445","65447.527","133750.98"
"309","M21","17","73042.67","65883.914","133552.22"
"309","M21","18","73699.34","66021.57","133559.17"
"309","M21","19","74781.445","66173.37","133769.62"
"309","M21","20","76683.59","66729.95","134008.17"
"309","M21","21","79604.55","67850.9","134154.47"
"309","M21","22","84487.19","69719.21","134073.31"
"309","M21","23","91704.43","72311.82","134026.55"
"309","M21","24","100891.27","76633.4","134143.86"
"309","M21","25","111601.875","82537.195","134175.92"
"309","M21","26","123137.336","89292.71","134378.55"
"309","M21","27","134707.8","96710.9","134575.4"
"309","M21","28","145694.42","104745.375","134539.95"
"309","M21","29","156107.4","111701.65","134578.45"
"309","M21","30","165652.8","116909.75","134729.78"
"309","M21","31","173193.58","120970.54","134736.38"
"309","M21","32","179128.83","123457.23","134682.14"
"309","M21","33","182993.14","125500.77","134785.97"
"309","M21","34","186173.53","126699.31","134746.92"
"309","M21","35","188583.17","127817.65","134789.98"
"309","M21","36","190344.3","128805.64","134800.56"
"309","M21","37","191556.02","129897.984","134800.89"
"309","M21","38","192759.16","130440.22","134828.95"
"309","M21","39","193577.69","131518.44","134869.97"
"309","M21","40","194515.34","132466.6","134897.0"
"309","M21","41","195058.5","133215.4","134568.73"
"309","M21","42","195695.61","134087.83","134423.06"
"309","M21","43","196073.97","135143.47","134526.12"
"309","M21","44","196538.39","135643.1","134771.12"
"309","M21","45","196949.31","136581.86","134804.84"
"309","M21","46","197445.47","136938.84","134697.05"
"309","M21","47","198149.83","137219.97","134594.05"
"309","M21","48","198567.47","138133.92","134514.17"
"309","M21","49","198641.55","138910.12","134515.2"
"309","M21","50","199058.38","139769.95","134579.03"
"309","M21","51","199701.61","140179.39","134526.33"
"309","M21","52","200445.08","140923.94","134455.55"
"309","M21","53","200946.78","141525.16","134370.8"
"309","M21","54","200929.08","142129.58","134339.69"
"309","M21","55","200847.56","142832.64","134336.22"
"309","M21","56","201076.55","143478.92","134570.73"
"309","M21","57","201655.92","143975.27","134580.08"
"309","M21","58","202398.28","144651.23","134670.98"
"309","M21","59","202534.9","145275.45","134687.58"
"309","M21","60","202906.5","146022.6","134599.47"
"309","M21","61","203214.92","146198.28","134509.52"
"309","M21","62","203450.78","146987.19","134270.31"
"309","M21","63","204073.34","147601.83","134196.75"
"309","M21","64","204718.55","148483.8","134420.84"
"309","M21","65","204901.61","149350.44","134647.94"
"309","M21","66","205228.64","150357.19","134594.28"
"309","M21","67","205875.9","151761.0","134500.14"
"309","M21","68","206556.52","153557.28","134414.27"
"309","M21","69","207691.73","155637.6","134244.38"
"309","M21","70","209361.98","158519.3","134164.08"
"309","M21","71","211459.44","161855.81","134288.7"
"309","M21","72","213876.78","166090.89","134564.16"
"309","M21","73","216828.02","171390.28","134778.53"
"309","M21","74","220105.48","177158.55","134817.08"
"309","M21","75","223605.23","183456.22","134753.81"
"309","M21","76","227125.08","189580.73","134812.0"
"309","M21","77","230920.94","195571.22","134757.53"
"309","M21","78","235123.53","201889.16","134700.55"
"309","M21","79","239301.1","208450.81","134880.28"
"309","M21","80","243740.44","214825.89","135007.1"
"309","M21","81","248205.27","221897.77","135102.77"
"309","M21","82","252952.31","228313.33","135135.28"
"309","M21","83","258077.47","234731.39","135185.64"
"309","M21","84","263203.3","241307.95","135116.39"
"309","M21","85","268884.28","247580.05","135177.12"
"309","M21","86","274543.9","254306.2","135318.19"
"309","M21","87","280346.34","260915.17","135516.92"
"309","M21","88","285661.8","267002.25","135487.52"
"309","M21","89","291251.6","273127.28","135618.67"
"309","M21","90","297325.94","278581.0","135720.7"
"310","M22","1","73195.28","62384.777","137085.88"
"310","M22","2","72961.07","62403.37","136871.36"
"310","M22","3","72664.33","62733.125","136649.23"
"310","M22","4","72501.266","63347.07","136400.06"
"310","M22","5","72436.07","63824.76","136110.94"
"310","M22","6","72485.77","64106.785","136045.78"
"310","M22","7","72418.36","64321.016","136153.12"
"310","M22","8","72156.836","64465.05","136160.75"
"310","M22","9","72000.695","64590.445","136241.95"
"310","M22","10","72026.3","64653.45","136236.47"
"310","M22","11","72213.92","64553.49","136192.48"
"310","M22","12","72159.86","64541.113","136206.62"
"310","M22","13","72144.17","64581.17","136086.05"
"310","M22","14","72289.49","64906.508","135856.84"
"310","M22","15","72336.59","65213.418","135836.58"
"310","M22","16","72498.84","65280.152","135983.64"
"310","M22","17","72835.01","65269.97","136021.33"
"310","M22","18","73381.88","65492.26","135900.14"
"310","M22","19","74494.12","65927.34","135817.16"
"310","M22","20","76295.52","66234.98","135816.34"
"310","M22","21","79603.1","67200.37","135893.8"
"310","M22","22","84689.83","68869.18","135969.19"
"310","M22","23","91809.4","71736.6","135946.92"
"310","M22","24","101093.79","76032.0","135965.6"
"310","M22","25","111896.53","82016.31","136191.08"
"310","M22","26","122814.53","89137.79","136286.2"
"310","M22","27","133715.53","96890.94","136301.38"
"310","M22","28","144197.33","104913.97","136540.31"
"310","M22","29","154110.58","112140.25","136665.38"
"310","M22","30","162811.0","118017.08","136638.36"
"310","M22","31","170257.2","122582.88","136743.23"
"310","M22","32","176233.39","125758.64","136834.89"
"310","M22","33","180642.72","127939.41","136854.66"
"310","M22","34","183866.58","129652.78","136772.97"
"310","M22","35","186274.98","130795.49","136712.34"
"310","M22","36","188250.77","131879.98","136742.44"
"310","M22","37","189766.7","132787.67","137150.78"
"310","M22","38","190767.0","133683.47","137124.38"
"310","M22","39","191487.33","134515.31","136917.64"
"310","M22","40","192415.06","135459.34","136822.64"
"310","M22","41","193138.14","136228.47","136896.28"
"310","M22","42","193556.89","137096.44","136873.0"
"310","M22","43","194183.98","137780.02","136989.69"
"310","M22","44","194698.84","138762.92","137008.98"
"310","M22","45","195091.62","139278.53","136935.8"
"310","M22","46","195530.1","140167.44","136947.83"
"310","M22","47","195878.2","140516.38","136865.39"
"310","M22","48","196492.75","141238.11","136786.86"
"310","M22","49","196696.03","142029.08","136712.55"
"310","M22","50","197066.73","142760.14","136808.2"
"310","M22","51","197353.89","142840.81","137017.53"
"310","M22","52","197683.17","143630.58","136902.5"
"310","M22","53","198017.83","144387.47","136828.02"
"310","M22","54","198183.27","145130.8","136971.89"
"310","M22","55","198455.89","145892.19","136948.61"
"310","M22","56","198873.36","146366.3","136984.05"
"310","M22","57","199101.17","147038.73","136914.67"
"310","M22","58","199359.66","147427.53","136890.9"
"310","M22","59","199650.69","147736.89","136870.5"
"310","M22","60","199933.75","148442.48","136799.05"
"310","M22","61","200355.92","148993.58","136805.47"
"310","M22","62","200683.84","149663.34","136724.56"
"310","M22","63","200836.22","150142.55","136678.3"
"310","M22","64","200924.44","151187.81","136692.97"
"310","M22","65","201577.92","151859.05","136472.48"
"310","M22","66","202009.7","152638.17","136366.61"
"310","M22","67","202333.75","153520.73","136437.19"
"310","M22","68","202490.36","154679.31","136595.89"
"310","M22","69","203117.66","156122.98","136597.7"
"310","M22","70","203740.94","157661.81","136541.6"
"310","M22","71","204601.88","159689.7","136641.3"
"310","M22","72","205841.67","162945.5","136802.1"
"310","M22","73","207366.23","166914.2","136759.61"
"310","M22","74","209434.88","171935.77","136699.88"
"310","M22","75","211857.36","177538.7","136879.58"
"310","M22","76","214235.5","183229.72","137145.44"
"310","M22","77","216832.47","189202.44","137087.16"
"310","M22","78","219830.34","195851.86","137011.61"
"310","M22","79","222710.28","202104.75","137197.66"
"310","M22","80","225876.77","208691.27","137453.97"
"310","M22","81","229276.39","215607.88","137584.3"
"310","M22","82","232709.4","222074.34","137536.73"
"310","M22","83","237021.8","228503.67","137488.8"
"310","M22","84","240718.69","234990.27","137501.08"
"310","M22","85","244504.34","241553.33","137498.23"
"310","M22","86","248827.53","248001.56","137678.84"
"310","M22","87","253608.36","254301.47","137819.8"
"310","M22","88","258496.98","260364.81","137709.19"
"310","M22","89","263290.28","267534.38","137656.17"
"310","M22","90","267488.72","272997.75","137989.6"
"311","M23","1","73251.08","69240.734","130152.164"
"311","M23","2","72960.484","69262.96","129931.055"
"311","M23","3","72710.586","69599.16","129696.93"
"311","M23","4","72472.484","70107.62","129599.19"
"311","M23","5","72073.08","70600.23","129545.28"
"311","M23","6","71978.76","70883.95","129499.305"
"311","M23","7","72060.24","71179.85","129504.94"
"311","M23","8","72019.73","71243.18","129558.664"
"311","M23","9","71901.47","71429.0","129588.14"
"311","M23","10","71869.47","71659.21","129558.62"
"311","M23","11","71903.914","71510.586","129510.555"
"311","M23","12","71903.82","71476.98","129534.01"
"311","M23","13","71844.08","71983.73","129487.984"
"311","M23","14","71855.32","72127.75","129500.9"
"311","M23","15","71980.42","72170.26","129678.07"
"311","M23","16","72107.85","72114.984","129757.27"
"311","M23","17","72404.57","72436.375","129676.47"
"311","M23","18","72819.07","72904.484","129537.234"
"311","M23","19","74042.63","72975.08","129514.84"
"311","M23","20","76068.15","73370.06","129736.914"
"311","M23","21","78866.195","74836.42","129790.39"
"311","M23","22","83564.89","76735.22","129766.88"
"311","M23","23","90382.04","79930.64","129870.54"
"311","M23","24","98811.3","84500.9","129705.37"
"311","M23","25","108424.875","90511.55","129594.484"
"311","M23","26","118728.72","97474.664","129579.766"
"311","M23","27","128516.81","105311.42","129601.68"
"311","M23","28","136992.83","112948.53","129625.42"
"311","M23","29","144944.28","120162.11","129886.61"
"311","M23","30","152187.75","126368.49","129897.945"
"311","M23","31","158290.0","130964.73","129919.41"
"311","M23","32","163087.66","133919.48","129845.79"
"311","M23","33","166962.53","136153.8","129852.28"
"311","M23","34","169571.75","137629.0","130104.8"
"311","M23","35","171178.89","138995.12","129951.55"
"311","M23","36","172610.55","140204.47","129838.75"
"311","M23","37","173729.48","141090.2","129876.46"
"311","M23","38","174945.0","141977.2","129915.04"
"311","M23","39","175512.06","143020.4","129977.98"
"311","M23","40","175979.88","144099.86","129961.25"
"311","M23","41","176448.42","144304.42","129992.13"
"311","M23","42","176696.78","145121.23","129936.71"
"311","M23","43","177149.52","145865.5","129934.984"
"311","M23","44","177635.84","147047.44","129877.92"
"311","M23","45","178300.44","147910.11","129772.24"
"311","M23","46","178286.27","148326.03","129649.08"
"311","M23","47","178692.6","148869.39","129611.33"
"311","M23","48","179101.73","149406.8","129758.33"
"311","M23","49","179331.47","150350.23","129711.86"
"311","M23","50","179477.03","150981.61","129592.19"
"311","M23","51","179686.75","151762.42","129565.12"
"311","M23","52","179983.64","152374.33","129766.7"
"311","M23","53","180115.73","152797.36","129808.734"
"311","M23","54","180316.6","153880.98","129625.12"
"311","M23","55","180572.83","154498.86","129532.68"
"311","M23","56","180712.05","154933.62","129568.98"
"311","M23","57","180698.86","155431.55","129626.69"
"311","M23","58","180873.92","156294.89","129624.09"
"311","M23","59","181194.42","156925.08","129717.336"
"311","M23","60","181417.05","157124.67","129498.81"
"311","M23","61","181537.27","157567.23","129385.27"
"311","M23","62","181786.42","158069.36","129340.38"
"311","M23","63","181909.98","159079.66","129263.09"
"311","M23","64","182201.33","159895.7","129274.25"
"311","M23","65","182466.38","160445.98","129517.414"
"311","M23","66","182745.45","160962.25","129551.55"
"311","M23","67","182798.69","161989.31","129297.33"
"311","M23","68","183049.45","162864.3","129198.82"
"311","M23","69","183134.4","163892.16","129169.34"
"311","M23","70","183524.9","165252.55","129173.57"
"311","M23","71","184179.61","167227.12","129293.46"
"311","M23","72","184727.55","169849.06","129304.516"
"311","M23","73","185201.02","173557.53","129232.35"
"311","M23","74","185789.52","178104.45","129094.05"
"311","M23","75","187173.14","183426.8","129109.43"
"311","M23","76","188395.88","189378.28","129333.195"
"311","M23","77","190153.1","195763.98","129463.586"
"311","M23","78","191511.1","202879.69","129438.22"
"311","M23","79","193248.22","209670.45","129486.77"
"311","M23","80","195178.38","216810.08","129676.81"
"311","M23","81","197198.19","223928.73","129688.9"
"311","M23","82","199152.08","231315.58","129763.93"
"311","M23","83","201528.5","238611.16","129710.56"
"311","M23","84","203597.61","245924.3","129677.46"
"311","M23","85","206183.95","253131.75","129778.32"
"311","M23","86","209033.92","260391.06","129791.55"
"311","M23","87","211753.11","267779.44","129990.06"
"311","M23","88","214828.19","274955.47","130071.66"
"311","M23","89","218082.33","282268.25","130030.49"
"311","M23","90","220819.98","288499.0","130124.195"
"312","M24","1","70272.484","67015.3","127271.39"
"312","M24","2","69875.35","67047.91","127093.73"
"312","M24","3","69221.516","67455.62","126813.055"
"312","M24","4","69016.766","67868.35","126604.95"
"312","M24","5","68937.3","68451.914","126209.11"
"312","M24","6","68787.53","68672.06","126172.84"
"312","M24","7","68635.62","68689.445","126431.16"
"312","M24","8","68522.34","69084.55","126235.04"
"312","M24","9","68365.29","69306.06","126118.516"
"312","M24","10","68194.586","69213.79","126085.31"
"312","M24","11","68120.78","69182.555","126084.53"
"312","M24","12","68056.25","69325.87","126108.81"
"312","M24","13","68088.125","69606.98","126258.82"
"312","M24","14","68274.65","69628.164","126204.85"
"312","M24","15","68325.49","69583.914","126156.96"
"312","M24","16","68511.08","69636.06","126157.37"
"312","M24","17","68707.76","69711.26","126075.67"
"312","M24","18","69135.85","69882.305","126030.875"
"312","M24","19","70038.65","70340.984","126000.38"
"312","M24","20","71778.15","71015.48","126022.5"
"312","M24","21","74711.51","72142.7","126139.72"
"312","M24","22","78949.125","73716.84","126151.945"
"312","M24","23","85337.56","76679.1","126173.93"
"312","M24","24","93334.14","81355.695","126091.23"
"312","M24","25","102484.77","87508.74","126119.836"
"312","M24","26","111504.266","94480.46","126391.81"
"312","M24","27","120252.266","102109.86","126411.07"
"312","M24","28","128244.375","110370.73","126337.09"
"312","M24","29","135183.14","117851.39","126350.4"
"312","M24","30","140780.98","124432.02","126610.945"
"312","M24","31","145744.47","129615.33","126666.8"
"312","M24","32","149332.53","133563.56","126829.94"
"312","M24","33","152275.3","136031.4","126759.69"
"312","M24","34","154284.8","138126.64","126667.04"
"312","M24","35","156299.95","139828.69","126641.18"
"312","M24","36","157382.56","141454.45","126601.06"
"312","M24","37","158182.34","142255.14","126658.78"
"312","M24","38","158895.39","143229.72","126653.29"
"312","M24","39","159458.02","144434.84","126813.42"
"312","M24","40","159699.48","145390.52","126919.49"
"312","M24","41","160028.52","146171.1","126884.09"
"312","M24","42","160511.33","146701.64","126939.92"
"312","M24","43","160471.81","147681.8","126898.484"
"312","M24","44","160541.16","148390.98","126810.37"
"312","M24","45","160872.11","148879.03","126768.52"
"312","M24","46","161019.14","149846.36","126728.92"
"312","M24","47","161287.23","150635.84","126794.086"
"312","M24","48","161421.72","151539.19","126620.35"
"312","M24","49","161444.4","152437.66","126553.875"
"312","M24","50","161216.22","153109.16","126702.23"
"312","M24","51","161597.45","153649.0","126737.64"
"312","M24","52","161760.56","154274.45","126739.586"
"312","M24","53","162210.5","154932.5","126685.875"
"312","M24","54","162140.17","155404.56","126767.484"
"312","M24","55","161824.03","156019.44","126965.34"
"312","M24","56","161944.66","156727.5","126820.37"
"312","M24","57","161890.98","157249.3","126691.69"
"312","M24","58","162279.88","157947.83","126661.32"
"312","M24","59","162486.33","158715.22","126779.29"
"312","M24","60","162083.56","159535.78","126714.66"
"312","M24","61","162255.8","160059.98","126566.2"
"312","M24","62","162228.6","160793.22","126533.79"
"312","M24","63","161988.61","161447.17","126722.76"
"312","M24","64","162416.31","161834.78","126704.44"
"312","M24","65","162270.3","162727.44","126690.08"
"312","M24","66","162627.36","162800.72","126748.5"
"312","M24","67","162698.0","163489.56","126790.484"
"312","M24","68","162474.19","163789.02","126696.94"
"312","M24","69","163010.12","164253.72","126653.88"
"312","M24","70","162993.14","165334.17","126747.3"
"312","M24","71","163092.77","165802.03","126487.125"
"312","M24","72","163294.6","165983.4","126422.92"
"312","M24","73","163184.58","166682.9","126648.984"
"312","M24","74","163192.98","167298.77","126629.79"
"312","M24","75","163303.22","167714.16","126305.36"
"312","M24","76","163345.53","168475.1","126235.37"
"312","M24","77","163407.7","169189.86","126386.69"
"312","M24","78","163248.52","169870.55","126320.41"
"312","M24","79","163539.02","170117.7","126193.086"
"312","M24","80","163615.94","170958.89","126163.95"
"312","M24","81","163722.4","171664.12","126322.51"
"312","M24","82","163643.97","172709.53","126569.05"
"312","M24","83","163634.06","173627.16","126565.95"
"312","M24","84","163346.08","174802.83","126523.43"
"312","M24","85","163170.72","176527.48","126373.67"
"312","M24","86","163219.94","178532.17","126315.69"
"312","M24","87","163504.53","180451.48","126423.04"
"312","M24","88","163201.8","183599.3","126598.68"
"312","M24","89","162804.95","187663.66","126774.46"
"312","M24","90","162779.1","191777.25","126741.14"
"313","N1","1","68785.15","58034.71","135654.98"
"313","N1","2","68558.17","58044.203","135365.88"
"313","N1","3","68260.46","58219.4","135015.2"
"313","N1","4","68065.305","58551.547","134873.86"
"313","N1","5","67851.05","58834.98","134827.6"
"313","N1","6","67807.2","58943.656","134898.8"
"313","N1","7","67856.53","59210.91","134806.12"
"313","N1","8","68048.38","59141.09","134606.75"
"313","N1","9","68569.25","59086.98","134548.11"
"313","N1","10","69742.29","59333.375","134686.33"
"313","N1","11","71378.484","59508.83","134662.89"
"313","N1","12","74505.45","59728.43","134641.45"
"313","N1","13","80095.19","60253.098","134577.75"
"313","N1","14","88859.35","61187.594","134537.19"
"313","N1","15","100929.016","62471.59","134468.75"
"313","N1","16","116750.0","64705.84","134437.19"
"313","N1","17","135570.75","67942.055","134480.81"
"313","N1","18","156467.81","72067.63","134488.3"
"313","N1","19","178501.5","76955.51","134589.42"
"313","N1","20","199626.98","81852.234","134565.8"
"313","N1","21","217877.78","85928.055","134425.42"
"313","N1","22","232753.12","88759.87","134296.5"
"313","N1","23","244907.69","90897.74","134270.9"
"313","N1","24","255231.19","92478.2","134406.55"
"313","N1","25","263772.97","94066.125","134407.64"
"313","N1","26","270631.75","95292.7","134380.62"
"313","N1","27","276803.3","96344.93","134470.55"
"313","N1","28","281782.2","97078.734","134479.33"
"313","N1","29","285460.0","97790.12","134608.45"
"313","N1","30","288684.88","98561.89","134619.28"
"313","N1","31","290747.38","99423.19","134565.34"
"313","N1","32","292759.47","99981.42","134588.27"
"313","N1","33","294638.28","100483.14","134561.16"
"313","N1","34","296262.88","100986.21","134534.56"
"313","N1","35","297231.28","101655.766","134658.34"
"313","N1","36","298368.06","102332.266","134620.38"
"313","N1","37","299333.28","102807.3","134528.52"
"313","N1","38","300157.72","103235.484","134360.98"
"313","N1","39","300542.8","104011.55","134314.25"
"313","N1","40","300547.12","104612.56","134461.73"
"313","N1","41","301067.78","104857.445","134562.75"
"313","N1","42","302100.25","105139.02","134497.42"
"313","N1","43","303373.34","105619.05","134433.42"
"313","N1","44","303478.8","106060.9","134451.3"
"313","N1","45","304539.97","106521.79","134432.6"
"313","N1","46","305542.53","106829.59","134411.16"
"313","N1","47","305678.7","107430.16","134527.03"
"313","N1","48","305664.66","107874.5","134524.12"
"313","N1","49","306125.56","108106.805","134479.52"
"313","N1","50","307017.03","108311.92","134405.77"
"313","N1","51","306995.16","108841.32","134326.5"
"313","N1","52","307518.75","109179.086","134311.64"
"313","N1","53","307583.28","109938.81","134438.55"
"313","N1","54","308154.12","110405.125","134335.89"
"313","N1","55","308493.94","110564.57","134287.6"
"313","N1","56","309392.16","110760.58","134376.52"
"313","N1","57","310873.84","111032.68","134350.92"
"313","N1","58","311070.8","111564.96","134290.81"
"313","N1","59","310936.2","112570.695","134143.38"
"313","N1","60","311992.7","112803.62","134084.67"
"313","N1","61","312721.8","113505.02","134111.95"
"313","N1","62","314150.5","114618.305","134200.17"
"313","N1","63","315696.62","115662.1","134045.0"
"313","N1","64","317375.4","117539.67","133996.45"
"313","N1","65","321337.78","119464.82","134031.08"
"313","N1","66","325205.84","122356.67","134160.4"
"313","N1","67","329839.2","125911.08","134217.05"
"313","N1","68","335508.6","130188.49","134368.1"
"313","N1","69","341560.3","134560.9","134395.98"
"313","N1","70","348227.78","139578.23","134467.88"
"313","N1","71","355580.4","144970.4","134238.3"
"313","N1","72","363562.34","150421.25","134149.67"
"313","N1","73","370858.16","155691.3","134228.27"
"313","N1","74","378297.3","161397.61","134456.3"
"313","N1","75","385393.44","167045.08","134478.2"
"313","N1","76","393176.78","172928.55","134537.72"
"313","N1","77","400771.56","178761.19","134530.17"
"313","N1","78","408371.25","184625.77","134590.94"
"313","N1","79","414909.38","190663.22","134700.92"
"313","N1","80","422468.44","196287.67","134680.7"
"313","N1","81","429385.38","202055.86","134644.8"
"313","N1","82","436494.94","207918.1","134784.48"
"313","N1","83","443180.72","213831.42","134828.39"
"313","N1","84","449102.22","219684.52","134746.45"
"313","N1","85","456085.0","225486.27","134739.66"
"313","N1","86","462716.97","231531.23","135027.81"
"313","N1","87","469015.2","237456.4","135133.98"
"313","N1","88","474068.5","243463.02","135052.17"
"313","N1","89","480233.72","249036.23","135071.84"
"313","N1","90","485062.53","253723.53","135386.1"
"314","N2","1","70860.87","55603.277","136184.27"
"314","N2","2","70684.375","55612.504","135880.48"
"314","N2","3","70322.81","55750.36","135516.42"
"314","N2","4","70108.52","55925.727","135262.2"
"314","N2","5","69899.93","56147.676","135163.42"
"314","N2","6","69883.79","56353.36","135129.12"
"314","N2","7","70042.58","56555.29","134938.92"
"314","N2","8","70262.47","56835.426","134764.2"
"314","N2","9","70715.23","56878.543","134736.56"
"314","N2","10","71710.44","56979.234","134765.39"
"314","N2","11","73310.695","57107.582","134824.73"
"314","N2","12","76655.766","57333.496","135048.8"
"314","N2","13","82077.47","57905.965","134954.81"
"314","N2","14","90732.15","58705.535","134892.5"
"314","N2","15","102630.414","59965.742","134908.3"
"314","N2","16","117644.91","61819.3","134901.98"
"314","N2","17","134747.19","65006.66","134967.23"
"314","N2","18","153004.3","69516.164","134971.34"
"314","N2","19","172508.0","74740.97","134978.56"
"314","N2","20","192264.94","80508.234","135142.02"
"314","N2","21","210491.12","86123.46","135188.1"
"314","N2","22","226300.56","90302.14","135423.47"
"314","N2","23","239408.27","93422.51","135591.16"
"314","N2","24","249638.73","95552.65","135533.67"
"314","N2","25","257729.14","97292.41","135459.98"
"314","N2","26","264438.25","98587.85","135467.5"
"314","N2","27","270300.47","99722.945","135521.36"
"314","N2","28","274573.62","100867.7","135586.38"
"314","N2","29","278971.16","101633.47","135424.89"
"314","N2","30","280891.9","102491.95","135312.02"
"314","N2","31","283583.78","102879.95","135316.38"
"314","N2","32","285820.4","103463.88","135479.8"
"314","N2","33","286961.38","104357.91","135488.34"
"314","N2","34","288772.12","104825.75","135596.14"
"314","N2","35","289626.78","105255.84","135585.69"
"314","N2","36","290177.78","105870.57","135544.94"
"314","N2","37","291372.03","106385.555","135473.64"
"314","N2","38","292490.03","106900.625","135488.16"
"314","N2","39","292701.44","107526.28","135570.98"
"314","N2","40","293437.75","108248.51","135619.31"
"314","N2","41","294567.56","108527.16","135554.05"
"314","N2","42","295711.0","108806.41","135520.78"
"314","N2","43","296158.12","109311.96","135490.81"
"314","N2","44","296681.22","109739.88","135495.36"
"314","N2","45","297694.12","110158.71","135502.02"
"314","N2","46","297808.75","110667.97","135500.19"
"314","N2","47","297635.66","111169.875","135420.31"
"314","N2","48","298625.75","111457.445","135355.02"
"314","N2","49","298683.78","112147.664","135352.38"
"314","N2","50","299471.94","112487.65","135307.55"
"314","N2","51","300185.28","112605.586","135323.77"
"314","N2","52","300537.47","113058.516","135314.44"
"314","N2","53","301147.28","113568.914","135460.97"
"314","N2","54","302142.72","114028.84","135512.42"
"314","N2","55","302515.47","114043.89","135582.38"
"314","N2","56","303044.3","114494.05","135533.16"
"314","N2","57","303299.62","115138.33","135510.78"
"314","N2","58","304251.16","115780.09","135430.69"
"314","N2","59","304842.47","116190.86","135344.86"
"314","N2","60","305398.38","116960.89","135328.3"
"314","N2","61","305808.75","117578.02","135363.61"
"314","N2","62","307561.62","118432.04","135337.73"
"314","N2","63","308951.62","119989.65","135404.73"
"314","N2","64","311257.75","122086.44","135362.88"
"314","N2","65","313796.0","124463.17","135388.77"
"314","N2","66","317833.66","127516.49","135540.64"
"314","N2","67","322389.16","131406.39","135525.47"
"314","N2","68","327386.06","135779.36","135537.86"
"314","N2","69","333648.03","140599.0","135495.92"
"314","N2","70","339931.2","146006.45","135517.52"
"314","N2","71","346660.25","151683.62","135497.89"
"314","N2","72","352903.62","157799.9","135646.36"
"314","N2","73","359898.0","163902.12","135757.52"
"314","N2","74","366996.38","169645.23","135872.67"
"314","N2","75","373223.8","176055.23","135919.47"
"314","N2","76","380105.2","182225.89","135931.61"
"314","N2","77","387798.16","188114.34","135932.95"
"314","N2","78","394570.1","194340.3","135874.16"
"314","N2","79","400835.47","200501.0","136002.0"
"314","N2","80","407621.38","206857.77","136213.0"
"314","N2","81","413851.16","213072.27","136213.5"
"314","N2","82","420556.88","219194.06","136315.95"
"314","N2","83","426900.3","224753.11","136242.11"
"314","N2","84","433779.22","230419.44","136207.19"
"314","N2","85","440027.38","236487.66","136323.19"
"314","N2","86","445899.66","241997.69","136533.53"
"314","N2","87","451934.47","247416.62","136652.12"
"314","N2","88","458121.44","252531.98","136592.81"
"314","N2","89","463778.44","257946.14","136520.83"
"314","N2","90","467936.7","262393.38","136498.28"
"315","N3","1","69666.086","57851.31","140761.86"
"315","N3","2","69368.98","57867.316","140438.64"
"315","N3","3","68896.23","58040.445","139845.27"
"315","N3","4","68666.21","58131.12","139619.27"
"315","N3","5","68599.766","58503.36","139505.34"
"315","N3","6","68637.95","58762.6","139407.77"
"315","N3","7","68821.88","58903.305","139427.06"
"315","N3","8","68926.6","59081.55","139510.34"
"315","N3","9","69472.74","59153.734","139458.6"
"315","N3","10","70496.94","59445.055","139543.28"
"315","N3","11","72254.34","59671.47","139694.45"
"315","N3","12","75469.33","60137.19","139735.77"
"315","N3","13","80940.43","60518.453","139776.14"
"315","N3","14","89217.79","61170.684","139747.53"
"315","N3","15","100595.78","62492.918","139817.23"
"315","N3","16","114600.17","64512.984","139768.06"
"315","N3","17","130108.19","67606.53","139756.9"
"315","N3","18","146241.39","72467.96","139801.89"
"315","N3","19","162816.9","78688.65","139868.92"
"315","N3","20","179875.11","85745.18","139830.34"
"315","N3","21","196840.08","92671.97","139984.42"
"315","N3","22","212666.83","98871.664","139973.45"
"315","N3","23","226024.78","103493.914","139883.66"
"315","N3","24","236629.66","106579.36","139744.34"
"315","N3","25","245412.75","109021.75","139615.83"
"315","N3","26","252688.97","111008.72","139575.2"
"315","N3","27","258356.12","112409.62","139857.08"
"315","N3","28","263117.12","113475.85","139919.19"
"315","N3","29","266493.88","114085.84","139866.97"
"315","N3","30","269396.44","114783.95","139631.7"
"315","N3","31","271552.5","115639.68","139497.31"
"315","N3","32","273186.2","116492.3","139540.67"
"315","N3","33","274819.25","117034.625","139564.47"
"315","N3","34","276605.78","117424.14","139549.53"
"315","N3","35","277750.03","118063.24","139626.28"
"315","N3","36","278240.03","118881.875","139604.02"
"315","N3","37","278869.4","119777.17","139507.03"
"315","N3","38","279818.2","120200.43","139502.42"
"315","N3","39","280383.22","120761.664","139508.1"
"315","N3","40","281481.34","121191.54","139628.48"
"315","N3","41","282429.0","121656.71","139737.5"
"315","N3","42","282980.47","122171.24","139549.0"
"315","N3","43","283337.06","122529.15","139424.61"
"315","N3","44","283554.75","122878.62","139472.81"
"315","N3","45","283892.0","123665.22","139466.9"
"315","N3","46","284756.4","124046.586","139472.81"
"315","N3","47","284700.03","124597.19","139505.08"
"315","N3","48","285058.3","125140.61","139513.44"
"315","N3","49","285814.4","125579.04","139422.67"
"315","N3","50","286267.22","126031.14","139396.8"
"315","N3","51","286041.34","126451.16","139420.23"
"315","N3","52","286950.38","126661.26","139333.8"
"315","N3","53","287250.78","127168.44","139207.84"
"315","N3","54","287638.7","127368.445","139028.58"
"315","N3","55","288066.62","127799.63","138917.33"
"315","N3","56","288216.5","128188.38","138875.8"
"315","N3","57","288804.9","128760.41","138832.45"
"315","N3","58","289476.44","129300.695","138936.28"
"315","N3","59","290431.1","129838.92","139015.27"
"315","N3","60","290827.25","130443.79","139014.72"
"315","N3","61","291648.8","130765.28","138973.11"
"315","N3","62","292166.78","131955.69","139038.92"
"315","N3","63","293546.56","133271.44","138850.98"
"315","N3","64","294552.16","134704.94","138652.94"
"315","N3","65","296991.53","136653.3","138591.03"
"315","N3","66","299428.6","139127.22","138701.61"
"315","N3","67","302752.38","142480.84","138795.17"
"315","N3","68","306877.34","146799.36","138806.66"
"315","N3","69","312383.44","151832.36","138664.7"
"315","N3","70","317712.88","157021.39","138577.81"
"315","N3","71","322528.72","163147.0","138588.66"
"315","N3","72","327966.84","169606.44","138635.1"
"315","N3","73","334006.78","176360.42","138561.02"
"315","N3","74","340121.38","182983.39","138569.58"
"315","N3","75","346147.66","189861.33","138822.44"
"315","N3","76","351962.1","196877.75","138689.7"
"315","N3","77","357194.03","203523.95","138513.22"
"315","N3","78","362668.66","210200.75","138208.23"
"315","N3","79","368290.62","216528.48","138213.52"
"315","N3","80","374017.3","223103.47","138522.25"
"315","N3","81","379402.22","229968.8","138536.61"
"315","N3","82","385880.53","236241.86","138482.7"
"315","N3","83","391041.12","242433.4","138504.02"
"315","N3","84","396481.7","248637.11","138503.39"
"315","N3","85","401976.12","254590.0","138442.22"
"315","N3","86","406706.53","260575.06","138384.73"
"315","N3","87","413018.34","266704.8","138373.86"
"315","N3","88","419389.25","271768.5","138370.75"
"315","N3","89","424335.38","277056.25","138201.47"
"315","N3","90","428857.5","281118.84","138147.52"
"316","N4","1","75880.04","59933.63","141703.62"
"316","N4","2","75695.32","60003.54","141461.14"
"316","N4","3","75271.45","60131.58","140910.62"
"316","N4","4","75015.36","60256.254","140497.03"
"316","N4","5","74916.96","60743.574","140332.55"
"316","N4","6","74937.625","60884.617","140144.02"
"316","N4","7","75121.27","60911.965","140147.9"
"316","N4","8","75384.055","61101.188","140369.84"
"316","N4","9","75934.984","61132.953","140501.86"
"316","N4","10","76912.58","61452.836","140529.48"
"316","N4","11","78698.82","61776.18","140503.47"
"316","N4","12","81952.67","62001.06","140553.69"
"316","N4","13","87559.875","62546.145","140482.73"
"316","N4","14","95749.96","63313.4","140461.62"
"316","N4","15","107193.586","64622.758","140576.23"
"316","N4","16","121084.46","66855.84","140377.08"
"316","N4","17","136373.1","69953.44","140334.7"
"316","N4","18","151803.73","74708.57","140587.77"
"316","N4","19","167044.45","81441.03","140851.11"
"316","N4","20","182362.61","89295.87","140877.4"
"316","N4","21","197958.67","97374.9","140850.02"
"316","N4","22","212931.27","104751.266","140996.73"
"316","N4","23","226133.1","110831.81","140947.73"
"316","N4","24","237394.06","115219.62","140905.03"
"316","N4","25","246579.44","118365.266","141101.95"
"316","N4","26","254235.12","120512.17","141217.16"
"316","N4","27","259682.6","122123.6","141221.62"
"316","N4","28","263877.6","123276.71","141186.6"
"316","N4","29","267118.97","124136.23","141189.84"
"316","N4","30","270149.97","124968.29","141265.42"
"316","N4","31","273343.66","126018.9","141264.23"
"316","N4","32","275364.34","126927.766","141168.56"
"316","N4","33","276083.94","127371.64","141125.73"
"316","N4","34","276886.53","128106.0","141317.92"
"316","N4","35","278633.28","128725.77","141300.17"
"316","N4","36","280105.2","129508.83","141330.2"
"316","N4","37","281531.03","129963.95","141297.02"
"316","N4","38","281728.78","130558.445","141234.11"
"316","N4","39","282650.5","131379.84","141171.0"
"316","N4","40","283272.06","131783.14","141250.89"
"316","N4","41","283699.0","132474.05","141193.56"
"316","N4","42","284289.38","133047.47","141151.92"
"316","N4","43","284753.1","133708.7","141059.94"
"316","N4","44","285414.3","134202.92","141004.75"
"316","N4","45","285800.53","134528.1","141027.98"
"316","N4","46","286571.03","135028.98","141112.48"
"316","N4","47","287147.78","135806.0","141174.97"
"316","N4","48","287319.88","136253.55","141190.97"
"316","N4","49","287551.8","136589.98","141120.0"
"316","N4","50","288312.75","136884.7","141132.95"
"316","N4","51","288593.56","137170.6","141146.16"
"316","N4","52","289085.78","137678.22","141060.22"
"316","N4","53","289623.12","138354.48","141055.38"
"316","N4","54","289938.5","138808.36","141248.88"
"316","N4","55","290331.8","138922.4","141220.94"
"316","N4","56","290806.75","139364.89","141163.4"
"316","N4","57","290828.72","140049.67","140925.34"
"316","N4","58","290839.53","140547.3","140826.33"
"316","N4","59","291187.03","141225.72","140933.55"
"316","N4","60","292077.0","141654.75","141005.72"
"316","N4","61","292743.94","141982.48","140931.0"
"316","N4","62","292984.44","142881.06","140838.89"
"316","N4","63","294315.06","144043.47","140735.6"
"316","N4","64","295321.44","144961.48","140676.16"
"316","N4","65","297115.25","146178.88","140734.25"
"316","N4","66","298644.4","148008.62","140729.2"
"316","N4","67","300735.44","150149.06","140842.42"
"316","N4","68","304161.34","153208.88","140997.2"
"316","N4","69","308021.0","157274.88","141165.53"
"316","N4","70","312322.6","161967.45","141181.34"
"316","N4","71","317128.28","167664.4","141093.4"
"316","N4","72","321979.56","173858.4","141064.97"
"316","N4","73","327170.94","180266.83","141114.81"
"316","N4","74","332218.1","187345.2","141188.7"
"316","N4","75","337494.28","194890.98","141194.44"
"316","N4","76","342766.3","202443.28","141149.67"
"316","N4","77","347883.1","209427.89","141329.48"
"316","N4","78","353273.0","216603.48","141557.95"
"316","N4","79","358291.38","223501.23","141540.4"
"316","N4","80","363952.25","230473.28","141597.42"
"316","N4","81","369146.28","237656.58","141874.61"
"316","N4","82","373838.16","244681.05","141913.69"
"316","N4","83","379216.03","251178.92","141836.52"
"316","N4","84","383741.7","257497.73","141919.6"
"316","N4","85","388619.2","264020.03","141890.83"
"316","N4","86","393507.03","270232.16","141972.1"
"316","N4","87","398874.0","276294.3","141939.56"
"316","N4","88","403841.5","281963.1","142086.31"
"316","N4","89","408365.5","287539.88","142072.4"
"316","N4","90","411865.44","292287.06","142077.69"
"317","N5","1","72817.875","64547.594","142642.48"
"317","N5","2","72621.71","64562.242","142346.69"
"317","N5","3","72264.23","64786.973","141874.61"
"317","N5","4","71709.2","65095.285","141298.42"
"317","N5","5","71629.05","65315.375","141098.02"
"317","N5","6","71828.24","65396.92","140949.42"
"317","N5","7","71901.414","65557.9","140941.11"
"317","N5","8","72180.25","65859.84","141048.22"
"317","N5","9","72764.086","66067.98","141106.28"
"317","N5","10","73799.695","66248.945","141327.4"
"317","N5","11","75451.4","66449.94","141340.36"
"317","N5","12","78828.58","66760.66","141341.55"
"317","N5","13","84349.57","67375.41","141278.1"
"317","N5","14","92683.04","68022.555","141268.78"
"317","N5","15","104148.61","69352.4","141429.88"
"317","N5","16","117989.12","71762.2","141327.03"
"317","N5","17","132979.53","75107.445","141269.16"
"317","N5","18","147809.81","80232.44","141399.4"
"317","N5","19","162268.19","86944.44","141574.28"
"317","N5","20","176194.7","95270.07","141565.48"
"317","N5","21","189848.67","104466.625","141534.1"
"317","N5","22","203024.58","113288.54","141510.86"
"317","N5","23","215123.67","120788.5","141685.8"
"317","N5","24","225898.0","126450.05","141821.12"
"317","N5","25","234253.66","130448.266","141761.16"
"317","N5","26","241546.97","133469.78","141674.31"
"317","N5","27","247581.7","135582.11","141697.66"
"317","N5","28","252495.38","136886.45","141817.64"
"317","N5","29","255974.03","138041.81","141840.23"
"317","N5","30","259037.14","138852.16","141765.19"
"317","N5","31","261493.34","139857.64","141724.12"
"317","N5","32","263334.22","140745.67","141711.86"
"317","N5","33","264781.6","141303.27","141928.7"
"317","N5","34","266460.6","142272.27","141951.83"
"317","N5","35","267736.78","143044.47","141972.17"
"317","N5","36","268543.62","143779.92","141979.83"
"317","N5","37","269476.0","144674.33","141901.97"
"317","N5","38","270169.53","145023.97","141862.42"
"317","N5","39","270295.38","145744.52","141767.88"
"317","N5","40","270841.34","146167.2","141705.22"
"317","N5","41","271810.47","146734.73","141776.42"
"317","N5","42","272413.2","147310.88","141734.83"
"317","N5","43","273164.44","147491.22","141544.81"
"317","N5","44","273318.75","148252.8","141472.77"
"317","N5","45","274011.06","148895.31","141565.4"
"317","N5","46","274365.0","149363.94","141587.9"
"317","N5","47","274625.78","149927.28","141784.1"
"317","N5","48","274557.62","150392.47","141741.53"
"317","N5","49","275416.97","150982.73","141690.48"
"317","N5","50","276044.0","151393.11","141807.22"
"317","N5","51","276674.25","151996.77","141702.02"
"317","N5","52","276398.0","152479.97","141588.47"
"317","N5","53","276465.25","152809.61","141537.73"
"317","N5","54","277363.88","153485.52","141581.72"
"317","N5","55","277385.72","153698.4","141519.78"
"317","N5","56","277635.34","154022.33","141311.6"
"317","N5","57","278355.78","154550.55","141265.53"
"317","N5","58","278321.7","155279.28","141435.14"
"317","N5","59","278558.88","155799.64","141434.92"
"317","N5","60","279351.56","156121.39","141366.06"
"317","N5","61","279138.9","156679.08","141346.27"
"317","N5","62","279493.0","157396.97","141390.27"
"317","N5","63","280273.12","157900.64","141446.34"
"317","N5","64","280527.7","158952.67","141544.48"
"317","N5","65","281499.44","159760.92","141430.58"
"317","N5","66","282624.66","160712.81","141342.8"
"317","N5","67","283845.16","162041.17","141362.31"
"317","N5","68","285148.34","163999.0","141461.78"
"317","N5","69","286657.53","166726.62","141321.97"
"317","N5","70","289638.28","170055.86","141239.34"
"317","N5","71","292643.66","174207.89","141248.5"
"317","N5","72","296080.94","179138.55","141269.33"
"317","N5","73","300221.88","185192.88","141354.02"
"317","N5","74","304384.62","192068.36","141529.36"
"317","N5","75","308690.44","199538.95","141677.66"
"317","N5","76","312874.53","207304.58","141824.66"
"317","N5","77","317460.44","215317.55","141884.39"
"317","N5","78","320830.84","223475.92","141921.95"
"317","N5","79","325075.12","231267.75","141756.83"
"317","N5","80","329678.03","239057.52","141670.75"
"317","N5","81","333460.0","247197.12","141782.36"
"317","N5","82","337164.25","254873.6","141876.19"
"317","N5","83","341324.12","262207.4","141874.98"
"317","N5","84","345083.53","269788.4","142097.61"
"317","N5","85","349601.6","277200.44","142224.05"
"317","N5","86","353389.12","284377.56","142299.84"
"317","N5","87","356792.62","291409.28","142195.94"
"317","N5","88","360852.5","297750.62","142093.72"
"317","N5","89","365356.4","303915.84","142121.47"
"317","N5","90","368966.94","309096.28","142108.42"
"318","N6","1","74304.02","65757.07","144810.34"
"318","N6","2","73994.46","65823.66","144375.61"
"318","N6","3","73715.9","66093.02","143998.75"
"318","N6","4","73401.09","66327.34","143843.84"
"318","N6","5","73156.16","66671.15","143611.55"
"318","N6","6","73142.13","66938.78","143504.92"
"318","N6","7","73308.62","67268.805","143404.06"
"318","N6","8","73621.48","67402.36","143418.34"
"318","N6","9","74370.555","67617.96","143575.4"
"318","N6","10","75222.17","67660.336","143579.77"
"318","N6","11","77020.1","67634.86","143565.31"
"318","N6","12","80272.95","67971.09","143541.58"
"318","N6","13","85655.42","68557.5","143562.0"
"318","N6","14","93761.65","69482.25","143592.42"
"318","N6","15","104962.82","70916.28","143594.53"
"318","N6","16","118591.7","73202.22","143628.6"
"318","N6","17","133159.25","76778.88","143431.78"
"318","N6","18","147733.4","82089.1","143388.08"
"318","N6","19","161383.02","89180.805","143470.64"
"318","N6","20","174392.3","98250.15","143656.33"
"318","N6","21","186785.64","107655.336","143927.77"
"318","N6","22","198402.4","117281.086","144064.64"
"318","N6","23","209742.4","125693.38","144067.98"
"318","N6","24","219990.83","132263.06","144253.92"
"318","N6","25","228217.92","137262.7","144347.64"
"318","N6","26","235304.08","140788.83","144301.55"
"318","N6","27","241769.78","142707.44","144331.45"
"318","N6","28","246753.75","144019.42","144313.3"
"318","N6","29","250003.67","145635.28","144450.44"
"318","N6","30","252550.9","146880.34","144402.45"
"318","N6","31","255181.3","147618.9","144333.22"
"318","N6","32","257320.47","148680.73","144246.5"
"318","N6","33","258542.6","149692.86","144203.86"
"318","N6","34","259482.0","150574.19","144149.4"
"318","N6","35","260928.27","151117.34","144192.62"
"318","N6","36","261941.98","151860.89","144164.83"
"318","N6","37","262630.84","152371.75","144267.97"
"318","N6","38","263324.7","153138.17","144378.05"
"318","N6","39","264112.06","153737.14","144465.66"
"318","N6","40","264350.88","154462.8","144476.81"
"318","N6","41","264848.28","155195.89","144368.02"
"318","N6","42","265541.94","155635.25","144258.86"
"318","N6","43","265727.66","156295.94","144193.56"
"318","N6","44","266518.25","156550.67","144130.23"
"318","N6","45","266984.72","157267.38","144187.19"
"318","N6","46","267345.5","158093.58","144291.3"
"318","N6","47","267597.6","158596.45","144410.84"
"318","N6","48","267920.44","159032.27","144203.95"
"318","N6","49","268210.9","159526.75","144069.88"
"318","N6","50","267949.9","159838.11","144053.8"
"318","N6","51","268090.75","160471.05","144156.39"
"318","N6","52","269097.84","161067.89","144132.78"
"318","N6","53","269406.44","161613.78","144135.48"
"318","N6","54","269731.34","161715.98","144351.75"
"318","N6","55","270007.0","162312.34","144233.16"
"318","N6","56","270495.3","162549.42","144017.75"
"318","N6","57","270619.03","163228.25","143914.83"
"318","N6","58","270338.3","163875.23","143959.4"
"318","N6","59","271193.5","164182.5","144181.25"
"318","N6","60","271075.97","164605.66","144101.3"
"318","N6","61","271795.3","164918.8","143995.23"
"318","N6","62","271740.97","165432.92","143965.83"
"318","N6","63","272365.12","166115.06","144012.4"
"318","N6","64","272545.0","166577.55","143894.3"
"318","N6","65","272545.12","167013.77","143834.28"
"318","N6","66","272970.56","167806.89","143899.0"
"318","N6","67","273999.75","168801.73","143803.89"
"318","N6","68","274284.28","169803.9","143761.47"
"318","N6","69","274172.9","171137.66","143841.88"
"318","N6","70","275661.53","172896.0","143684.61"
"318","N6","71","276676.44","175255.5","143670.48"
"318","N6","72","278196.62","178363.73","143929.22"
"318","N6","73","280793.78","181967.44","143932.45"
"318","N6","74","283426.8","186680.95","143885.7"
"318","N6","75","285436.44","192907.11","143853.78"
"318","N6","76","288245.0","199632.47","143969.62"
"318","N6","77","291700.12","207490.92","144041.48"
"318","N6","78","294804.62","215399.36","144044.53"
"318","N6","79","298668.47","223682.1","144249.98"
"318","N6","80","301240.44","232287.5","144352.0"
"318","N6","81","304212.1","240670.11","144468.36"
"318","N6","82","307293.2","248903.62","144388.16"
"318","N6","83","310937.16","256959.97","144365.11"
"318","N6","84","313219.1","265138.4","144693.06"
"318","N6","85","316677.28","272992.66","144856.84"
"318","N6","86","319908.88","280652.8","144836.3"
"318","N6","87","323006.06","288036.56","144819.05"
"318","N6","88","325776.0","294795.78","144735.31"
"318","N6","89","328733.94","301476.8","144691.83"
"318","N6","90","331158.56","307132.3","144941.98"
"319","N7","1","81333.16","67172.414","152963.55"
"319","N7","2","81022.58","67193.055","152649.25"
"319","N7","3","80739.91","67486.74","151988.4"
"319","N7","4","80449.35","67797.86","151728.6"
"319","N7","5","80308.33","67926.94","151495.58"
"319","N7","6","80152.34","68188.89","151407.58"
"319","N7","7","80158.28","68468.72","151483.77"
"319","N7","8","80410.44","68719.79","151453.62"
"319","N7","9","80917.266","68871.83","151460.86"
"319","N7","10","81982.77","69064.516","151350.61"
"319","N7","11","83928.35","69181.94","151255.11"
"319","N7","12","87248.914","69361.56","151244.34"
"319","N7","13","92804.68","69812.05","151377.3"
"319","N7","14","101327.72","70672.36","151360.53"
"319","N7","15","113028.414","72053.266","151348.33"
"319","N7","16","127274.85","74258.66","151397.78"
"319","N7","17","142566.83","77952.51","151424.88"
"319","N7","18","157670.31","82886.41","151352.9"
"319","N7","19","171923.33","90147.1","151331.2"
"319","N7","20","185228.67","99172.06","151519.08"
"319","N7","21","197565.89","109053.87","151557.22"
"319","N7","22","209360.92","118772.37","151608.12"
"319","N7","23","220092.06","127516.47","151871.03"
"319","N7","24","230016.98","134848.0","151999.81"
"319","N7","25","238786.25","140292.73","151972.72"
"319","N7","26","245990.42","143950.31","151779.17"
"319","N7","27","251765.83","146448.56","151686.22"
"319","N7","28","256518.19","148455.61","151767.61"
"319","N7","29","260446.11","149716.14","151810.12"
"319","N7","30","263252.03","150438.67","152149.9"
"319","N7","31","265294.1","151499.45","152124.6"
"319","N7","32","267243.94","152565.8","151992.95"
"319","N7","33","268394.7","153248.98","151883.9"
"319","N7","34","269642.34","154132.77","151910.0"
"319","N7","35","270530.72","154877.19","152074.27"
"319","N7","36","271450.62","155686.17","152100.03"
"319","N7","37","272289.16","156070.03","152119.23"
"319","N7","38","273519.28","156844.1","152023.9"
"319","N7","39","274028.47","157533.97","151926.52"
"319","N7","40","274118.5","158176.86","151859.55"
"319","N7","41","274581.1","158965.77","151954.34"
"319","N7","42","275043.16","159244.8","151907.34"
"319","N7","43","275365.53","159766.47","151863.33"
"319","N7","44","276152.9","160260.83","151847.27"
"319","N7","45","276885.6","160980.27","151836.9"
"319","N7","46","277067.1","161564.42","151764.55"
"319","N7","47","277612.84","161823.44","151758.44"
"319","N7","48","278236.72","162391.73","151712.88"
"319","N7","49","277929.6","162940.75","151807.95"
"319","N7","50","278112.22","163329.69","151804.88"
"319","N7","51","278578.62","163938.19","151588.38"
"319","N7","52","278132.2","164473.47","151481.42"
"319","N7","53","278356.75","164824.67","151578.52"
"319","N7","54","278714.28","165287.02","151780.83"
"319","N7","55","278363.7","165940.19","151677.27"
"319","N7","56","278443.0","166321.78","151565.4"
"319","N7","57","279341.06","166571.22","151550.11"
"319","N7","58","279772.75","167169.53","151564.27"
"319","N7","59","279964.12","167694.1","151483.44"
"319","N7","60","279834.5","168019.8","151384.52"
"319","N7","61","279995.4","168351.36","151317.33"
"319","N7","62","279630.38","168945.38","151358.1"
"319","N7","63","280131.4","169413.7","151396.22"
"319","N7","64","280313.3","169986.3","151373.25"
"319","N7","65","280384.47","170243.08","151377.5"
"319","N7","66","280560.66","170843.36","151377.8"
"319","N7","67","280800.97","171535.95","151290.67"
"319","N7","68","280253.16","172143.12","151153.78"
"319","N7","69","281467.62","172707.28","151096.67"
"319","N7","70","282184.66","173596.77","151146.22"
"319","N7","71","282356.97","174977.94","151054.58"
"319","N7","72","282962.9","176357.05","150802.44"
"319","N7","73","283971.7","178078.34","150826.03"
"319","N7","74","284306.62","180698.77","151117.66"
"319","N7","75","285407.0","183845.55","150981.03"
"319","N7","76","286716.94","188371.4","150968.94"
"319","N7","77","288967.44","193401.97","151246.19"
"319","N7","78","290814.84","199695.86","151262.6"
"319","N7","79","293130.97","207093.8","151197.05"
"319","N7","80","295660.3","215290.73","151205.47"
"319","N7","81","297890.75","223559.72","151471.94"
"319","N7","82","300216.88","232142.53","151520.44"
"319","N7","83","302458.16","241004.22","151586.66"
"319","N7","84","304334.5","249874.83","151758.38"
"319","N7","85","306008.44","258752.44","151730.45"
"319","N7","86","308561.28","266975.16","151661.02"
"319","N7","87","311184.3","274595.6","151754.0"
"319","N7","88","313692.6","282485.97","151866.39"
"319","N7","89","315409.28","290338.75","151963.19"
"319","N7","90","317559.25","296983.84","152168.53"
"320","N8","1","94929.37","63781.63","148578.98"
"320","N8","2","93708.45","64011.242","148001.11"
"320","N8","3","92551.02","64505.344","147550.4"
"320","N8","4","92349.305","64855.43","147217.61"
"320","N8","5","92344.77","64992.637","147002.16"
"320","N8","6","92121.9","65324.375","146714.16"
"320","N8","7","91702.625","65422.145","146645.03"
"320","N8","8","91597.33","65743.92","146821.84"
"320","N8","9","91644.47","65913.43","146803.08"
"320","N8","10","92101.87","66301.07","146767.4"
"320","N8","11","93643.58","66583.8","146719.42"
"320","N8","12","96685.99","66906.63","146756.16"
"320","N8","13","101833.21","67411.97","146739.88"
"320","N8","14","110152.125","68289.31","146835.47"
"320","N8","15","121177.086","69781.0","146789.0"
"320","N8","16","134484.72","72040.83","146718.6"
"320","N8","17","148479.03","75543.73","146744.27"
"320","N8","18","161910.1","80931.375","146791.61"
"320","N8","19","174869.58","87952.11","146902.14"
"320","N8","20","185968.94","97140.28","146958.58"
"320","N8","21","196159.55","107487.64","147058.56"
"320","N8","22","205221.75","117708.6","147185.27"
"320","N8","23","214502.64","127239.94","147280.73"
"320","N8","24","222325.44","135003.73","147320.7"
"320","N8","25","228680.2","141374.8","147709.97"
"320","N8","26","235097.7","145828.48","147745.98"
"320","N8","27","240881.45","148457.8","147615.16"
"320","N8","28","245396.06","150178.12","147498.66"
"320","N8","29","248148.64","151727.23","147452.22"
"320","N8","30","250627.23","152784.48","147666.64"
"320","N8","31","251972.16","153981.0","147636.14"
"320","N8","32","253953.16","155057.78","147650.73"
"320","N8","33","255518.8","156179.5","147693.52"
"320","N8","34","256445.25","156926.97","147673.12"
"320","N8","35","256248.06","157690.27","147845.03"
"320","N8","36","257053.16","158490.53","147875.16"
"320","N8","37","257667.98","159069.36","147834.14"
"320","N8","38","257651.67","159848.52","147800.83"
"320","N8","39","257947.16","160598.89","147813.39"
"320","N8","40","258187.14","161243.86","147424.16"
"320","N8","41","258781.73","161822.4","147310.64"
"320","N8","42","258476.06","162402.34","147562.97"
"320","N8","43","257729.16","163331.3","147571.48"
"320","N8","44","259040.16","163876.81","147684.58"
"320","N8","45","259356.52","164213.44","147683.17"
"320","N8","46","259032.67","164743.62","147588.66"
"320","N8","47","258893.47","165142.69","147599.55"
"320","N8","48","258558.78","165824.89","147569.44"
"320","N8","49","258648.11","166533.08","147492.62"
"320","N8","50","258683.02","167057.86","147544.89"
"320","N8","51","258100.34","167576.38","147467.58"
"320","N8","52","258398.44","167939.92","147403.55"
"320","N8","53","258318.88","168400.61","147322.73"
"320","N8","54","258434.33","168895.5","147339.11"
"320","N8","55","258155.66","169492.02","147305.9"
"320","N8","56","257992.25","169973.97","147362.75"
"320","N8","57","258420.14","170264.72","147024.62"
"320","N8","58","258916.48","170545.58","146954.1"
"320","N8","59","258301.5","171151.88","147283.84"
"320","N8","60","258003.08","171844.48","147301.16"
"320","N8","61","258297.94","172350.17","147314.47"
"320","N8","62","258102.92","172803.4","147183.16"
"320","N8","63","258056.66","172996.86","147076.8"
"320","N8","64","258081.89","173458.16","147097.12"
"320","N8","65","257640.05","174274.06","147126.34"
"320","N8","66","257639.33","174606.58","147026.6"
"320","N8","67","257731.2","174960.28","146979.17"
"320","N8","68","257355.03","175722.45","147147.16"
"320","N8","69","257096.06","176168.38","147129.8"
"320","N8","70","256838.55","176405.0","147134.55"
"320","N8","71","256738.83","176908.22","147032.66"
"320","N8","72","256403.48","177345.56","146895.19"
"320","N8","73","256082.89","177756.66","146708.05"
"320","N8","74","255316.77","177982.84","146637.38"
"320","N8","75","255954.83","178288.19","146720.42"
"320","N8","76","256701.56","178978.42","146751.72"
"320","N8","77","256171.53","179601.06","146860.39"
"320","N8","78","255579.36","180251.72","146679.55"
"320","N8","79","255263.95","180376.48","146605.5"
"320","N8","80","255036.7","181106.34","146682.52"
"320","N8","81","254727.19","181497.55","146513.8"
"320","N8","82","254660.16","181998.12","146476.28"
"320","N8","83","255115.48","182265.97","146701.45"
"320","N8","84","254773.16","182697.56","146742.48"
"320","N8","85","254699.78","183159.11","146510.33"
"320","N8","86","254635.19","183593.2","146356.44"
"320","N8","87","254258.62","184222.5","146269.12"
"320","N8","88","254285.33","184941.73","146142.53"
"320","N8","89","254337.83","185595.89","146195.12"
"320","N8","90","253311.53","186647.81","146543.58"
"321","N9","1","73712.53","62943.242","130473.586"
"321","N9","2","73473.59","63009.875","130303.22"
"321","N9","3","73080.84","63581.242","130085.01"
"321","N9","4","72820.96","64061.336","129755.516"
"321","N9","5","72797.26","64396.668","129656.81"
"321","N9","6","72924.61","64616.19","129629.914"
"321","N9","7","72999.57","64851.918","129638.914"
"321","N9","8","72975.2","65081.22","129719.02"
"321","N9","9","72891.195","65315.098","129774.83"
"321","N9","10","72847.414","65471.2","129809.516"
"321","N9","11","72876.734","65430.44","130009.49"
"321","N9","12","73092.37","65698.96","129997.664"
"321","N9","13","73409.47","66159.734","129866.76"
"321","N9","14","74014.6","66836.53","129842.38"
"321","N9","15","74940.03","68019.11","129984.12"
"321","N9","16","76919.87","70048.016","130005.39"
"321","N9","17","80623.83","73331.24","130031.305"
"321","N9","18","86927.234","79085.62","130027.164"
"321","N9","19","96813.805","87592.58","130137.75"
"321","N9","20","110528.88","98144.016","130366.83"
"321","N9","21","127473.29","108188.766","130526.5"
"321","N9","22","145171.4","116026.84","130592.805"
"321","N9","23","161224.72","121582.44","130537.164"
"321","N9","24","175246.42","124882.42","130372.875"
"321","N9","25","186980.38","127497.03","130345.734"
"321","N9","26","196440.47","129566.77","130617.72"
"321","N9","27","203425.62","130939.3","130646.99"
"321","N9","28","208688.27","131990.83","130651.55"
"321","N9","29","212631.1","133027.86","130597.27"
"321","N9","30","215055.19","133993.23","130660.77"
"321","N9","31","217201.25","134734.16","130660.31"
"321","N9","32","218744.47","135649.1","130407.19"
"321","N9","33","220332.7","136250.73","130239.336"
"321","N9","34","221464.94","136547.66","130231.016"
"321","N9","35","222467.42","137181.08","130508.31"
"321","N9","36","223741.83","137633.23","130508.48"
"321","N9","37","224947.72","138301.47","130426.88"
"321","N9","38","226194.27","138885.55","130455.61"
"321","N9","39","227061.83","138964.77","130528.94"
"321","N9","40","227938.89","139070.48","130522.4"
"321","N9","41","228992.39","139711.5","130494.59"
"321","N9","42","229985.42","140256.31","130489.59"
"321","N9","43","231019.06","140499.55","130650.03"
"321","N9","44","232038.1","141061.44","130599.945"
"321","N9","45","232870.67","141531.67","130464.055"
"321","N9","46","233807.53","141821.3","130381.164"
"321","N9","47","234777.4","142235.92","130397.984"
"321","N9","48","235383.64","142595.9","130300.73"
"321","N9","49","236119.14","142832.02","130180.445"
"321","N9","50","237011.58","143560.12","130115.53"
"321","N9","51","238275.7","143613.3","130156.16"
"321","N9","52","238625.69","144094.62","130155.44"
"321","N9","53","239298.52","144576.8","130152.18"
"321","N9","54","240109.0","145107.75","130360.43"
"321","N9","55","240866.3","145658.98","130401.516"
"321","N9","56","242025.08","145905.64","130291.33"
"321","N9","57","243036.5","146332.98","130187.61"
"321","N9","58","244357.48","146573.94","130094.17"
"321","N9","59","244685.6","147637.67","130062.91"
"321","N9","60","246387.77","148776.05","130192.56"
"321","N9","61","248260.42","149902.94","130204.09"
"321","N9","62","251136.1","151981.56","130250.15"
"321","N9","63","254120.19","154831.55","130266.32"
"321","N9","64","257541.48","158269.58","130225.31"
"321","N9","65","261855.8","162608.81","130214.375"
"321","N9","66","267605.56","167848.25","130208.805"
"321","N9","67","273274.6","174299.81","130244.2"
"321","N9","68","279298.5","181094.2","130258.55"
"321","N9","69","285811.0","188437.62","130481.555"
"321","N9","70","292136.6","196196.84","130478.92"
"321","N9","71","298756.75","203609.55","130550.84"
"321","N9","72","304582.22","211088.62","130743.805"
"321","N9","73","310777.97","218184.36","130735.52"
"321","N9","74","316638.9","225245.97","130699.21"
"321","N9","75","322741.2","232178.31","130818.62"
"321","N9","76","328736.56","238776.92","130901.85"
"321","N9","77","334758.4","245140.34","130892.01"
"321","N9","78","340526.66","251352.8","130965.26"
"321","N9","79","347265.62","257528.67","131132.11"
"321","N9","80","353051.94","263451.66","131055.75"
"321","N9","81","358838.78","268831.03","130966.33"
"321","N9","82","364413.06","274005.22","131043.31"
"321","N9","83","370310.72","279081.62","131037.305"
"321","N9","84","376537.62","284251.6","131269.48"
"321","N9","85","382582.16","288782.84","131377.45"
"321","N9","86","389020.1","293152.56","131379.9"
"321","N9","87","394979.12","297485.2","131296.23"
"321","N9","88","400765.7","301572.97","131366.6"
"321","N9","89","407184.78","305428.4","131428.58"
"321","N9","90","412745.16","308893.4","131333.1"
"322","N10","1","83621.75","65213.223","134147.23"
"322","N10","2","83271.164","65405.055","133928.72"
"322","N10","3","82989.84","66031.14","133772.67"
"322","N10","4","82758.586","66721.96","133813.19"
"322","N10","5","82499.336","67359.01","134068.02"
"322","N10","6","82406.16","67670.73","134139.16"
"322","N10","7","82351.125","67982.74","133899.94"
"322","N10","8","82263.23","68253.74","133503.34"
"322","N10","9","82268.266","68482.39","133418.62"
"322","N10","10","82375.27","68743.09","133505.11"
"322","N10","11","82442.18","68690.69","133756.03"
"322","N10","12","82711.35","68829.83","133773.45"
"322","N10","13","83010.79","69062.48","133785.17"
"322","N10","14","83429.24","69724.055","133850.02"
"322","N10","15","84354.836","70861.84","133882.81"
"322","N10","16","86132.43","73147.23","133629.22"
"322","N10","17","89165.06","76913.86","133556.83"
"322","N10","18","94478.484","82870.5","133701.2"
"322","N10","19","103271.31","91810.21","133993.77"
"322","N10","20","115691.2","103333.69","134201.97"
"322","N10","21","130780.99","115323.016","134330.67"
"322","N10","22","147143.22","125118.19","134313.84"
"322","N10","23","162932.23","131777.08","134421.83"
"322","N10","24","176779.92","136381.81","134503.27"
"322","N10","25","188383.78","139765.14","134678.45"
"322","N10","26","197678.14","141990.67","134492.08"
"322","N10","27","204660.8","143462.4","134398.14"
"322","N10","28","209687.3","144824.73","134541.61"
"322","N10","29","213196.88","146430.42","134594.22"
"322","N10","30","215809.1","147190.98","134754.36"
"322","N10","31","217827.8","147722.55","134726.88"
"322","N10","32","219668.0","148299.4","134734.84"
"322","N10","33","221026.22","148956.06","134638.2"
"322","N10","34","222416.34","149623.44","134363.67"
"322","N10","35","223232.75","150631.44","134219.64"
"322","N10","36","224361.2","151302.1","134199.17"
"322","N10","37","225608.61","151638.11","134295.52"
"322","N10","38","226701.06","152114.4","134305.78"
"322","N10","39","227471.73","152554.53","134510.56"
"322","N10","40","228441.33","153112.86","134528.9"
"322","N10","41","229611.75","153577.27","134482.86"
"322","N10","42","230421.9","153843.83","134546.08"
"322","N10","43","231471.19","154458.88","134207.8"
"322","N10","44","232505.52","155044.47","134070.88"
"322","N10","45","233234.5","155463.67","134119.03"
"322","N10","46","233902.2","156088.78","134107.14"
"322","N10","47","234968.8","156332.44","134253.44"
"322","N10","48","235823.97","156582.83","134367.5"
"322","N10","49","236531.48","156930.52","134345.53"
"322","N10","50","237353.8","157719.58","134093.4"
"322","N10","51","238265.83","158168.03","134020.16"
"322","N10","52","239013.61","158460.9","134184.7"
"322","N10","53","239749.55","158976.52","134198.05"
"322","N10","54","240625.92","159494.95","134309.88"
"322","N10","55","241714.12","159706.5","134243.84"
"322","N10","56","242625.22","160254.66","134106.05"
"322","N10","57","243189.06","160863.33","134000.66"
"322","N10","58","243488.44","161453.27","133944.78"
"322","N10","59","244729.89","162100.92","133998.03"
"322","N10","60","245665.92","162584.11","133953.67"
"322","N10","61","246632.84","163248.39","133879.55"
"322","N10","62","248019.94","164313.39","133880.06"
"322","N10","63","249427.44","165811.78","134094.6"
"322","N10","64","251206.55","167677.58","133998.39"
"322","N10","65","253289.64","170103.03","133926.78"
"322","N10","66","255934.84","173490.6","133991.16"
"322","N10","67","259687.73","178159.14","133978.4"
"322","N10","68","263675.53","184061.34","134050.0"
"322","N10","69","268099.75","190742.42","134015.31"
"322","N10","70","273185.03","198062.44","134043.4"
"322","N10","71","278612.03","205827.64","134151.42"
"322","N10","72","283792.44","214173.2","134158.47"
"322","N10","73","288696.94","222216.5","134137.69"
"322","N10","74","294577.78","230317.28","134377.17"
"322","N10","75","298833.56","238237.28","134674.61"
"322","N10","76","304043.44","245521.7","134726.5"
"322","N10","77","309234.84","252961.14","134672.22"
"322","N10","78","314185.47","260004.1","134773.95"
"322","N10","79","318966.0","266653.72","134777.8"
"322","N10","80","323877.38","272942.0","134909.66"
"322","N10","81","328514.97","279126.1","134967.22"
"322","N10","82","333335.8","285107.78","135062.4"
"322","N10","83","338893.12","290676.38","135002.45"
"322","N10","84","343406.8","295962.28","135054.48"
"322","N10","85","348488.06","301276.34","135116.7"
"322","N10","86","353862.12","306187.78","135040.73"
"322","N10","87","359211.94","310293.47","135064.03"
"322","N10","88","364138.38","314620.22","135093.03"
"322","N10","89","368625.94","319064.94","135153.16"
"322","N10","90","371995.28","322884.25","135083.48"
"323","N11","1","74022.77","62921.348","127768.75"
"323","N11","2","73811.125","63050.145","127639.945"
"323","N11","3","73414.42","63738.438","127514.31"
"323","N11","4","73180.08","64316.016","127502.44"
"323","N11","5","73098.766","64806.586","127486.45"
"323","N11","6","73052.46","65157.098","127375.49"
"323","N11","7","73001.67","65347.55","127301.73"
"323","N11","8","72996.21","65629.32","127301.48"
"323","N11","9","73052.1","65762.21","127261.086"
"323","N11","10","72959.64","65732.01","127167.25"
"323","N11","11","72968.81","65758.72","127072.39"
"323","N11","12","73150.12","65996.79","126916.98"
"323","N11","13","73324.945","66501.31","126913.625"
"323","N11","14","73716.42","67015.99","127094.6"
"323","N11","15","74626.8","68172.31","127276.5"
"323","N11","16","76113.25","70231.96","127273.11"
"323","N11","17","79021.01","73886.445","127303.8"
"323","N11","18","83780.75","79915.945","127358.35"
"323","N11","19","91368.13","88838.7","127453.14"
"323","N11","20","102307.5","100067.24","127628.05"
"323","N11","21","115903.984","111918.65","127889.5"
"323","N11","22","130671.12","121926.97","127901.836"
"323","N11","23","145202.66","129124.97","127937.51"
"323","N11","24","158299.2","133839.78","127659.79"
"323","N11","25","169310.9","137219.12","127545.83"
"323","N11","26","178191.94","139708.19","127626.02"
"323","N11","27","184595.25","141416.02","127709.72"
"323","N11","28","189377.47","142768.67","127998.77"
"323","N11","29","192635.97","143877.84","127858.85"
"323","N11","30","194997.55","144623.98","127623.34"
"323","N11","31","196966.16","145510.77","127547.32"
"323","N11","32","198582.12","146218.48","127649.54"
"323","N11","33","199653.48","146579.25","127647.99"
"323","N11","34","200546.98","147264.23","127758.38"
"323","N11","35","201756.7","147994.88","127701.29"
"323","N11","36","202823.45","148533.98","127598.164"
"323","N11","37","203615.39","149467.77","127531.04"
"323","N11","38","204633.31","149893.03","127564.06"
"323","N11","39","205829.84","150384.67","127563.71"
"323","N11","40","206536.7","150613.2","127735.87"
"323","N11","41","207415.0","151130.0","127713.664"
"323","N11","42","208142.64","151724.48","127626.71"
"323","N11","43","208929.53","152089.02","127597.03"
"323","N11","44","209891.72","152611.31","127558.41"
"323","N11","45","210706.8","153295.03","127539.49"
"323","N11","46","211530.58","153807.89","127561.164"
"323","N11","47","212222.62","154173.69","127380.19"
"323","N11","48","212872.73","154540.4","127333.6"
"323","N11","49","213527.97","155004.39","127481.4"
"323","N11","50","214367.23","155236.25","127314.31"
"323","N11","51","215216.5","155489.11","127242.38"
"323","N11","52","216138.9","155970.05","127387.12"
"323","N11","53","217017.33","156267.22","127548.41"
"323","N11","54","217521.77","156733.44","127391.375"
"323","N11","55","218054.53","157289.69","127348.3"
"323","N11","56","218864.27","157702.73","127549.11"
"323","N11","57","219652.81","157947.3","127507.336"
"323","N11","58","220200.53","158304.19","127337.66"
"323","N11","59","220991.03","158995.66","127183.67"
"323","N11","60","221428.78","159471.6","127102.81"
"323","N11","61","222254.67","160036.66","127035.43"
"323","N11","62","223189.3","160560.86","127019.32"
"323","N11","63","223921.81","161403.44","127106.11"
"323","N11","64","224764.55","162553.9","127104.89"
"323","N11","65","225961.16","163795.28","127097.98"
"323","N11","66","227457.81","165503.28","127131.71"
"323","N11","67","229069.06","168107.05","127099.76"
"323","N11","68","231219.69","171136.97","127063.86"
"323","N11","69","233563.8","175345.36","127050.53"
"323","N11","70","236500.81","180437.0","127164.4"
"323","N11","71","240082.19","186804.62","127312.34"
"323","N11","72","243591.39","193954.34","127418.0"
"323","N11","73","247574.47","201937.25","127548.6"
"323","N11","74","251435.14","209995.56","127514.336"
"323","N11","75","255856.77","217737.92","127434.87"
"323","N11","76","259942.69","225412.55","127459.34"
"323","N11","77","264151.62","233175.55","127668.39"
"323","N11","78","267773.38","240482.94","127686.83"
"323","N11","79","271440.66","247554.61","127769.12"
"323","N11","80","276194.38","253804.92","127727.336"
"323","N11","81","280043.94","260569.75","127721.37"
"323","N11","82","283980.47","267052.25","128028.42"
"323","N11","83","287717.2","272792.75","128107.08"
"323","N11","84","291656.25","278173.75","128043.22"
"323","N11","85","295784.8","283395.78","127918.45"
"323","N11","86","299580.03","288479.9","127918.68"
"323","N11","87","303443.38","293435.38","128267.016"
"323","N11","88","307695.78","297683.97","128129.48"
"323","N11","89","311510.4","301905.5","128041.82"
"323","N11","90","314337.47","305483.8","128248.34"
"324","N12","1","74432.94","64286.75","129932.04"
"324","N12","2","74257.73","64525.582","129883.516"
"324","N12","3","73949.5","65119.805","129707.1"
"324","N12","4","73681.414","65632.29","129517.88"
"324","N12","5","73574.695","66285.18","129499.9"
"324","N12","6","73594.516","66809.03","129635.97"
"324","N12","7","73754.49","67135.734","129266.1"
"324","N12","8","73807.125","67420.86","129275.086"
"324","N12","9","73631.21","67506.29","129737.1"
"324","N12","10","73617.555","67683.44","129749.7"
"324","N12","11","73786.836","67899.05","129562.47"
"324","N12","12","73849.95","67902.01","129531.31"
"324","N12","13","74087.31","68132.375","129727.79"
"324","N12","14","74624.52","68860.766","129720.33"
"324","N12","15","75363.836","70019.26","129679.84"
"324","N12","16","77030.664","72014.86","129567.09"
"324","N12","17","79817.164","75651.234","129587.42"
"324","N12","18","84462.97","81622.82","129900.59"
"324","N12","19","92007.625","90739.04","129763.31"
"324","N12","20","102828.914","102475.17","129694.49"
"324","N12","21","116208.92","114724.68","129937.61"
"324","N12","22","130640.8","125520.86","130328.78"
"324","N12","23","144789.78","133279.72","130458.01"
"324","N12","24","157654.25","138229.08","130384.52"
"324","N12","25","168787.33","141783.12","130292.7"
"324","N12","26","177194.48","144470.88","130305.336"
"324","N12","27","183949.12","146341.89","130215.55"
"324","N12","28","188593.89","147664.02","130105.32"
"324","N12","29","192053.47","148856.73","130089.63"
"324","N12","30","194532.7","149665.97","130194.99"
"324","N12","31","196407.75","150054.48","130084.73"
"324","N12","32","197837.03","151014.44","130035.5"
"324","N12","33","198921.84","151996.08","130230.54"
"324","N12","34","199989.45","152776.4","130258.67"
"324","N12","35","201096.5","153598.16","130415.67"
"324","N12","36","202305.66","153764.64","130259.414"
"324","N12","37","203093.4","154391.72","130125.39"
"324","N12","38","203890.42","154987.77","130087.125"
"324","N12","39","204956.16","155591.86","130089.93"
"324","N12","40","205981.5","155764.83","130205.64"
"324","N12","41","206877.48","156337.11","130394.695"
"324","N12","42","207680.42","157005.22","130150.01"
"324","N12","43","208409.64","157693.88","130031.9"
"324","N12","44","209038.84","158110.81","130117.37"
"324","N12","45","209924.1","158580.48","130083.87"
"324","N12","46","210538.66","159114.81","130108.516"
"324","N12","47","211437.02","159467.8","130220.125"
"324","N12","48","212217.3","159833.69","130080.34"
"324","N12","49","212886.58","160233.8","129969.32"
"324","N12","50","213577.08","160480.69","129953.695"
"324","N12","51","214517.6","161072.75","129896.484"
"324","N12","52","215249.5","161600.62","129797.4"
"324","N12","53","215842.45","162293.47","129684.99"
"324","N12","54","216427.56","162532.6","129660.0"
"324","N12","55","217086.28","162775.25","129825.21"
"324","N12","56","218038.55","162931.4","129746.234"
"324","N12","57","218837.3","163236.47","129692.58"
"324","N12","58","219413.53","163949.64","129792.64"
"324","N12","59","219711.94","164468.58","129717.945"
"324","N12","60","220387.53","164876.31","129627.38"
"324","N12","61","221023.28","165260.6","129572.83"
"324","N12","62","221649.89","165965.25","129541.2"
"324","N12","63","222442.62","166549.95","129507.0"
"324","N12","64","223216.45","167294.19","129549.54"
"324","N12","65","224281.31","167894.8","129531.336"
"324","N12","66","225205.4","168745.44","129567.984"
"324","N12","67","225912.39","170090.33","129557.79"
"324","N12","68","227028.67","172226.39","129589.234"
"324","N12","69","228407.33","174569.66","129358.484"
"324","N12","70","230098.23","177928.38","129232.836"
"324","N12","71","232206.44","182569.77","129276.2"
"324","N12","72","234997.39","188269.11","129597.84"
"324","N12","73","238386.67","194984.67","129740.73"
"324","N12","74","241495.92","202499.8","129737.016"
"324","N12","75","244589.11","210482.61","129798.31"
"324","N12","76","248263.67","218842.98","129777.79"
"324","N12","77","251694.25","227228.78","129873.29"
"324","N12","78","255916.61","235335.4","130007.45"
"324","N12","79","260208.33","243010.73","130122.805"
"324","N12","80","262777.3","250534.38","130084.57"
"324","N12","81","266236.0","257821.83","129982.73"
"324","N12","82","269757.9","264284.75","129992.805"
"324","N12","83","273664.1","270622.1","130372.88"
"324","N12","84","276819.25","277134.28","130438.01"
"324","N12","85","280153.5","282635.16","130385.43"
"324","N12","86","283693.6","287968.34","130378.3"
"324","N12","87","287246.25","293253.72","130436.695"
"324","N12","88","291067.84","297996.56","130390.805"
"324","N12","89","294604.3","302573.25","130440.35"
"324","N12","90","297115.5","306436.78","130438.79"
"325","N13","1","75308.56","66572.06","129089.164"
"325","N13","2","74890.664","66707.77","128915.35"
"325","N13","3","74578.56","67463.04","128675.2"
"325","N13","4","74405.09","68110.88","128596.39"
"325","N13","5","74217.11","68754.17","128661.41"
"325","N13","6","73943.39","69178.64","128686.195"
"325","N13","7","73882.82","69420.66","128535.91"
"325","N13","8","73957.336","69591.3","128466.336"
"325","N13","9","73794.305","69789.79","128541.19"
"325","N13","10","73738.79","69869.195","128602.89"
"325","N13","11","73753.234","70148.72","128587.01"
"325","N13","12","73708.766","70441.83","128669.58"
"325","N13","13","73772.83","70807.016","128545.086"
"325","N13","14","74229.61","71227.57","128167.84"
"325","N13","15","75136.766","72406.766","128085.16"
"325","N13","16","76748.445","74486.79","128203.8"
"325","N13","17","79122.29","78093.7","128529.84"
"325","N13","18","83363.125","84424.87","128566.19"
"325","N13","19","90489.52","93700.89","128642.74"
"325","N13","20","100707.03","105790.87","128847.66"
"325","N13","21","113346.14","118668.24","128994.766"
"325","N13","22","127250.49","129897.945","129034.805"
"325","N13","23","140687.22","138321.02","128998.65"
"325","N13","24","152876.5","143838.66","128989.836"
"325","N13","25","163312.06","147758.33","129131.2"
"325","N13","26","171850.19","150511.86","129115.87"
"325","N13","27","178267.77","152326.55","129058.1"
"325","N13","28","182759.33","153916.0","129170.76"
"325","N13","29","186169.36","155279.44","129177.96"
"325","N13","30","188845.88","156420.95","129033.48"
"325","N13","31","190481.28","157269.14","128973.59"
"325","N13","32","191513.58","157999.9","129143.09"
"325","N13","33","192801.23","158598.53","129128.76"
"325","N13","34","193875.83","159283.3","128972.19"
"325","N13","35","195002.86","160200.6","128810.516"
"325","N13","36","195765.0","160931.22","128755.414"
"325","N13","37","196324.47","161348.42","128962.33"
"325","N13","38","197123.38","161632.89","129197.2"
"325","N13","39","198229.61","162322.25","129028.59"
"325","N13","40","199097.27","162946.97","128844.164"
"325","N13","41","199585.38","163658.61","128760.31"
"325","N13","42","200069.31","164185.84","128786.69"
"325","N13","43","201138.7","164844.86","128733.1"
"325","N13","44","201823.83","165419.69","128692.7"
"325","N13","45","202347.53","165744.89","128806.47"
"325","N13","46","203042.45","166435.03","128782.38"
"325","N13","47","203848.78","166987.58","128795.49"
"325","N13","48","204530.56","167414.55","128798.984"
"325","N13","49","205289.53","167917.28","128766.375"
"325","N13","50","205876.08","168125.3","128858.08"
"325","N13","51","206659.64","168709.11","128791.19"
"325","N13","52","207480.3","168965.83","128684.67"
"325","N13","53","207956.05","169274.38","128574.65"
"325","N13","54","208410.7","169864.69","128498.4"
"325","N13","55","209039.36","170073.86","128475.34"
"325","N13","56","209774.78","170407.8","128460.6"
"325","N13","57","210468.67","170882.33","128421.5"
"325","N13","58","210796.14","171566.94","128393.086"
"325","N13","59","211367.94","172093.45","128403.12"
"325","N13","60","211984.88","172456.36","128370.99"
"325","N13","61","212588.45","172867.12","128333.79"
"325","N13","62","213230.6","173501.52","128327.07"
"325","N13","63","213876.31","174160.6","128168.766"
"325","N13","64","214442.92","174389.73","128158.35"
"325","N13","65","215130.23","174881.6","128330.625"
"325","N13","66","215727.88","175764.94","128317.78"
"325","N13","67","216315.2","176495.42","128232.96"
"325","N13","68","217056.6","177308.03","128247.305"
"325","N13","69","217709.4","178640.92","128423.336"
"325","N13","70","218726.72","180328.61","128254.086"
"325","N13","71","219682.06","182750.62","128197.31"
"325","N13","72","220989.52","185956.8","128286.234"
"325","N13","73","222550.12","190123.89","128303.66"
"325","N13","74","224709.05","195791.84","128291.39"
"325","N13","75","227002.28","202502.98","128271.13"
"325","N13","76","229805.34","210311.12","128285.766"
"325","N13","77","232666.17","218394.86","128416.51"
"325","N13","78","235720.3","226787.97","128521.836"
"325","N13","79","238803.86","235579.94","128657.94"
"325","N13","80","241780.66","244003.4","128696.46"
"325","N13","81","244411.3","252054.14","128896.984"
"325","N13","82","247308.89","259814.75","128745.32"
"325","N13","83","250796.33","267679.7","128664.016"
"325","N13","84","254184.44","274787.44","128819.57"
"325","N13","85","256711.3","281400.62","129018.586"
"325","N13","86","260251.03","287642.97","128981.07"
"325","N13","87","262871.5","293768.28","128919.26"
"325","N13","88","265796.22","299348.7","129016.414"
"325","N13","89","269027.88","304724.38","129011.0"
"325","N13","90","271921.53","309015.66","128927.78"
"326","N14","1","72721.98","63197.715","127093.92"
"326","N14","2","72531.85","63443.457","126959.914"
"326","N14","3","72304.97","64116.96","126852.3"
"326","N14","4","72081.9","64677.508","126838.36"
"326","N14","5","71911.98","65314.543","126780.63"
"326","N14","6","71862.734","65797.47","126740.55"
"326","N14","7","71889.54","66153.53","126803.086"
"326","N14","8","71866.92","66175.414","126930.086"
"326","N14","9","71817.484","66258.625","126897.86"
"326","N14","10","71745.37","66620.65","126880.29"
"326","N14","11","71786.51","66601.89","127055.41"
"326","N14","12","72074.03","66737.29","127060.07"
"326","N14","13","72334.016","67007.53","126640.61"
"326","N14","14","72583.2","67835.58","126567.484"
"326","N14","15","73421.695","68805.59","126709.484"
"326","N14","16","74883.17","70703.95","126751.734"
"326","N14","17","77600.75","74264.266","126893.14"
"326","N14","18","82378.74","80284.77","126938.484"
"326","N14","19","89676.51","89104.055","127131.6"
"326","N14","20","100108.75","100904.1","127167.19"
"326","N14","21","112962.9","113022.766","127368.22"
"326","N14","22","126899.55","123612.03","127576.57"
"326","N14","23","140646.58","131756.77","127700.94"
"326","N14","24","153405.83","137210.03","127696.12"
"326","N14","25","164057.44","140649.31","127782.7"
"326","N14","26","172416.75","143202.16","127891.91"
"326","N14","27","179083.38","145209.86","127741.05"
"326","N14","28","183705.14","146896.9","127640.016"
"326","N14","29","187010.12","148115.16","127749.125"
"326","N14","30","189434.44","149057.6","127856.74"
"326","N14","31","191229.69","149593.81","127798.516"
"326","N14","32","192664.06","150427.92","127739.414"
"326","N14","33","193853.78","151239.75","127818.1"
"326","N14","34","194928.6","151908.69","127791.7"
"326","N14","35","195821.02","152671.73","127838.91"
"326","N14","36","196655.23","153309.36","127878.984"
"326","N14","37","197562.56","154175.53","127838.125"
"326","N14","38","198688.45","154409.47","127956.445"
"326","N14","39","199263.98","154987.83","127883.21"
"326","N14","40","200080.38","155522.7","127793.88"
"326","N14","41","200973.88","156099.55","127790.49"
"326","N14","42","201708.33","156421.38","127822.26"
"326","N14","43","202478.16","157088.22","127708.03"
"326","N14","44","203337.48","157782.92","127487.445"
"326","N14","45","204164.47","157994.83","127450.17"
"326","N14","46","204841.14","158366.7","127773.27"
"326","N14","47","205560.05","158844.4","127809.54"
"326","N14","48","206114.53","159184.92","127568.74"
"326","N14","49","207156.48","159707.03","127428.625"
"326","N14","50","207760.36","160422.81","127433.18"
"326","N14","51","208200.4","160576.47","127598.195"
"326","N14","52","208668.33","161031.56","127581.96"
"326","N14","53","209541.39","161577.9","127539.5"
"326","N14","54","210127.16","162172.6","127441.79"
"326","N14","55","210965.25","162024.31","127410.76"
"326","N14","56","211567.11","162382.56","127546.9"
"326","N14","57","211949.78","163152.84","127370.836"
"326","N14","58","212828.23","163717.6","127246.65"
"326","N14","59","213360.28","163769.83","127231.97"
"326","N14","60","213877.44","164147.53","127272.266"
"326","N14","61","214661.47","164694.11","127279.34"
"326","N14","62","215246.25","165063.89","127233.55"
"326","N14","63","215774.53","165688.75","127279.13"
"326","N14","64","216507.47","165970.92","127274.28"
"326","N14","65","216937.8","166464.03","127413.34"
"326","N14","66","217667.72","167059.05","127332.38"
"326","N14","67","218454.95","167325.98","127233.91"
"326","N14","68","219070.16","168068.2","127195.37"
"326","N14","69","219517.62","169062.27","127148.805"
"326","N14","70","220523.58","169920.94","127195.12"
"326","N14","71","221355.36","170868.56","127140.26"
"326","N14","72","222564.39","172477.7","127070.14"
"326","N14","73","223647.36","174819.9","126970.42"
"326","N14","74","224897.69","177905.97","126910.94"
"326","N14","75","226898.69","181743.7","127021.85"
"326","N14","76","229197.75","187029.34","127355.375"
"326","N14","77","231881.94","192951.55","127410.41"
"326","N14","78","234929.23","199751.42","127354.08"
"326","N14","79","238321.95","207726.5","127399.2"
"326","N14","80","241760.97","215644.1","127385.74"
"326","N14","81","245292.28","224043.78","127560.86"
"326","N14","82","248853.97","232022.61","127706.34"
"326","N14","83","252198.67","239818.83","127777.83"
"326","N14","84","255675.9","247777.9","127927.74"
"326","N14","85","258927.95","254999.52","128015.586"
"326","N14","86","262422.88","261753.77","128128.695"
"326","N14","87","266164.88","268169.9","127877.62"
"326","N14","88","269679.28","274206.72","127819.43"
"326","N14","89","273089.56","279882.66","128216.86"
"326","N14","90","276197.53","284479.2","128370.72"
"327","N15","1","77658.04","66314.234","131456.77"
"327","N15","2","77404.875","66378.15","131311.31"
"327","N15","3","77133.61","67081.47","131215.94"
"327","N15","4","76947.586","67871.95","131311.1"
"327","N15","5","76900.77","68267.34","131248.66"
"327","N15","6","76926.83","68469.445","131208.67"
"327","N15","7","76831.6","68584.41","131336.61"
"327","N15","8","76833.73","68792.266","131326.69"
"327","N15","9","76953.66","69238.65","131310.2"
"327","N15","10","77012.79","69479.06","131237.88"
"327","N15","11","77259.81","69638.96","131160.14"
"327","N15","12","77361.62","70022.96","131113.45"
"327","N15","13","77396.24","70416.21","131195.98"
"327","N15","14","77845.44","70597.266","131273.3"
"327","N15","15","78725.73","71559.5","131225.45"
"327","N15","16","80239.28","73993.55","131180.23"
"327","N15","17","82922.77","77720.016","131127.83"
"327","N15","18","87707.414","83707.766","131213.4"
"327","N15","19","95140.93","93146.09","131487.78"
"327","N15","20","105753.234","105246.28","131489.69"
"327","N15","21","118855.03","118133.59","131519.27"
"327","N15","22","133299.53","129430.25","131656.39"
"327","N15","23","147378.95","137527.25","131817.44"
"327","N15","24","160114.5","142936.58","131774.27"
"327","N15","25","170967.33","146505.56","131751.4"
"327","N15","26","179811.31","149623.84","131660.66"
"327","N15","27","186399.94","151741.08","131572.83"
"327","N15","28","191379.61","152978.14","131575.69"
"327","N15","29","194837.25","154082.25","131916.92"
"327","N15","30","197240.33","155332.38","131966.77"
"327","N15","31","199123.47","156193.45","131910.83"
"327","N15","32","200675.38","157124.66","132021.61"
"327","N15","33","201747.34","157879.45","131992.19"
"327","N15","34","202935.48","158631.05","132015.88"
"327","N15","35","204017.31","159252.05","131913.67"
"327","N15","36","204892.23","159837.95","131829.34"
"327","N15","37","205969.81","160154.08","131858.94"
"327","N15","38","206731.27","160682.45","131610.66"
"327","N15","39","207271.7","161427.28","131564.8"
"327","N15","40","208329.88","162001.19","131898.06"
"327","N15","41","209267.9","162630.55","131895.92"
"327","N15","42","209902.14","163004.11","131772.14"
"327","N15","43","210519.17","163559.11","131381.69"
"327","N15","44","211441.44","164370.2","131296.5"
"327","N15","45","212170.42","164781.62","131540.86"
"327","N15","46","212801.78","165101.83","131530.34"
"327","N15","47","213358.39","165706.88","131507.3"
"327","N15","48","214120.05","166058.17","131496.4"
"327","N15","49","214834.1","166420.97","131375.78"
"327","N15","50","215281.73","166742.78","131317.14"
"327","N15","51","215975.36","167356.52","131418.66"
"327","N15","52","216537.61","167816.72","131343.53"
"327","N15","53","217141.52","168744.52","131158.36"
"327","N15","54","217737.31","169216.39","131114.52"
"327","N15","55","218553.77","169209.38","131303.38"
"327","N15","56","219493.5","169437.22","131367.64"
"327","N15","57","219987.89","170408.81","131214.84"
"327","N15","58","220317.08","170531.06","131127.11"
"327","N15","59","220876.94","170965.14","131122.97"
"327","N15","60","221589.5","171362.86","131081.31"
"327","N15","61","222050.89","171890.83","131080.3"
"327","N15","62","222473.75","172338.23","131084.56"
"327","N15","63","223215.27","172478.53","131177.3"
"327","N15","64","223715.88","172864.61","131000.05"
"327","N15","65","224248.67","173708.84","130937.95"
"327","N15","66","225042.38","174061.31","131032.4"
"327","N15","67","225474.2","174636.3","131004.6"
"327","N15","68","226242.64","175025.34","130945.46"
"327","N15","69","226907.58","175419.81","130907.66"
"327","N15","70","227624.06","176178.38","130869.22"
"327","N15","71","228207.88","177066.17","130860.84"
"327","N15","72","228894.69","177941.22","130851.77"
"327","N15","73","229617.14","179520.64","130896.96"
"327","N15","74","230286.52","181380.19","130775.3"
"327","N15","75","231372.31","184499.72","130693.47"
"327","N15","76","232930.16","188478.98","130725.04"
"327","N15","77","234734.9","193162.94","130907.5"
"327","N15","78","236860.9","198990.39","130928.36"
"327","N15","79","239448.11","205887.88","130881.88"
"327","N15","80","241960.0","213482.73","130893.16"
"327","N15","81","244686.05","222254.39","131086.12"
"327","N15","82","247654.7","230518.92","131123.31"
"327","N15","83","250578.84","239124.58","131260.44"
"327","N15","84","253379.2","247562.84","131315.25"
"327","N15","85","256501.31","255560.95","131387.19"
"327","N15","86","259514.48","263240.06","131399.78"
"327","N15","87","262418.78","270450.22","131547.12"
"327","N15","88","265544.53","276725.97","131536.05"
"327","N15","89","268587.53","283349.88","131612.16"
"327","N15","90","270996.22","288730.16","131672.61"
"328","N16","1","78431.3","66264.75","132566.6"
"328","N16","2","78302.945","66343.15","132397.19"
"328","N16","3","78096.44","67229.03","132241.9"
"328","N16","4","77911.58","67785.91","132220.84"
"328","N16","5","77696.96","68514.64","132169.89"
"328","N16","6","77560.92","68671.76","132218.9"
"328","N16","7","77472.13","68920.336","132167.89"
"328","N16","8","77347.234","69245.54","132136.1"
"328","N16","9","77158.37","69388.625","131991.98"
"328","N16","10","77176.04","69561.445","131931.23"
"328","N16","11","77459.26","69740.195","132072.45"
"328","N16","12","77670.75","69841.49","132129.48"
"328","N16","13","77916.14","70283.34","132079.45"
"328","N16","14","78449.63","70884.7","132109.9"
"328","N16","15","79001.664","72028.83","132095.34"
"328","N16","16","80497.86","74112.69","132059.4"
"328","N16","17","83439.34","77591.27","131979.53"
"328","N16","18","88098.49","83652.445","131961.52"
"328","N16","19","95585.16","93099.64","132199.22"
"328","N16","20","106319.18","104967.88","132343.66"
"328","N16","21","119515.1","117986.805","132576.02"
"328","N16","22","133766.16","129342.61","132539.2"
"328","N16","23","147682.4","137903.67","132545.34"
"328","N16","24","160744.22","143510.62","132769.36"
"328","N16","25","171612.89","147310.08","132915.17"
"328","N16","26","180261.2","150007.33","132899.5"
"328","N16","27","187094.34","152059.58","132823.98"
"328","N16","28","192014.92","153419.0","132730.28"
"328","N16","29","195619.23","154514.77","132681.69"
"328","N16","30","197876.66","155455.69","132881.31"
"328","N16","31","199607.45","156430.86","132848.92"
"328","N16","32","201193.42","157492.61","132881.12"
"328","N16","33","202518.78","158713.48","132943.2"
"328","N16","34","203521.39","159525.38","132876.28"
"328","N16","35","204411.95","159817.19","132833.58"
"328","N16","36","205350.58","160266.6","132859.84"
"328","N16","37","206278.44","161078.66","132792.8"
"328","N16","38","207323.75","161456.64","132839.94"
"328","N16","39","208253.92","162304.45","132856.0"
"328","N16","40","208985.2","162694.89","132924.28"
"328","N16","41","209854.72","163476.5","132822.38"
"328","N16","42","210421.1","163562.81","132734.44"
"328","N16","43","211055.8","164161.52","132840.22"
"328","N16","44","211960.61","164712.31","132793.25"
"328","N16","45","212731.64","165376.3","132751.38"
"328","N16","46","213386.47","165863.48","132845.33"
"328","N16","47","214022.05","166089.0","132763.62"
"328","N16","48","214750.94","166778.56","132646.3"
"328","N16","49","215343.48","167263.72","132569.03"
"328","N16","50","216249.94","167720.06","132309.7"
"328","N16","51","216944.69","168369.61","132190.72"
"328","N16","52","217602.42","168781.95","132228.28"
"328","N16","53","218174.92","169105.08","132163.53"
"328","N16","54","218726.66","169676.58","132107.12"
"328","N16","55","219442.28","169936.03","132095.22"
"328","N16","56","219952.53","170169.08","132289.39"
"328","N16","57","220344.16","170650.86","132324.55"
"328","N16","58","221101.6","171012.11","132241.44"
"328","N16","59","221638.84","171488.73","132191.3"
"328","N16","60","221950.23","172012.25","132166.97"
"328","N16","61","222502.56","172648.88","132297.72"
"328","N16","62","223425.84","172733.69","132058.98"
"328","N16","63","223860.14","173224.02","131949.81"
"328","N16","64","224507.9","173619.53","132085.44"
"328","N16","65","225081.94","174161.25","132296.69"
"328","N16","66","225758.97","174458.66","132244.14"
"328","N16","67","226314.47","174909.75","132086.77"
"328","N16","68","226690.11","175239.8","131968.38"
"328","N16","69","227161.61","175682.67","131860.27"
"328","N16","70","227923.19","176175.36","131812.11"
"328","N16","71","228499.33","176413.55","131944.86"
"328","N16","72","229052.52","176785.66","132056.28"
"328","N16","73","229797.66","177155.22","131892.97"
"328","N16","74","230294.88","177603.42","131760.77"
"328","N16","75","230575.9","178264.52","131700.16"
"328","N16","76","231085.83","178600.66","131715.28"
"328","N16","77","231578.92","179138.42","131709.33"
"328","N16","78","232193.28","179570.97","131820.38"
"328","N16","79","232828.81","179980.75","131772.48"
"328","N16","80","233456.48","180782.1","131692.33"
"328","N16","81","233837.0","181250.55","131627.14"
"328","N16","82","234199.31","181701.23","131573.0"
"328","N16","83","234764.22","182406.95","131560.61"
"328","N16","84","235723.06","183290.53","131554.58"
"328","N16","85","236100.97","184636.67","131484.06"
"328","N16","86","236573.62","186485.52","131339.67"
"328","N16","87","237097.03","188750.61","131340.92"
"328","N16","88","238050.7","191004.69","131478.28"
"328","N16","89","238893.58","194527.23","131459.38"
"328","N16","90","239709.64","199056.66","131418.47"
"329","N17","1","76241.086","55298.473","139394.17"
"329","N17","2","75972.23","55300.36","138928.84"
"329","N17","3","75492.22","55424.504","138560.47"
"329","N17","4","75348.55","55797.57","138423.28"
"329","N17","5","75289.68","55959.688","138294.6"
"329","N17","6","75178.74","56284.027","138289.92"
"329","N17","7","75038.234","56463.715","138263.22"
"329","N17","8","75087.43","56597.953","138369.44"
"329","N17","9","75400.44","56687.2","138319.06"
"329","N17","10","75399.36","56861.04","138318.31"
"329","N17","11","75320.45","56985.668","138434.52"
"329","N17","12","75244.92","57037.33","138567.05"
"329","N17","13","75233.8","57058.297","138412.14"
"329","N17","14","75368.64","57066.254","138230.1"
"329","N17","15","75407.58","57022.105","138168.8"
"329","N17","16","75661.305","57223.477","138347.02"
"329","N17","17","76019.94","57347.797","138250.89"
"329","N17","18","76491.27","57634.508","138063.47"
"329","N17","19","77844.516","57859.285","137941.89"
"329","N17","20","80547.05","58267.48","138028.9"
"329","N17","21","84906.98","59162.438","138150.27"
"329","N17","22","91915.734","60799.344","138074.55"
"329","N17","23","102690.54","63230.5","138074.02"
"329","N17","24","117543.96","66681.96","138058.19"
"329","N17","25","135550.27","70817.125","137947.8"
"329","N17","26","154911.56","75484.52","137889.97"
"329","N17","27","172907.4","79499.164","137780.66"
"329","N17","28","188144.0","82200.8","137717.47"
"329","N17","29","200151.69","83863.4","137656.66"
"329","N17","30","209658.73","85238.734","137774.64"
"329","N17","31","217252.61","86355.695","137772.62"
"329","N17","32","223941.53","87172.875","137966.95"
"329","N17","33","228960.56","87934.62","137902.33"
"329","N17","34","232938.94","88246.58","137674.06"
"329","N17","35","235589.55","88757.99","137555.27"
"329","N17","36","237949.4","89487.54","137670.89"
"329","N17","37","240080.48","90030.59","137867.23"
"329","N17","38","241769.88","90234.85","137859.34"
"329","N17","39","243120.4","90702.96","137849.38"
"329","N17","40","244258.17","90895.65","137904.78"
"329","N17","41","245014.19","91471.65","137811.56"
"329","N17","42","245628.12","92226.95","137733.52"
"329","N17","43","246693.38","92506.93","137771.2"
"329","N17","44","247566.31","92609.54","137757.36"
"329","N17","45","248020.5","93119.805","137652.98"
"329","N17","46","248811.73","93669.555","137592.1"
"329","N17","47","249461.36","93905.79","137502.64"
"329","N17","48","249921.84","94269.4","137490.62"
"329","N17","49","250399.1","94514.64","137428.55"
"329","N17","50","250840.84","94965.664","137468.19"
"329","N17","51","251302.25","95469.31","137403.14"
"329","N17","52","252077.58","95745.4","137373.1"
"329","N17","53","252441.34","96117.97","137245.31"
"329","N17","54","252568.06","96249.24","137125.31"
"329","N17","55","253019.1","96562.75","137102.02"
"329","N17","56","253722.62","96975.83","137182.94"
"329","N17","57","254232.81","97228.42","136864.6"
"329","N17","58","254700.02","97376.43","136800.45"
"329","N17","59","255082.1","97794.914","137081.03"
"329","N17","60","255725.55","98358.4","136996.0"
"329","N17","61","256452.97","99141.44","136805.16"
"329","N17","62","257033.73","100168.74","136725.48"
"329","N17","63","258640.52","101017.01","136751.7"
"329","N17","64","260356.45","102560.445","136679.98"
"329","N17","65","262637.28","104566.77","136642.4"
"329","N17","66","266088.16","106417.516","136757.23"
"329","N17","67","270315.2","108995.68","136760.8"
"329","N17","68","275074.66","112424.28","136769.86"
"329","N17","69","281334.84","116304.32","136959.39"
"329","N17","70","288468.84","119750.445","136876.62"
"329","N17","71","295656.84","123794.76","136802.92"
"329","N17","72","303803.38","128018.5","136829.58"
"329","N17","73","312271.34","132336.34","136683.03"
"329","N17","74","320837.03","136589.62","136622.64"
"329","N17","75","329760.9","140935.17","136721.3"
"329","N17","76","338691.84","145484.56","136727.03"
"329","N17","77","347866.75","149903.67","136679.94"
"329","N17","78","356750.3","154365.16","136561.7"
"329","N17","79","366291.94","158514.3","136530.84"
"329","N17","80","375900.94","162718.98","136680.6"
"329","N17","81","384591.25","167305.92","136729.11"
"329","N17","82","393448.9","171813.94","136730.33"
"329","N17","83","402168.44","176250.47","136908.86"
"329","N17","84","411997.8","180716.61","136873.7"
"329","N17","85","421873.56","185136.69","136768.28"
"329","N17","86","430203.7","189648.3","136617.11"
"329","N17","87","438609.75","194131.56","136297.34"
"329","N17","88","447309.97","198354.69","136299.67"
"329","N17","89","455450.72","202510.66","136610.83"
"329","N17","90","462650.47","206144.67","136635.94"
"330","N18","1","71964.26","55989.5","138499.69"
"330","N18","2","71762.86","56054.016","138324.16"
"330","N18","3","71400.8","56180.637","137818.73"
"330","N18","4","71105.766","56665.562","137542.95"
"330","N18","5","70869.77","56758.637","137466.7"
"330","N18","6","70783.266","57036.797","137490.17"
"330","N18","7","70781.08","57565.695","137292.97"
"330","N18","8","70840.14","57653.66","137245.39"
"330","N18","9","70919.37","57818.086","137432.6"
"330","N18","10","70948.19","57756.707","137520.47"
"330","N18","11","70910.61","57688.383","137440.45"
"330","N18","12","70813.96","57932.773","137343.17"
"330","N18","13","70824.805","58076.44","137224.97"
"330","N18","14","71022.41","58164.99","137227.67"
"330","N18","15","71204.43","58187.164","137461.9"
"330","N18","16","71411.86","58103.38","137484.7"
"330","N18","17","71883.7","58230.305","137541.02"
"330","N18","18","72514.234","58474.91","137531.27"
"330","N18","19","73830.73","58897.535","137436.72"
"330","N18","20","75970.2","59445.562","137283.55"
"330","N18","21","79448.89","60367.977","137274.36"
"330","N18","22","85152.664","61668.88","137507.95"
"330","N18","23","93814.195","64304.168","137484.03"
"330","N18","24","105936.34","68283.89","137351.72"
"330","N18","25","121024.74","73527.78","137315.72"
"330","N18","26","138216.53","78804.97","137443.78"
"330","N18","27","155764.3","84340.66","137473.34"
"330","N18","28","171525.2","88669.414","137670.61"
"330","N18","29","184521.16","91337.445","138007.06"
"330","N18","30","194606.1","93250.09","138082.4"
"330","N18","31","202775.14","94822.49","137950.58"
"330","N18","32","209366.72","95912.35","137843.81"
"330","N18","33","214612.16","96523.57","137826.23"
"330","N18","34","218816.62","97463.38","137800.81"
"330","N18","35","221758.83","98339.95","137821.62"
"330","N18","36","224062.97","98819.95","138015.22"
"330","N18","37","226059.28","99424.23","137984.64"
"330","N18","38","227606.64","99768.234","137919.33"
"330","N18","39","228826.23","100519.83","137731.94"
"330","N18","40","230038.5","100901.84","137678.44"
"330","N18","41","230986.8","101307.09","137875.98"
"330","N18","42","231752.97","101762.375","137841.56"
"330","N18","43","232594.23","102359.26","137679.2"
"330","N18","44","233624.72","102550.28","137612.42"
"330","N18","45","234030.75","102914.1","137653.14"
"330","N18","46","234739.31","103355.875","137386.4"
"330","N18","47","235577.62","103607.336","137328.25"
"330","N18","48","235866.4","104008.54","137540.0"
"330","N18","49","236419.14","104480.69","137523.16"
"330","N18","50","237019.58","105246.76","137468.48"
"330","N18","51","237249.16","105578.27","137492.17"
"330","N18","52","237757.55","105817.62","137447.75"
"330","N18","53","238305.7","106268.82","137374.42"
"330","N18","54","238884.28","106533.02","137330.61"
"330","N18","55","239146.28","106616.35","137317.78"
"330","N18","56","239764.89","107188.1","137036.73"
"330","N18","57","240240.8","107967.49","137009.44"
"330","N18","58","240583.77","107988.0","137173.67"
"330","N18","59","241203.38","108211.055","137071.12"
"330","N18","60","241708.03","108720.6","136978.98"
"330","N18","61","242257.73","109516.92","136966.97"
"330","N18","62","242954.78","110062.32","137022.16"
"330","N18","63","243766.3","110981.03","137152.27"
"330","N18","64","244885.36","112073.89","137154.03"
"330","N18","65","246755.88","113386.984","137156.42"
"330","N18","66","248784.61","115350.08","137109.75"
"330","N18","67","251769.86","117853.49","137026.44"
"330","N18","68","255498.25","120634.44","137016.28"
"330","N18","69","260104.95","124215.016","137096.1"
"330","N18","70","265347.84","127962.695","137111.94"
"330","N18","71","271321.25","132046.72","137192.6"
"330","N18","72","277906.2","136581.9","137186.02"
"330","N18","73","284596.84","141365.92","137153.03"
"330","N18","74","291536.56","146110.25","137180.52"
"330","N18","75","298995.4","151089.22","137196.73"
"330","N18","76","306368.72","155811.77","137207.03"
"330","N18","77","314040.5","160410.0","137361.83"
"330","N18","78","322314.9","164948.62","137325.95"
"330","N18","79","330391.47","169655.73","137172.42"
"330","N18","80","338195.78","174852.28","137133.42"
"330","N18","81","346757.25","179629.44","137220.47"
"330","N18","82","355349.4","184484.52","137283.05"
"330","N18","83","363683.94","189118.98","137575.08"
"330","N18","84","372018.56","193981.88","137588.2"
"330","N18","85","381200.3","198825.89","137531.14"
"330","N18","86","389777.94","203439.73","137605.44"
"330","N18","87","398475.47","207754.14","137688.11"
"330","N18","88","407403.9","212224.39","137661.67"
"330","N18","89","415624.66","216984.73","137675.16"
"330","N18","90","423061.47","221305.95","137616.6"
"331","N19","1","75596.945","55985.15","141078.83"
"331","N19","2","75469.445","56092.184","140706.84"
"331","N19","3","75143.84","56491.57","140433.72"
"331","N19","4","75020.58","56797.633","140388.52"
"331","N19","5","74976.73","57023.723","140328.17"
"331","N19","6","74807.67","57403.97","140240.69"
"331","N19","7","74577.3","57676.676","140225.64"
"331","N19","8","74590.81","57838.61","140227.72"
"331","N19","9","74850.086","57881.176","140495.7"
"331","N19","10","74884.71","57930.746","140466.7"
"331","N19","11","74845.2","58146.367","140390.88"
"331","N19","12","74859.76","58072.145","140333.22"
"331","N19","13","74966.92","57997.992","140271.42"
"331","N19","14","74961.61","58036.71","140348.89"
"331","N19","15","74944.3","58251.39","140326.72"
"331","N19","16","75195.47","58265.062","140426.1"
"331","N19","17","75698.414","58380.523","140404.2"
"331","N19","18","76139.5","58423.074","140488.61"
"331","N19","19","77241.94","58835.008","140389.9"
"331","N19","20","79251.336","59620.242","140271.44"
"331","N19","21","82488.46","60595.863","140256.78"
"331","N19","22","87933.91","62000.74","140415.67"
"331","N19","23","96010.445","64606.1","140650.9"
"331","N19","24","106462.62","68403.28","140509.03"
"331","N19","25","119629.94","73588.766","140415.19"
"331","N19","26","134692.12","79642.93","140538.75"
"331","N19","27","150455.23","85988.95","140474.94"
"331","N19","28","165955.22","91256.93","140417.75"
"331","N19","29","179782.72","95393.37","140465.72"
"331","N19","30","191267.08","98226.8","140528.27"
"331","N19","31","199902.52","99976.44","140462.05"
"331","N19","32","206830.39","101335.24","140451.81"
"331","N19","33","212138.58","102242.78","140408.16"
"331","N19","34","216361.17","102886.78","140517.4"
"331","N19","35","219567.52","103710.125","140479.06"
"331","N19","36","221808.95","104314.37","140491.28"
"331","N19","37","223679.7","105065.21","140388.75"
"331","N19","38","225228.72","105408.21","140323.7"
"331","N19","39","226701.27","105776.95","140456.03"
"331","N19","40","228085.23","105983.625","140347.6"
"331","N19","41","228791.94","106724.3","140163.17"
"331","N19","42","229380.2","107008.56","140106.38"
"331","N19","43","230279.92","107530.125","140288.39"
"331","N19","44","230965.67","108187.98","140261.17"
"331","N19","45","231767.95","108454.94","140167.66"
"331","N19","46","232433.55","108636.21","140063.73"
"331","N19","47","232876.02","108943.5","140001.12"
"331","N19","48","233418.86","109260.96","139982.0"
"331","N19","49","233853.94","109597.08","139882.6"
"331","N19","50","234416.66","110170.66","139849.23"
"331","N19","51","234775.72","110488.09","140058.33"
"331","N19","52","235285.66","110572.484","140102.92"
"331","N19","53","236063.36","111128.38","139855.11"
"331","N19","54","236265.98","111750.805","139733.81"
"331","N19","55","236703.23","112033.87","139705.73"
"331","N19","56","236898.94","112466.63","139655.39"
"331","N19","57","237206.61","112625.016","139640.42"
"331","N19","58","237879.78","113102.46","139547.16"
"331","N19","59","237979.42","113333.914","139485.52"
"331","N19","60","238698.52","113774.4","139480.1"
"331","N19","61","239273.5","114555.984","139436.64"
"331","N19","62","239483.33","114975.33","139435.16"
"331","N19","63","240322.67","115273.8","139590.3"
"331","N19","64","241065.02","116045.22","139582.4"
"331","N19","65","241914.2","117353.23","139556.75"
"331","N19","66","243588.62","118930.734","139532.5"
"331","N19","67","245410.45","120708.14","139598.22"
"331","N19","68","248282.7","123187.914","139572.64"
"331","N19","69","251582.52","126159.805","139509.14"
"331","N19","70","255707.8","129691.414","139277.95"
"331","N19","71","260430.69","133524.95","139211.39"
"331","N19","72","265807.72","138093.06","139216.61"
"331","N19","73","271406.6","142902.2","139252.88"
"331","N19","74","277479.53","148279.25","139323.72"
"331","N19","75","283671.06","153390.25","139621.97"
"331","N19","76","289897.5","158160.4","139647.38"
"331","N19","77","296984.6","163270.67","139555.56"
"331","N19","78","303862.66","168522.38","139410.69"
"331","N19","79","310837.25","173556.11","139404.19"
"331","N19","80","318527.66","178507.22","139591.38"
"331","N19","81","326014.62","183743.84","139517.22"
"331","N19","82","333521.72","188846.67","139500.9"
"331","N19","83","340842.88","194069.47","139698.33"
"331","N19","84","348861.62","198829.97","139650.1"
"331","N19","85","357248.16","203555.11","139398.88"
"331","N19","86","366065.3","208217.47","139362.39"
"331","N19","87","374773.84","212626.53","139568.47"
"331","N19","88","383053.44","217541.1","139670.47"
"331","N19","89","391742.47","222058.36","139610.92"
"331","N19","90","399261.0","225604.45","139545.11"
"332","N20","1","73931.67","56784.996","139845.45"
"332","N20","2","73625.97","56934.895","139637.9"
"332","N20","3","73397.63","57285.535","139477.36"
"332","N20","4","73252.77","57390.51","139454.48"
"332","N20","5","73192.836","57791.625","139357.03"
"332","N20","6","73185.1","58271.207","139173.2"
"332","N20","7","73173.125","58598.254","139147.72"
"332","N20","8","73191.09","58619.664","139353.38"
"332","N20","9","73085.37","58835.766","139424.19"
"332","N20","10","73079.46","59109.062","139432.45"
"332","N20","11","73164.79","59066.71","139375.12"
"332","N20","12","73109.12","59064.062","139357.11"
"332","N20","13","73128.52","59063.508","139395.11"
"332","N20","14","73322.69","58941.594","139365.2"
"332","N20","15","73409.07","58954.938","139160.97"
"332","N20","16","73699.82","59145.684","139100.34"
"332","N20","17","73864.94","59296.402","139180.55"
"332","N20","18","74584.664","59483.59","139197.61"
"332","N20","19","75537.984","59900.098","139320.3"
"332","N20","20","77498.336","60188.75","139283.28"
"332","N20","21","80567.586","61293.42","139182.23"
"332","N20","22","85780.75","62831.188","139129.75"
"332","N20","23","93281.54","65555.31","139140.39"
"332","N20","24","102925.8","69479.016","139103.44"
"332","N20","25","114937.0","74567.055","139065.89"
"332","N20","26","128087.96","80666.914","139140.9"
"332","N20","27","141775.72","87502.12","139567.5"
"332","N20","28","155746.27","94014.31","139622.4"
"332","N20","29","169191.44","99135.39","139671.33"
"332","N20","30","180588.03","102626.766","139689.02"
"332","N20","31","189487.69","105104.414","139562.42"
"332","N20","32","196547.97","106617.32","139534.44"
"332","N20","33","201726.19","107768.266","139764.28"
"332","N20","34","205854.45","108507.95","139779.4"
"332","N20","35","209126.2","109163.37","139852.4"
"332","N20","36","211567.3","109629.8","139817.16"
"332","N20","37","213346.67","110087.33","139856.12"
"332","N20","38","214882.58","110748.914","139824.77"
"332","N20","39","216161.02","111161.33","139821.38"
"332","N20","40","217389.36","111485.98","139879.52"
"332","N20","41","218609.67","112170.78","139822.8"
"332","N20","42","219181.69","112609.96","139805.6"
"332","N20","43","219646.36","113139.67","139758.1"
"332","N20","44","220297.33","113392.36","139699.1"
"332","N20","45","220901.1","113630.15","139390.52"
"332","N20","46","221303.47","114002.46","139290.12"
"332","N20","47","222348.89","114482.99","139428.0"
"332","N20","48","222712.44","114881.88","139616.38"
"332","N20","49","223285.92","115143.984","139577.19"
"332","N20","50","223732.55","115358.6","139501.31"
"332","N20","51","224291.62","115872.79","139446.39"
"332","N20","52","224619.84","116489.016","139347.4"
"332","N20","53","225111.25","116689.805","139279.53"
"332","N20","54","225078.61","116791.016","139272.28"
"332","N20","55","225535.67","117210.02","139224.72"
"332","N20","56","226089.69","117754.73","139200.9"
"332","N20","57","226311.39","117766.82","139248.44"
"332","N20","58","226791.3","118219.086","139402.19"
"332","N20","59","227100.39","118653.695","139241.1"
"332","N20","60","227340.72","118837.61","139181.3"
"332","N20","61","228132.25","118941.22","139324.14"
"332","N20","62","228605.08","119560.63","139378.02"
"332","N20","63","229044.14","120262.586","139132.83"
"332","N20","64","229583.56","120709.32","139000.75"
"332","N20","65","230034.44","121679.234","138930.52"
"332","N20","66","230735.88","122941.95","138901.88"
"332","N20","67","232078.14","124203.06","138886.42"
"332","N20","68","233890.08","126111.93","138911.47"
"332","N20","69","236455.23","128455.62","139026.69"
"332","N20","70","239346.88","131509.36","139029.23"
"332","N20","71","242691.53","135199.2","139032.11"
"332","N20","72","246884.5","139811.81","139054.56"
"332","N20","73","251299.33","144851.23","139172.56"
"332","N20","74","256005.97","149870.36","139174.83"
"332","N20","75","260915.45","155124.39","139165.27"
"332","N20","76","266307.8","160581.94","138958.9"
"332","N20","77","271962.88","165452.31","138944.6"
"332","N20","78","277426.2","171007.64","139177.56"
"332","N20","79","283452.78","176044.66","139296.06"
"332","N20","80","290648.6","181498.69","139020.19"
"332","N20","81","296728.97","186565.1","139016.84"
"332","N20","82","302869.7","192040.33","139315.81"
"332","N20","83","309423.25","197007.53","139148.84"
"332","N20","84","316715.7","202043.6","139062.27"
"332","N20","85","323874.56","207207.47","139109.05"
"332","N20","86","331079.84","212001.05","139178.67"
"332","N20","87","338404.38","216769.22","139209.95"
"332","N20","88","346385.44","221549.81","139409.25"
"332","N20","89","354182.78","226318.94","139368.53"
"332","N20","90","360908.28","230251.8","139292.66"
"333","N21","1","75273.55","63680.58","137083.78"
"333","N21","2","74891.91","63709.96","136731.36"
"333","N21","3","74546.67","64109.742","136361.0"
"333","N21","4","74135.695","64607.754","136233.58"
"333","N21","5","73895.56","65176.633","136215.69"
"333","N21","6","73851.99","65475.715","136243.34"
"333","N21","7","73862.234","65644.984","136318.75"
"333","N21","8","73890.15","65691.67","136449.7"
"333","N21","9","74024.52","65807.96","136468.42"
"333","N21","10","73994.49","65980.72","136589.28"
"333","N21","11","73864.27","66003.96","136722.03"
"333","N21","12","73905.25","66375.15","136757.03"
"333","N21","13","74155.414","66433.99","136722.02"
"333","N21","14","74034.46","66483.35","136738.52"
"333","N21","15","73975.04","66454.08","136583.02"
"333","N21","16","74074.74","66772.016","136549.75"
"333","N21","17","74376.9","66935.66","136745.78"
"333","N21","18","75108.68","67081.516","136783.92"
"333","N21","19","76349.88","67098.51","136729.72"
"333","N21","20","78106.305","67828.63","136723.94"
"333","N21","21","80730.27","69159.98","136939.2"
"333","N21","22","85615.7","70629.12","136926.05"
"333","N21","23","92638.19","73439.016","136868.23"
"333","N21","24","101916.65","77775.56","136961.53"
"333","N21","25","112431.77","83708.83","137062.83"
"333","N21","26","123671.1","90361.45","137097.78"
"333","N21","27","135470.5","97508.53","137038.92"
"333","N21","28","147389.45","104369.51","137080.83"
"333","N21","29","158456.2","110357.586","137196.22"
"333","N21","30","168518.77","114968.41","137234.5"
"333","N21","31","177303.84","118065.305","137394.45"
"333","N21","32","183767.23","120322.36","137410.64"
"333","N21","33","188685.45","122136.46","137390.64"
"333","N21","34","192542.58","123067.15","137321.4"
"333","N21","35","195174.14","123810.58","137360.2"
"333","N21","36","197221.98","124691.45","137334.0"
"333","N21","37","198856.34","125179.74","137258.86"
"333","N21","38","200350.33","125925.66","137300.14"
"333","N21","39","201349.55","126295.96","137340.75"
"333","N21","40","202379.0","126741.86","137414.73"
"333","N21","41","203328.77","127572.305","137339.39"
"333","N21","42","204016.08","128063.3","137303.25"
"333","N21","43","204895.06","128288.16","137347.2"
"333","N21","44","205348.12","128919.98","137166.03"
"333","N21","45","205708.58","129486.734","137037.28"
"333","N21","46","206199.12","129903.12","136976.4"
"333","N21","47","206644.3","130218.82","136924.02"
"333","N21","48","207124.72","130686.08","137078.94"
"333","N21","49","207569.22","130813.1","137388.11"
"333","N21","50","207691.55","131652.28","137297.16"
"333","N21","51","207769.72","132184.9","137055.72"
"333","N21","52","208266.27","132357.73","136929.8"
"333","N21","53","208973.27","132647.3","136844.5"
"333","N21","54","209196.42","132929.86","136660.95"
"333","N21","55","209258.39","133216.36","136647.02"
"333","N21","56","209016.3","133783.44","136923.08"
"333","N21","57","209498.6","134164.03","136896.02"
"333","N21","58","209688.12","134523.19","136845.16"
"333","N21","59","210180.73","134619.06","136960.16"
"333","N21","60","210461.11","135041.22","136927.86"
"333","N21","61","210638.61","135587.97","136818.14"
"333","N21","62","211014.88","135974.22","136666.55"
"333","N21","63","211436.33","136610.94","136593.56"
"333","N21","64","211913.8","137215.02","136602.16"
"333","N21","65","212032.36","137663.98","136616.5"
"333","N21","66","212540.42","138410.36","136828.56"
"333","N21","67","213045.02","139609.05","136869.38"
"333","N21","68","213749.45","140489.7","136815.67"
"333","N21","69","214786.53","142395.66","136754.19"
"333","N21","70","215917.98","145001.61","136404.3"
"333","N21","71","217930.97","148156.27","136308.83"
"333","N21","72","220090.31","152212.34","136359.31"
"333","N21","73","222949.72","156830.2","136382.78"
"333","N21","74","225968.88","162503.47","136517.56"
"333","N21","75","229091.56","168294.75","136581.62"
"333","N21","76","232539.4","174391.12","136843.52"
"333","N21","77","236388.28","180877.56","136849.5"
"333","N21","78","240168.22","187302.08","136822.22"
"333","N21","79","244019.06","193524.0","136813.77"
"333","N21","80","248235.81","200102.4","136992.47"
"333","N21","81","253055.1","206626.78","136968.19"
"333","N21","82","257571.06","212623.94","136925.92"
"333","N21","83","262228.72","218599.83","136877.67"
"333","N21","84","267530.9","224834.48","136824.5"
"333","N21","85","272568.94","231547.03","136786.66"
"333","N21","86","278291.53","237948.19","136939.47"
"333","N21","87","284134.5","244519.77","137097.9"
"333","N21","88","289564.97","250739.45","136938.05"
"333","N21","89","294955.1","256794.58","136947.64"
"333","N21","90","299407.75","261601.08","137434.27"
"334","N22","1","72273.74","62843.645","135599.02"
"334","N22","2","72081.33","62880.797","135440.69"
"334","N22","3","71977.71","63400.164","135391.3"
"334","N22","4","71988.65","64029.465","135587.7"
"334","N22","5","71938.92","64491.72","135910.58"
"334","N22","6","71943.47","64821.234","135931.95"
"334","N22","7","72033.87","64982.137","135899.16"
"334","N22","8","72073.29","65033.08","136042.27"
"334","N22","9","72068.086","65112.805","136167.72"
"334","N22","10","72098.58","65558.61","136320.95"
"334","N22","11","72160.72","65711.22","136259.58"
"334","N22","12","72194.62","65713.43","136162.28"
"334","N22","13","72252.46","65963.04","136160.62"
"334","N22","14","72406.234","66125.06","136253.97"
"334","N22","15","72415.9","66144.56","136287.78"
"334","N22","16","72545.61","66049.15","136346.38"
"334","N22","17","72856.98","66257.18","136280.61"
"334","N22","18","73538.336","66590.28","136215.31"
"334","N22","19","74440.805","67047.3","136287.03"
"334","N22","20","76173.69","67784.11","136217.75"
"334","N22","21","79060.375","68740.31","136193.1"
"334","N22","22","83861.07","70375.51","136427.8"
"334","N22","23","90619.46","72966.21","136411.28"
"334","N22","24","99329.7","77315.06","136381.44"
"334","N22","25","109348.625","82867.945","136302.98"
"334","N22","26","119992.47","89532.65","136235.55"
"334","N22","27","130957.27","96990.15","136297.4"
"334","N22","28","141585.86","104669.88","136315.11"
"334","N22","29","152164.1","111307.164","136601.19"
"334","N22","30","161876.94","116429.664","136742.92"
"334","N22","31","169630.94","120868.44","136827.5"
"334","N22","32","176070.47","123682.48","136986.97"
"334","N22","33","181658.12","125528.81","136822.14"
"334","N22","34","185550.84","127005.266","136745.9"
"334","N22","35","188430.88","128100.11","136968.4"
"334","N22","36","190846.83","128747.195","136922.11"
"334","N22","37","192678.5","129700.3","136871.55"
"334","N22","38","194066.75","130427.49","136855.81"
"334","N22","39","195200.81","130783.91","136656.27"
"334","N22","40","196153.9","131298.47","136607.16"
"334","N22","41","196757.58","131817.9","136946.83"
"334","N22","42","197726.22","132502.69","137056.72"
"334","N22","43","198232.5","133051.97","136988.2"
"334","N22","44","198790.75","133554.45","136861.55"
"334","N22","45","199352.34","134110.03","136823.66"
"334","N22","46","199890.12","134674.97","136912.47"
"334","N22","47","200144.78","135159.61","136821.0"
"334","N22","48","200510.97","135519.84","136739.05"
"334","N22","49","200770.19","136222.7","136807.39"
"334","N22","50","200985.33","136769.8","136769.05"
"334","N22","51","201430.38","137064.89","136694.98"
"334","N22","52","201707.39","137326.17","136640.48"
"334","N22","53","202283.47","138068.0","136543.02"
"334","N22","54","202497.56","138189.31","136503.22"
"334","N22","55","202710.17","138876.69","136441.33"
"334","N22","56","202846.14","139314.58","136393.94"
"334","N22","57","203085.02","139546.78","136505.16"
"334","N22","58","203410.23","140200.23","136318.52"
"334","N22","59","203914.36","140563.27","136198.0"
"334","N22","60","204084.83","140836.22","136195.39"
"334","N22","61","204302.62","141096.05","136159.69"
"334","N22","62","204393.72","141405.34","136273.08"
"334","N22","63","204715.11","141844.1","136336.86"
"334","N22","64","205111.34","142440.72","136331.27"
"334","N22","65","205292.14","143230.27","136502.67"
"334","N22","66","205691.6","143966.27","136316.77"
"334","N22","67","205941.9","144374.55","136146.0"
"334","N22","68","206674.11","144829.73","136048.28"
"334","N22","69","207017.77","145907.61","136060.5"
"334","N22","70","207605.98","147270.77","136180.05"
"334","N22","71","208073.34","149391.45","135975.9"
"334","N22","72","209324.7","151718.38","135917.28"
"334","N22","73","210534.02","155191.31","136123.44"
"334","N22","74","212451.6","159442.02","136225.98"
"334","N22","75","214897.23","164352.11","136584.33"
"334","N22","76","217292.33","169826.31","136462.19"
"334","N22","77","219863.1","175563.5","136344.22"
"334","N22","78","222381.33","181921.17","136392.11"
"334","N22","79","225527.28","188057.48","136431.5"
"334","N22","80","228714.62","194450.61","136440.94"
"334","N22","81","232200.81","200617.2","136424.14"
"334","N22","82","235400.6","206814.61","136429.05"
"334","N22","83","238974.14","213261.17","136405.3"
"334","N22","84","242991.95","219648.83","136571.47"
"334","N22","85","247260.62","225572.42","136607.97"
"334","N22","86","251158.27","231875.67","136865.83"
"334","N22","87","255605.12","238565.84","136851.55"
"334","N22","88","260220.7","244461.08","136864.53"
"334","N22","89","264903.72","250356.64","136866.2"
"334","N22","90","269316.8","255210.1","137000.22"
"335","N23","1","66882.164","70590.69","134327.16"
"335","N23","2","66631.21","70658.7","134022.44"
"335","N23","3","66173.66","71456.92","133725.16"
"335","N23","4","65949.375","71972.41","133476.0"
"335","N23","5","65850.62","72383.24","133127.77"
"335","N23","6","65853.555","72706.2","133033.25"
"335","N23","7","65935.29","72757.35","133105.47"
"335","N23","8","65955.74","72914.305","133143.61"
"335","N23","9","66042.46","72884.42","133106.08"
"335","N23","10","66026.27","72857.69","133051.53"
"335","N23","11","65949.53","73286.26","133038.2"
"335","N23","12","65932.63","73410.64","133161.31"
"335","N23","13","66013.95","73317.05","133236.38"
"335","N23","14","66044.7","73466.984","133409.98"
"335","N23","15","66152.97","73702.34","133408.95"
"335","N23","16","66336.45","73900.84","133374.39"
"335","N23","17","66685.89","74112.55","133467.4"
"335","N23","18","67269.914","74350.484","133361.19"
"335","N23","19","68214.734","74517.83","133245.81"
"335","N23","20","70095.01","75058.07","133170.52"
"335","N23","21","73305.54","76235.46","133171.77"
"335","N23","22","78375.63","77935.68","133323.0"
"335","N23","23","85792.445","80923.586","133365.06"
"335","N23","24","94996.6","85332.766","133422.84"
"335","N23","25","105152.016","91483.46","133372.3"
"335","N23","26","115770.086","98554.625","133349.23"
"335","N23","27","126385.81","105903.85","133425.58"
"335","N23","28","136230.58","113089.32","133499.61"
"335","N23","29","145210.3","119686.85","133660.42"
"335","N23","30","153646.58","125028.7","133831.94"
"335","N23","31","160701.1","129177.21","133793.06"
"335","N23","32","166533.95","132059.0","133751.67"
"335","N23","33","171063.2","133747.45","133593.2"
"335","N23","34","174552.4","135227.62","133517.0"
"335","N23","35","177131.05","136387.27","133598.52"
"335","N23","36","179264.72","137029.39","133596.67"
"335","N23","37","180942.83","137758.05","133741.33"
"335","N23","38","181868.69","138187.36","133737.64"
"335","N23","39","182903.64","138812.14","133666.31"
"335","N23","40","183977.34","139164.69","133712.25"
"335","N23","41","184496.56","140070.25","133765.6"
"335","N23","42","185141.55","140307.42","133709.61"
"335","N23","43","185740.33","140734.44","133704.75"
"335","N23","44","186546.08","141300.84","133622.81"
"335","N23","45","186856.17","141568.72","133584.8"
"335","N23","46","187260.38","142002.38","133701.33"
"335","N23","47","187580.42","142174.42","133613.75"
"335","N23","48","188054.42","142955.83","133390.06"
"335","N23","49","188504.86","143294.45","133319.86"
"335","N23","50","188886.73","143575.23","133430.06"
"335","N23","51","188958.78","143877.8","133418.16"
"335","N23","52","189120.05","144371.1","133448.94"
"335","N23","53","189461.56","144591.92","133332.14"
"335","N23","54","189824.56","145091.55","133161.47"
"335","N23","55","190070.12","145549.94","133045.94"
"335","N23","56","190307.03","146049.06","133057.33"
"335","N23","57","190575.1","146426.16","133300.12"
"335","N23","58","191170.0","146488.81","133278.23"
"335","N23","59","191150.58","146836.06","133137.61"
"335","N23","60","190996.34","147321.7","133128.75"
"335","N23","61","191491.72","147464.16","133354.69"
"335","N23","62","191924.56","148070.36","133332.17"
"335","N23","63","192401.03","148356.56","133212.81"
"335","N23","64","192400.97","148565.52","133138.58"
"335","N23","65","192472.23","149390.81","133066.36"
"335","N23","66","192821.69","149791.89","132868.34"
"335","N23","67","193439.05","150183.53","132864.94"
"335","N23","68","193789.86","150814.81","133060.64"
"335","N23","69","193950.44","151990.78","133054.12"
"335","N23","70","194319.86","153453.19","133004.44"
"335","N23","71","194801.94","154937.22","132972.95"
"335","N23","72","195772.7","157534.08","132884.69"
"335","N23","73","196491.19","161221.77","132841.39"
"335","N23","74","197474.28","165718.52","132813.36"
"335","N23","75","198829.38","171007.4","132862.64"
"335","N23","76","200097.52","176702.11","133084.12"
"335","N23","77","201780.42","183432.5","133109.78"
"335","N23","78","203820.84","190352.52","133201.16"
"335","N23","79","205810.72","197616.31","133442.4"
"335","N23","80","208308.69","204658.27","133579.73"
"335","N23","81","210626.22","211731.84","133517.89"
"335","N23","82","212945.42","218795.08","133459.83"
"335","N23","83","215690.72","226132.17","133530.23"
"335","N23","84","217633.52","233400.0","133522.08"
"335","N23","85","220728.0","240840.81","133740.78"
"335","N23","86","223645.47","248221.12","134150.66"
"335","N23","87","226791.48","255563.31","134211.61"
"335","N23","88","230240.72","262775.9","134125.81"
"335","N23","89","233516.4","269948.97","134156.44"
"335","N23","90","236703.64","276262.78","134188.33"
"336","N24","1","72472.66","68153.2","132674.64"
"336","N24","2","72115.414","68212.0","132441.2"
"336","N24","3","71736.32","68960.65","132228.81"
"336","N24","4","71298.74","69589.74","132241.86"
"336","N24","5","70899.64","69903.12","132069.88"
"336","N24","6","70801.25","70496.04","131754.8"
"336","N24","7","70856.88","70609.625","131613.0"
"336","N24","8","70883.83","70750.805","131664.53"
"336","N24","9","70845.44","70958.68","131600.0"
"336","N24","10","70814.734","70693.56","131623.08"
"336","N24","11","70858.766","70482.38","131594.62"
"336","N24","12","70795.35","70473.3","131485.67"
"336","N24","13","70630.56","70742.58","131389.8"
"336","N24","14","70635.43","71075.08","131508.61"
"336","N24","15","70851.18","71158.9","131643.06"
"336","N24","16","71019.164","71380.54","131107.97"
"336","N24","17","71211.91","71304.77","131001.9"
"336","N24","18","72074.8","71303.18","131416.08"
"336","N24","19","73036.01","71438.16","131434.8"
"336","N24","20","74843.97","72152.625","131401.67"
"336","N24","21","77700.03","73448.836","131355.6"
"336","N24","22","82395.68","75000.62","131485.42"
"336","N24","23","89040.055","78072.9","131411.16"
"336","N24","24","97691.53","82521.44","131331.9"
"336","N24","25","107561.17","88442.93","131397.28"
"336","N24","26","117656.61","95123.21","131413.56"
"336","N24","27","127086.805","102560.2","131689.27"
"336","N24","28","135454.61","110031.01","131593.39"
"336","N24","29","143410.45","117005.37","131509.75"
"336","N24","30","150290.69","122894.08","131633.8"
"336","N24","31","156004.33","127555.09","131393.0"
"336","N24","32","161018.38","131077.16","131255.08"
"336","N24","33","164745.48","133481.7","131347.3"
"336","N24","34","167394.4","135503.72","131484.31"
"336","N24","35","169392.66","136789.98","131431.02"
"336","N24","36","171552.52","137701.8","131420.64"
"336","N24","37","172936.9","138589.97","131405.39"
"336","N24","38","173447.98","139179.06","131586.16"
"336","N24","39","174036.64","139930.84","131317.75"
"336","N24","40","174907.67","140368.92","131231.77"
"336","N24","41","175443.73","141196.23","131506.7"
"336","N24","42","175902.11","141426.72","131507.94"
"336","N24","43","176262.84","142220.81","131545.95"
"336","N24","44","176395.2","142886.95","131441.25"
"336","N24","45","176901.5","143625.12","131285.2"
"336","N24","46","177231.48","144010.11","131159.12"
"336","N24","47","177591.44","144592.38","131117.66"
"336","N24","48","177694.5","145097.61","131187.11"
"336","N24","49","177733.03","145007.22","131192.31"
"336","N24","50","177911.05","145742.81","131419.95"
"336","N24","51","178036.53","145920.47","131390.2"
"336","N24","52","178373.39","146562.5","131301.52"
"336","N24","53","178304.17","147368.78","131274.66"
"336","N24","54","178248.45","147605.56","130911.3"
"336","N24","55","178464.19","147849.02","130820.055"
"336","N24","56","178407.39","148382.19","131071.26"
"336","N24","57","178810.5","148646.1","131098.23"
"336","N24","58","178966.17","148747.66","131063.9"
"336","N24","59","179015.97","148994.69","131081.7"
"336","N24","60","178940.61","150014.78","131182.48"
"336","N24","61","178773.33","150102.98","130860.41"
"336","N24","62","179095.25","150174.72","130737.055"
"336","N24","63","179505.19","150417.67","130805.68"
"336","N24","64","179481.48","151096.88","130664.87"
"336","N24","65","179402.8","151553.64","130559.3"
"336","N24","66","179650.52","151701.81","130499.59"
"336","N24","67","179856.33","152254.3","130537.32"
"336","N24","68","179734.17","152493.83","130895.42"
"336","N24","69","179694.56","153155.97","130894.875"
"336","N24","70","180057.28","153217.97","130778.55"
"336","N24","71","180003.64","153510.7","130711.78"
"336","N24","72","179849.4","154088.31","130757.64"
"336","N24","73","180189.03","154550.72","130655.57"
"336","N24","74","180274.7","155172.52","130386.54"
"336","N24","75","180459.3","155547.97","130319.91"
"336","N24","76","180429.16","155809.77","130462.42"
"336","N24","77","180375.84","155794.3","130599.03"
"336","N24","78","180206.2","156113.42","130674.51"
"336","N24","79","180599.12","156585.73","130641.31"
"336","N24","80","180747.42","157112.73","130659.09"
"336","N24","81","180884.11","157570.28","130524.24"
"336","N24","82","180718.66","157860.72","130162.18"
"336","N24","83","180656.9","158399.08","130165.7"
"336","N24","84","180524.0","159273.27","130474.23"
"336","N24","85","180882.4","160326.69","130307.234"
"336","N24","86","180457.1","160928.89","130273.03"
"336","N24","87","180352.08","162342.52","130525.65"
"336","N24","88","180473.83","164564.33","130630.87"
"336","N24","89","180100.45","168034.2","130468.57"
"336","N24","90","179904.31","170935.16","130378.62"
"337","O1","1","84661.34","55876.184","140308.81"
"337","O1","2","84267.91","55930.492","139893.89"
"337","O1","3","83764.43","55995.492","139142.64"
"337","O1","4","83698.445","56095.883","138919.53"
"337","O1","5","83798.625","56262.0","138922.6"
"337","O1","6","83770.99","56477.81","138867.73"
"337","O1","7","83669.16","56601.656","138898.67"
"337","O1","8","83692.766","56522.793","138642.11"
"337","O1","9","84039.82","56499.266","138513.64"
"337","O1","10","85023.234","56757.92","138588.6"
"337","O1","11","87062.414","56979.875","138692.83"
"337","O1","12","90522.52","57438.957","138831.42"
"337","O1","13","96409.78","57681.1","138669.77"
"337","O1","14","105538.586","58265.605","138571.92"
"337","O1","15","118158.49","59478.188","138699.38"
"337","O1","16","134781.31","61670.56","138781.95"
"337","O1","17","154466.25","64367.32","138764.17"
"337","O1","18","176219.0","68124.16","138697.25"
"337","O1","19","198804.16","72798.484","138628.42"
"337","O1","20","220376.55","77005.195","138703.0"
"337","O1","21","239029.73","80599.52","138645.55"
"337","O1","22","254356.77","83292.72","138615.97"
"337","O1","23","266948.2","84938.88","138515.89"
"337","O1","24","277854.5","86137.54","138441.36"
"337","O1","25","286699.34","87011.27","138509.22"
"337","O1","26","294477.28","87577.47","138469.12"
"337","O1","27","300793.44","88271.84","138503.48"
"337","O1","28","305874.72","88880.805","138466.67"
"337","O1","29","309963.5","89495.56","138425.22"
"337","O1","30","313092.28","89928.555","138600.39"
"337","O1","31","316079.25","90120.76","138663.55"
"337","O1","32","318464.2","90826.87","138588.75"
"337","O1","33","320474.44","91303.07","138559.98"
"337","O1","34","322025.62","91612.22","138514.48"
"337","O1","35","322935.84","92091.125","138590.02"
"337","O1","36","324691.7","92007.555","138429.06"
"337","O1","37","325801.94","92348.055","138308.94"
"337","O1","38","326358.22","92929.12","138285.48"
"337","O1","39","326888.03","93140.94","138257.52"
"337","O1","40","327448.4","93386.484","138233.52"
"337","O1","41","328392.62","93768.164","138345.88"
"337","O1","42","329485.94","93910.61","138112.83"
"337","O1","43","330209.2","94012.1","138024.92"
"337","O1","44","330890.44","94198.93","138150.03"
"337","O1","45","331231.25","94574.66","138185.27"
"337","O1","46","331812.53","94657.195","138340.28"
"337","O1","47","332484.28","95121.51","138410.78"
"337","O1","48","332987.22","95266.66","138433.38"
"337","O1","49","333299.22","95716.39","138357.16"
"337","O1","50","333805.9","95923.33","138292.31"
"337","O1","51","334385.22","95924.67","138212.8"
"337","O1","52","335176.94","96298.31","138216.88"
"337","O1","53","335563.9","96653.58","138320.28"
"337","O1","54","336429.88","96693.836","138309.2"
"337","O1","55","337495.62","96927.64","138228.88"
"337","O1","56","338280.62","97833.99","138182.08"
"337","O1","57","339218.28","98512.57","138117.64"
"337","O1","58","340394.94","99506.164","138093.92"
"337","O1","59","341861.72","100726.57","137977.88"
"337","O1","60","343761.62","102379.195","137872.73"
"337","O1","61","347567.22","103706.28","137748.69"
"337","O1","62","350199.72","106148.09","137738.89"
"337","O1","63","354103.97","108993.95","137938.38"
"337","O1","64","358796.53","111792.62","137965.36"
"337","O1","65","364410.1","115164.72","137911.67"
"337","O1","66","369154.03","119305.55","137907.61"
"337","O1","67","374300.25","123885.234","137883.86"
"337","O1","68","381392.38","128009.44","137850.95"
"337","O1","69","387716.62","132530.88","137889.3"
"337","O1","70","394519.8","137038.88","137878.9"
"337","O1","71","402218.38","141835.1","137833.55"
"337","O1","72","409051.66","147395.94","137814.97"
"337","O1","73","415103.62","152364.94","137689.94"
"337","O1","74","421018.97","157665.5","137658.58"
"337","O1","75","428148.6","163052.02","137809.58"
"337","O1","76","435322.75","168529.86","138015.06"
"337","O1","77","441787.97","173885.14","138158.94"
"337","O1","78","447618.6","179578.23","138178.78"
"337","O1","79","453819.97","184892.97","138124.92"
"337","O1","80","460569.75","190222.58","138079.67"
"337","O1","81","467678.16","195769.3","137953.67"
"337","O1","82","472899.12","201466.06","137922.39"
"337","O1","83","478627.28","207018.12","138130.23"
"337","O1","84","484920.1","212507.42","138227.62"
"337","O1","85","490526.28","217759.64","138021.72"
"337","O1","86","495104.25","223173.38","137845.88"
"337","O1","87","499384.16","228504.16","137558.7"
"337","O1","88","504550.16","232881.33","137503.19"
"337","O1","89","509062.66","237284.47","137556.86"
"337","O1","90","511910.47","241559.14","137550.5"
"338","O2","1","77878.07","59111.645","139253.75"
"338","O2","2","77460.87","59114.742","138872.7"
"338","O2","3","77111.73","59226.867","138365.78"
"338","O2","4","76762.58","59547.453","138117.14"
"338","O2","5","76540.02","59778.35","137849.83"
"338","O2","6","76534.875","59817.887","137736.17"
"338","O2","7","76693.67","59963.027","137726.7"
"338","O2","8","76928.53","59984.21","137655.17"
"338","O2","9","77559.87","60119.734","137562.55"
"338","O2","10","78468.28","60359.746","137499.94"
"338","O2","11","80227.836","60580.09","137488.45"
"338","O2","12","83652.45","60659.793","137472.62"
"338","O2","13","89522.305","61120.59","137557.03"
"338","O2","14","98274.07","62104.727","137557.6"
"338","O2","15","110876.99","63544.938","137636.69"
"338","O2","16","126560.96","65516.81","137611.69"
"338","O2","17","144483.44","68811.414","137561.69"
"338","O2","18","163931.06","73414.23","137455.89"
"338","O2","19","184628.95","79132.555","137450.0"
"338","O2","20","205544.72","85255.65","137663.47"
"338","O2","21","224977.2","90614.51","137662.86"
"338","O2","22","241778.8","94801.555","137615.27"
"338","O2","23","255350.77","97694.336","137673.27"
"338","O2","24","266603.12","99733.35","137667.22"
"338","O2","25","275672.6","101041.336","137673.89"
"338","O2","26","283243.1","102228.914","137683.55"
"338","O2","27","289339.94","103007.35","137619.23"
"338","O2","28","293605.6","103778.94","137545.73"
"338","O2","29","297765.03","104294.52","137535.48"
"338","O2","30","301237.84","104804.71","137635.17"
"338","O2","31","304328.72","104952.61","137641.38"
"338","O2","32","305752.1","105519.26","137639.36"
"338","O2","33","307454.5","106172.75","137404.36"
"338","O2","34","309697.72","106306.66","137391.44"
"338","O2","35","311749.66","106621.12","137694.73"
"338","O2","36","312958.8","106962.12","137700.34"
"338","O2","37","313717.5","107382.68","137659.03"
"338","O2","38","314638.3","107916.31","137729.25"
"338","O2","39","314722.12","108401.805","137690.1"
"338","O2","40","315363.97","108829.79","137654.52"
"338","O2","41","316569.6","108884.125","137606.62"
"338","O2","42","316985.22","109203.36","137632.33"
"338","O2","43","317265.34","109506.09","137644.25"
"338","O2","44","318495.78","109711.25","137649.83"
"338","O2","45","319621.2","109958.46","137625.36"
"338","O2","46","319919.8","110352.23","137562.02"
"338","O2","47","321105.5","110396.45","137526.0"
"338","O2","48","321857.16","110768.4","137462.06"
"338","O2","49","322441.0","110831.766","137210.61"
"338","O2","50","322529.03","111306.71","137189.52"
"338","O2","51","322260.16","111555.68","137389.4"
"338","O2","52","322304.44","111783.91","137515.4"
"338","O2","53","324378.88","111876.484","137535.53"
"338","O2","54","324924.2","112075.88","137694.1"
"338","O2","55","325347.28","112497.64","137685.48"
"338","O2","56","325946.7","112715.02","137650.7"
"338","O2","57","326195.5","112903.09","137488.78"
"338","O2","58","327227.66","113174.5","137314.67"
"338","O2","59","327070.94","113686.15","137257.86"
"338","O2","60","328617.0","114256.34","137260.03"
"338","O2","61","329358.5","114958.09","137247.06"
"338","O2","62","330537.7","115902.664","137296.34"
"338","O2","63","332950.9","117101.1","137374.11"
"338","O2","64","334959.66","119096.7","137320.02"
"338","O2","65","337931.44","121501.71","137268.73"
"338","O2","66","342135.3","124460.625","137320.33"
"338","O2","67","346716.25","128407.82","137596.23"
"338","O2","68","352310.3","133324.4","137513.64"
"338","O2","69","358604.06","138508.73","137443.02"
"338","O2","70","365555.3","144049.8","137465.7"
"338","O2","71","372462.22","150098.72","137469.16"
"338","O2","72","379076.97","156234.31","137612.64"
"338","O2","73","386053.75","162430.12","137656.31"
"338","O2","74","393710.66","168869.19","137634.3"
"338","O2","75","401173.0","175296.23","137752.58"
"338","O2","76","408525.84","181760.08","137822.05"
"338","O2","77","416128.97","188027.86","137764.4"
"338","O2","78","423426.66","194580.95","137710.67"
"338","O2","79","430061.84","201098.44","137810.16"
"338","O2","80","436508.4","207289.27","137930.08"
"338","O2","81","443542.1","213390.7","137940.05"
"338","O2","82","450816.06","219477.72","138067.16"
"338","O2","83","457418.84","225982.36","138125.12"
"338","O2","84","463120.1","232135.7","137961.53"
"338","O2","85","470126.3","238208.77","137893.36"
"338","O2","86","476723.1","244045.67","138041.89"
"338","O2","87","482893.34","249639.5","138042.97"
"338","O2","88","488915.66","255046.11","138030.45"
"338","O2","89","494703.84","260539.75","138288.58"
"338","O2","90","499473.5","265055.06","138352.31"
"339","O3","1","74960.195","59026.74","144373.02"
"339","O3","2","74566.945","59038.887","143993.28"
"339","O3","3","73863.48","59266.727","143162.94"
"339","O3","4","73277.945","59691.285","142899.2"
"339","O3","5","73074.54","59975.082","142802.84"
"339","O3","6","73097.7","60100.895","142729.81"
"339","O3","7","73295.58","60062.81","142682.1"
"339","O3","8","73464.35","60193.79","142729.02"
"339","O3","9","73985.055","60472.793","142692.27"
"339","O3","10","74841.984","60546.92","142672.86"
"339","O3","11","76771.875","60772.688","142610.17"
"339","O3","12","80218.5","61285.676","142538.8"
"339","O3","13","85799.03","61796.754","142511.58"
"339","O3","14","94406.07","62554.645","142610.9"
"339","O3","15","106282.37","63865.14","142643.89"
"339","O3","16","120992.16","66074.63","142676.69"
"339","O3","17","137419.06","69284.08","142692.48"
"339","O3","18","154498.31","74033.32","142667.78"
"339","O3","19","171907.53","80133.07","142728.72"
"339","O3","20","189817.28","87129.21","142649.22"
"339","O3","21","207601.23","94232.95","142613.88"
"339","O3","22","224132.39","99899.22","142764.86"
"339","O3","23","237786.8","104000.92","142851.5"
"339","O3","24","248929.9","106981.1","142850.89"
"339","O3","25","258348.28","108846.02","142920.08"
"339","O3","26","265779.9","110277.14","143009.77"
"339","O3","27","272465.72","111389.36","143120.14"
"339","O3","28","277254.16","111971.24","143058.17"
"339","O3","29","280695.84","112802.7","142988.53"
"339","O3","30","283668.56","113272.695","143018.16"
"339","O3","31","286293.16","114037.055","143106.03"
"339","O3","32","287807.66","114682.32","143151.72"
"339","O3","33","289723.8","115136.414","143127.11"
"339","O3","34","291629.06","115449.74","143065.56"
"339","O3","35","292411.94","116058.86","142968.25"
"339","O3","36","293603.94","116402.375","142804.61"
"339","O3","37","295117.06","116640.305","142725.56"
"339","O3","38","296287.75","116947.15","142821.64"
"339","O3","39","296660.94","117267.51","143031.33"
"339","O3","40","297498.2","117405.63","142926.88"
"339","O3","41","298513.34","117531.04","142813.88"
"339","O3","42","299433.03","117830.62","142769.33"
"339","O3","43","299628.84","118375.15","142821.53"
"339","O3","44","300103.78","118524.42","142775.58"
"339","O3","45","300641.53","118813.21","142763.95"
"339","O3","46","301311.22","119238.95","142795.62"
"339","O3","47","301236.6","119785.09","142665.23"
"339","O3","48","301626.72","119952.39","142596.47"
"339","O3","49","302133.72","119951.73","142630.67"
"339","O3","50","303361.22","120325.4","142585.97"
"339","O3","51","304197.88","120510.14","142557.52"
"339","O3","52","304806.3","120562.984","142610.61"
"339","O3","53","305269.06","120749.4","142567.88"
"339","O3","54","305476.38","121216.445","142500.64"
"339","O3","55","305433.53","121512.85","142444.2"
"339","O3","56","305802.12","121838.71","142416.52"
"339","O3","57","306561.94","122039.086","142433.9"
"339","O3","58","307516.06","122608.18","142445.38"
"339","O3","59","307396.75","123162.81","142418.22"
"339","O3","60","307266.34","123671.54","142439.17"
"339","O3","61","308024.38","124077.76","142473.61"
"339","O3","62","309126.1","124943.945","142455.36"
"339","O3","63","310494.0","125762.805","142425.1"
"339","O3","64","312920.78","127041.016","142393.39"
"339","O3","65","315064.84","128880.84","142420.61"
"339","O3","66","318075.66","131548.02","142480.78"
"339","O3","67","321547.88","134962.12","142509.47"
"339","O3","68","325497.8","139368.6","142426.2"
"339","O3","69","330464.84","144376.92","142373.27"
"339","O3","70","336034.75","149667.61","142368.62"
"339","O3","71","342508.5","156006.08","142352.52"
"339","O3","72","348095.2","162438.3","142250.08"
"339","O3","73","353601.8","169116.72","142243.22"
"339","O3","74","359378.88","176083.14","142349.77"
"339","O3","75","365494.1","182997.81","142443.02"
"339","O3","76","371594.03","190089.38","142446.38"
"339","O3","77","377041.9","196873.38","142509.12"
"339","O3","78","383134.06","203221.53","142495.2"
"339","O3","79","389678.94","209705.5","142572.92"
"339","O3","80","396061.78","216553.06","142796.1"
"339","O3","81","401307.3","223288.47","142731.78"
"339","O3","82","407516.84","229645.03","142608.19"
"339","O3","83","413138.28","236183.08","142538.19"
"339","O3","84","418983.53","242501.25","142511.66"
"339","O3","85","425453.53","247972.73","142466.94"
"339","O3","86","430839.2","253959.73","142455.64"
"339","O3","87","436395.66","259713.72","142566.3"
"339","O3","88","443185.84","265149.66","142515.27"
"339","O3","89","450212.56","270448.3","142452.2"
"339","O3","90","455968.9","274625.12","142425.08"
"340","O4","1","75194.16","61484.51","146578.62"
"340","O4","2","74993.8","61373.582","146186.17"
"340","O4","3","74683.78","61367.055","145510.34"
"340","O4","4","74423.52","61667.15","145091.16"
"340","O4","5","74293.49","62106.984","144995.53"
"340","O4","6","74192.7","62223.492","145064.06"
"340","O4","7","74249.875","62449.67","145048.0"
"340","O4","8","74607.49","62618.016","145073.97"
"340","O4","9","75034.61","62737.727","145136.56"
"340","O4","10","76275.26","62861.48","145056.14"
"340","O4","11","78264.86","63241.09","145005.23"
"340","O4","12","81524.34","63437.426","145061.92"
"340","O4","13","87067.51","63885.65","145053.84"
"340","O4","14","95656.31","64727.93","144879.28"
"340","O4","15","107603.71","66180.48","144820.11"
"340","O4","16","121879.836","68355.6","144857.89"
"340","O4","17","137310.3","71522.36","144879.88"
"340","O4","18","153246.03","76490.2","144927.73"
"340","O4","19","169305.95","83028.625","145121.42"
"340","O4","20","185213.22","90824.03","145192.44"
"340","O4","21","201153.28","98962.74","145199.02"
"340","O4","22","216406.1","106320.266","145026.5"
"340","O4","23","229882.58","112145.875","145015.92"
"340","O4","24","241413.86","115997.89","145285.17"
"340","O4","25","250805.58","118982.67","145284.88"
"340","O4","26","258517.98","120753.39","145218.38"
"340","O4","27","265290.38","121567.25","145190.7"
"340","O4","28","270315.0","122735.75","145294.19"
"340","O4","29","274066.25","124028.516","145183.03"
"340","O4","30","277778.7","124492.09","145133.72"
"340","O4","31","280484.12","124879.94","145271.27"
"340","O4","32","282898.7","125475.61","145305.22"
"340","O4","33","284626.7","126033.77","145251.73"
"340","O4","34","285936.66","126422.72","145277.12"
"340","O4","35","287469.94","127027.92","145364.6"
"340","O4","36","288214.06","127469.484","145377.64"
"340","O4","37","289267.8","127855.555","145394.02"
"340","O4","38","290637.47","128055.48","145480.16"
"340","O4","39","291083.6","128523.93","145530.08"
"340","O4","40","291574.1","128903.37","145484.9"
"340","O4","41","292460.97","129136.88","145496.8"
"340","O4","42","293058.53","129593.4","145471.9"
"340","O4","43","293368.3","129966.95","145408.98"
"340","O4","44","294355.94","130258.82","145328.11"
"340","O4","45","295176.38","130348.5","145289.23"
"340","O4","46","296008.53","130596.97","145253.77"
"340","O4","47","296857.3","130876.31","145206.08"
"340","O4","48","297623.78","131240.81","145245.1"
"340","O4","49","297962.8","131425.66","145223.14"
"340","O4","50","297688.78","132051.89","145157.31"
"340","O4","51","297993.12","132430.55","145115.42"
"340","O4","52","299029.12","132245.23","145065.34"
"340","O4","53","298993.94","132507.77","145027.36"
"340","O4","54","299242.1","132845.12","144862.03"
"340","O4","55","300148.06","133056.38","144790.22"
"340","O4","56","300879.8","133509.6","144819.42"
"340","O4","57","300914.16","133799.4","145042.03"
"340","O4","58","300990.7","134304.92","145086.48"
"340","O4","59","301539.34","134694.47","144995.47"
"340","O4","60","302042.38","134944.86","144942.7"
"340","O4","61","303213.78","135009.5","144975.89"
"340","O4","62","303701.75","135589.19","145003.11"
"340","O4","63","304374.53","136350.55","144891.5"
"340","O4","64","305238.56","137328.9","144828.23"
"340","O4","65","307012.5","138812.12","144830.95"
"340","O4","66","308334.66","140415.45","144941.58"
"340","O4","67","310311.94","142610.56","144908.25"
"340","O4","68","313811.75","145642.14","144746.42"
"340","O4","69","317885.8","149566.2","144723.5"
"340","O4","70","322351.7","154241.56","144790.05"
"340","O4","71","327392.84","159774.17","144820.98"
"340","O4","72","332298.28","165938.95","144970.61"
"340","O4","73","337183.75","172799.98","145040.05"
"340","O4","74","342074.1","180087.27","145064.66"
"340","O4","75","348038.47","186900.08","145216.11"
"340","O4","76","353200.53","194358.73","145343.56"
"340","O4","77","358146.72","202140.11","145325.89"
"340","O4","78","363702.72","209311.17","145275.27"
"340","O4","79","368540.06","216469.42","145229.8"
"340","O4","80","373767.47","223838.31","145278.45"
"340","O4","81","378988.3","230598.69","145207.14"
"340","O4","82","383861.38","237352.27","145239.66"
"340","O4","83","389033.8","244509.77","145653.2"
"340","O4","84","394849.3","250493.4","145724.28"
"340","O4","85","399742.06","257145.97","145616.75"
"340","O4","86","404051.47","263476.62","145573.81"
"340","O4","87","409441.5","269333.84","145733.27"
"340","O4","88","414463.34","275293.9","145610.61"
"340","O4","89","418969.06","281062.22","145517.42"
"340","O4","90","422998.97","285811.75","145583.5"
"341","O5","1","71747.31","65729.53","145845.36"
"341","O5","2","71445.39","65647.02","145335.22"
"341","O5","3","71146.164","65688.76","144705.39"
"341","O5","4","70814.76","66057.7","144510.47"
"341","O5","5","70736.42","66322.64","144424.56"
"341","O5","6","70740.01","66646.32","144230.14"
"341","O5","7","70765.586","66817.31","144014.78"
"341","O5","8","70975.13","66896.08","143879.62"
"341","O5","9","71583.016","67034.945","143863.5"
"341","O5","10","72778.64","67062.21","144100.3"
"341","O5","11","74724.43","67290.12","144051.53"
"341","O5","12","77855.54","67863.98","143887.47"
"341","O5","13","83229.46","68371.85","143827.6"
"341","O5","14","91630.375","69254.375","143937.62"
"341","O5","15","103166.56","70671.734","143888.3"
"341","O5","16","117257.25","72955.77","143771.27"
"341","O5","17","132227.5","76214.05","143587.14"
"341","O5","18","147514.98","81301.07","143510.53"
"341","O5","19","162104.47","88358.13","143536.44"
"341","O5","20","176337.7","96856.02","143559.58"
"341","O5","21","190195.73","105819.81","143592.92"
"341","O5","22","203791.83","114229.52","143849.14"
"341","O5","23","216416.92","121395.01","143796.66"
"341","O5","24","227423.19","126953.16","143768.5"
"341","O5","25","236704.42","130601.88","143972.3"
"341","O5","26","244349.11","133035.17","143917.66"
"341","O5","27","250870.62","134835.19","143716.52"
"341","O5","28","255929.52","136019.36","143704.55"
"341","O5","29","260004.95","136799.69","144010.8"
"341","O5","30","263328.97","137717.14","144032.1"
"341","O5","31","266447.6","138185.4","144043.1"
"341","O5","32","268530.12","138828.61","143946.8"
"341","O5","33","269646.2","139613.34","143863.81"
"341","O5","34","270936.78","140155.16","143853.36"
"341","O5","35","272365.4","140479.48","143753.8"
"341","O5","36","273329.34","141047.19","143728.16"
"341","O5","37","274507.97","141761.42","143920.1"
"341","O5","38","275400.0","142164.72","143908.7"
"341","O5","39","276342.88","142300.23","143826.73"
"341","O5","40","276616.78","142653.39","143720.39"
"341","O5","41","277845.53","142850.95","143567.0"
"341","O5","42","278491.2","143359.88","143557.9"
"341","O5","43","278808.78","143735.34","143811.36"
"341","O5","44","279434.6","144249.23","143854.33"
"341","O5","45","279724.5","144524.47","143851.19"
"341","O5","46","280074.28","144906.72","143880.45"
"341","O5","47","280393.25","145349.39","143702.06"
"341","O5","48","281003.72","145957.77","143600.61"
"341","O5","49","281578.44","146250.56","143562.22"
"341","O5","50","282203.62","146294.86","143500.64"
"341","O5","51","282968.97","146430.7","143462.88"
"341","O5","52","283273.72","146770.14","143501.78"
"341","O5","53","283695.0","147168.95","143500.39"
"341","O5","54","284090.16","147538.23","143596.25"
"341","O5","55","284013.56","147934.92","143623.83"
"341","O5","56","284451.62","148340.05","143630.31"
"341","O5","57","285061.88","148495.86","143564.47"
"341","O5","58","285530.28","148703.92","143506.4"
"341","O5","59","285812.4","148983.69","143502.64"
"341","O5","60","285474.72","149272.62","143499.02"
"341","O5","61","286733.38","149770.28","143475.25"
"341","O5","62","287042.8","150053.53","143446.22"
"341","O5","63","287426.12","150428.19","143481.02"
"341","O5","64","287581.7","150966.58","143457.16"
"341","O5","65","288225.88","151766.08","143464.86"
"341","O5","66","289696.97","152944.88","143436.28"
"341","O5","67","290824.0","154087.64","143257.6"
"341","O5","68","292694.44","155611.75","143253.39"
"341","O5","69","294751.8","158169.45","143403.7"
"341","O5","70","296503.38","161544.31","143344.19"
"341","O5","71","299729.38","165576.64","143340.38"
"341","O5","72","303571.97","170442.42","143492.64"
"341","O5","73","307998.78","176342.72","143443.95"
"341","O5","74","312000.1","183053.36","143385.78"
"341","O5","75","316049.94","190367.31","143389.7"
"341","O5","76","320390.12","198150.11","143466.5"
"341","O5","77","325237.3","206098.34","143460.53"
"341","O5","78","329509.94","214174.73","143509.23"
"341","O5","79","333996.38","222120.58","143559.27"
"341","O5","80","337723.53","230133.31","143601.34"
"341","O5","81","341813.5","238323.72","143688.9"
"341","O5","82","345375.38","246090.1","143795.92"
"341","O5","83","349709.75","253780.7","143862.83"
"341","O5","84","353866.12","260810.9","143918.0"
"341","O5","85","357641.06","268117.28","143940.64"
"341","O5","86","362158.47","275286.44","143898.61"
"341","O5","87","366583.06","282030.34","143925.55"
"341","O5","88","369889.06","288692.25","143812.12"
"341","O5","89","373779.75","294991.3","143792.75"
"341","O5","90","377460.03","300258.34","144065.2"
"342","O6","1","75072.29","64024.934","144476.86"
"342","O6","2","74752.73","64116.215","144001.48"
"342","O6","3","74267.0","64170.387","143336.64"
"342","O6","4","74126.98","64418.016","142801.0"
"342","O6","5","74021.81","64788.246","142507.55"
"342","O6","6","74007.37","65080.473","142416.27"
"342","O6","7","74120.805","65088.285","142555.34"
"342","O6","8","74466.836","65244.977","142523.69"
"342","O6","9","75016.17","65515.754","142588.75"
"342","O6","10","76167.664","65684.9","142629.88"
"342","O6","11","77947.62","65770.05","142680.36"
"342","O6","12","81109.25","66125.8","142496.39"
"342","O6","13","86585.305","66464.28","142418.64"
"342","O6","14","95031.09","67352.02","142638.14"
"342","O6","15","106629.87","68702.87","142625.9"
"342","O6","16","120575.664","70909.15","142490.95"
"342","O6","17","135627.47","74156.38","142390.1"
"342","O6","18","150517.44","79252.0","142453.4"
"342","O6","19","164733.81","86122.414","142484.47"
"342","O6","20","178170.47","94495.65","142395.83"
"342","O6","21","191074.42","103642.23","142367.0"
"342","O6","22","203568.06","112553.266","142485.84"
"342","O6","23","215298.11","120461.83","142596.14"
"342","O6","24","226043.72","126494.31","142482.48"
"342","O6","25","235415.56","130753.74","142377.62"
"342","O6","26","243071.83","133586.44","142422.73"
"342","O6","27","249240.14","135531.45","142372.03"
"342","O6","28","254166.66","136989.94","142277.73"
"342","O6","29","257772.48","138095.1","142271.83"
"342","O6","30","261388.75","138870.72","142199.31"
"342","O6","31","263962.03","139409.88","142280.08"
"342","O6","32","266675.34","139910.84","142557.77"
"342","O6","33","268318.75","140473.77","142483.34"
"342","O6","34","270126.38","141038.53","142341.83"
"342","O6","35","271293.94","141501.95","142244.52"
"342","O6","36","272312.22","141969.56","142157.28"
"342","O6","37","273029.56","142592.39","142116.66"
"342","O6","38","273959.88","142941.52","142310.64"
"342","O6","39","274595.75","143454.64","142353.6"
"342","O6","40","275549.12","143550.34","142446.95"
"342","O6","41","276417.2","143890.5","142375.67"
"342","O6","42","277151.56","144387.02","142335.02"
"342","O6","43","277170.56","144925.73","142467.92"
"342","O6","44","277968.22","145115.83","142353.67"
"342","O6","45","278617.47","145319.92","142189.16"
"342","O6","46","278709.2","146078.81","142154.66"
"342","O6","47","279008.66","146225.55","142388.12"
"342","O6","48","279352.72","146392.53","142208.11"
"342","O6","49","279748.0","146686.36","142088.42"
"342","O6","50","280536.4","147071.92","142154.5"
"342","O6","51","280902.75","147446.39","142114.27"
"342","O6","52","281139.94","147787.72","141922.42"
"342","O6","53","280957.16","148054.34","141844.17"
"342","O6","54","280827.25","148202.4","142020.11"
"342","O6","55","281611.44","148390.66","142195.19"
"342","O6","56","282098.0","148756.67","141981.23"
"342","O6","57","282536.44","149213.28","141844.75"
"342","O6","58","282911.22","149374.22","141802.2"
"342","O6","59","283042.12","149410.38","141714.05"
"342","O6","60","283120.88","149933.17","141610.36"
"342","O6","61","283600.3","149865.7","141585.61"
"342","O6","62","283771.44","150167.9","141775.14"
"342","O6","63","284167.47","150926.12","141824.06"
"342","O6","64","284334.47","151209.23","141819.92"
"342","O6","65","284194.84","151653.44","141773.3"
"342","O6","66","284896.25","152597.11","141696.2"
"342","O6","67","285418.88","153148.17","141654.28"
"342","O6","68","286365.6","153725.53","141731.67"
"342","O6","69","287521.94","154821.06","141577.62"
"342","O6","70","288426.2","156285.34","141488.4"
"342","O6","71","289519.6","158585.61","141509.14"
"342","O6","72","291685.38","161416.1","141514.62"
"342","O6","73","293700.72","164913.83","141471.84"
"342","O6","74","296176.22","169445.67","141476.28"
"342","O6","75","299130.25","175358.14","141419.06"
"342","O6","76","302101.4","181906.56","141337.66"
"342","O6","77","305313.03","189051.08","141313.12"
"342","O6","78","309373.97","196609.78","141442.5"
"342","O6","79","312539.25","204780.33","141506.78"
"342","O6","80","315647.34","213024.97","141315.55"
"342","O6","81","318540.44","221026.03","141270.02"
"342","O6","82","321466.84","228958.72","141379.33"
"342","O6","83","324638.25","236847.44","141251.5"
"342","O6","84","327287.2","244911.48","141197.5"
"342","O6","85","330680.75","252168.75","141238.56"
"342","O6","86","333499.9","259456.77","141193.66"
"342","O6","87","337164.03","266733.9","141089.73"
"342","O6","88","340672.38","273900.25","141074.34"
"342","O6","89","343146.5","280200.8","141112.66"
"342","O6","90","345464.44","285359.3","141105.95"
"343","O7","1","83330.94","66479.695","150539.05"
"343","O7","2","82887.48","66504.766","150117.88"
"343","O7","3","82366.87","66822.57","149571.52"
"343","O7","4","82032.195","67072.51","149304.4"
"343","O7","5","81875.4","67227.55","149140.56"
"343","O7","6","81674.3","67384.86","148934.86"
"343","O7","7","81736.48","67545.74","148824.11"
"343","O7","8","82242.19","67591.7","148785.84"
"343","O7","9","82711.33","67848.625","148778.62"
"343","O7","10","83621.63","68200.61","148763.03"
"343","O7","11","85526.53","68629.23","148894.53"
"343","O7","12","88808.195","68788.91","148906.77"
"343","O7","13","94168.555","69122.18","148842.95"
"343","O7","14","102515.19","69900.87","148700.86"
"343","O7","15","114201.53","71342.8","148652.44"
"343","O7","16","128242.7","73622.89","148754.4"
"343","O7","17","142994.58","77038.21","148755.39"
"343","O7","18","157730.23","81953.51","148814.77"
"343","O7","19","171544.52","89006.1","148952.62"
"343","O7","20","184302.62","98033.63","149087.17"
"343","O7","21","196805.12","107314.87","149038.9"
"343","O7","22","208266.89","116879.94","149024.97"
"343","O7","23","218805.56","125225.57","149184.36"
"343","O7","24","228691.23","132252.8","149341.58"
"343","O7","25","237551.7","137228.16","149327.42"
"343","O7","26","244527.62","140720.36","149432.11"
"343","O7","27","250793.92","142779.92","149394.14"
"343","O7","28","256020.97","144266.83","149323.78"
"343","O7","29","260177.33","145291.7","149418.7"
"343","O7","30","263309.6","146192.1","149496.33"
"343","O7","31","265461.84","147115.56","149558.98"
"343","O7","32","267941.72","147516.23","149425.14"
"343","O7","33","270184.97","148048.02","149315.45"
"343","O7","34","271263.25","148387.0","149349.08"
"343","O7","35","271775.94","148784.88","149415.7"
"343","O7","36","273444.4","149337.84","149359.33"
"343","O7","37","274082.06","149843.61","149388.67"
"343","O7","38","274228.22","150319.5","149414.95"
"343","O7","39","275308.06","150726.12","149363.98"
"343","O7","40","275955.12","150883.1","149339.75"
"343","O7","41","276630.44","151208.55","149281.2"
"343","O7","42","277062.25","151946.6","149243.2"
"343","O7","43","277725.94","152354.77","149390.45"
"343","O7","44","278477.75","152485.14","149442.75"
"343","O7","45","278024.75","152955.53","149342.83"
"343","O7","46","278861.25","153407.75","149215.84"
"343","O7","47","279002.44","153824.67","149127.92"
"343","O7","48","279032.84","154176.34","149113.88"
"343","O7","49","279805.6","154414.16","148962.27"
"343","O7","50","280274.47","154678.27","148929.98"
"343","O7","51","280441.97","154927.98","149168.36"
"343","O7","52","280362.6","155137.67","149145.42"
"343","O7","53","280443.12","155680.11","149060.1"
"343","O7","54","281038.25","156051.3","149001.66"
"343","O7","55","281165.25","156107.25","149087.98"
"343","O7","56","281822.88","156263.17","149129.88"
"343","O7","57","281668.7","156457.14","149018.92"
"343","O7","58","281998.78","156698.75","148758.64"
"343","O7","59","281951.9","156968.31","148692.47"
"343","O7","60","282588.03","157271.06","148826.31"
"343","O7","61","283235.97","157262.12","148757.6"
"343","O7","62","283128.72","157821.39","148711.58"
"343","O7","63","283145.47","158524.39","148809.45"
"343","O7","64","283229.03","158800.44","148776.08"
"343","O7","65","283563.28","158765.14","148727.31"
"343","O7","66","284116.7","159195.34","148664.48"
"343","O7","67","284014.72","159553.86","148618.47"
"343","O7","68","284072.2","159966.73","148602.05"
"343","O7","69","284613.97","160521.6","148699.03"
"343","O7","70","284686.84","161178.03","148606.1"
"343","O7","71","285352.22","162274.72","148495.06"
"343","O7","72","285962.06","163770.5","148321.69"
"343","O7","73","287158.56","165479.45","148337.11"
"343","O7","74","287178.4","168387.64","148580.86"
"343","O7","75","288518.6","171621.92","148659.47"
"343","O7","76","291049.25","175708.86","148596.53"
"343","O7","77","292205.2","180840.1","148562.23"
"343","O7","78","294643.78","187089.84","148648.61"
"343","O7","79","296762.9","194761.67","148671.4"
"343","O7","80","298483.25","202836.2","148617.1"
"343","O7","81","301149.03","211132.58","148562.17"
"343","O7","82","303687.3","219494.25","148604.64"
"343","O7","83","305734.8","228071.5","148958.64"
"343","O7","84","308256.2","236825.31","149005.5"
"343","O7","85","310124.03","245193.66","148868.53"
"343","O7","86","311670.56","253385.8","148810.14"
"343","O7","87","313832.62","260881.77","148930.44"
"343","O7","88","315996.44","268953.44","148997.88"
"343","O7","89","318255.88","276039.16","148998.42"
"343","O7","90","319779.0","281753.9","149210.75"
"344","O8","1","76637.09","64438.375","149250.67"
"344","O8","2","76287.68","64433.523","148781.08"
"344","O8","3","75879.18","64520.562","147985.9"
"344","O8","4","75495.34","64956.83","147436.12"
"344","O8","5","75238.75","65373.613","147320.4"
"344","O8","6","75252.29","65685.414","147357.89"
"344","O8","7","75511.695","65726.13","147290.34"
"344","O8","8","75682.48","65789.94","147291.28"
"344","O8","9","76095.26","66200.74","147398.34"
"344","O8","10","77069.7","66354.695","147249.4"
"344","O8","11","79007.08","66564.05","147248.77"
"344","O8","12","82522.36","66755.99","147416.64"
"344","O8","13","88140.52","67274.16","147349.5"
"344","O8","14","96712.805","68322.61","147359.53"
"344","O8","15","108528.34","69740.016","147593.62"
"344","O8","16","122653.48","72107.61","147627.44"
"344","O8","17","137804.03","75568.336","147775.52"
"344","O8","18","152854.56","80904.195","148123.12"
"344","O8","19","166785.0","88337.4","148500.72"
"344","O8","20","179683.8","97583.8","148786.44"
"344","O8","21","191427.47","107417.16","148991.6"
"344","O8","22","202159.36","117410.99","149307.06"
"344","O8","23","212429.42","126482.125","149576.62"
"344","O8","24","221367.61","134057.73","149963.6"
"344","O8","25","229358.28","140081.02","149991.33"
"344","O8","26","236687.62","144125.2","150199.81"
"344","O8","27","242538.78","146844.55","150144.12"
"344","O8","28","246966.92","148365.23","150209.1"
"344","O8","29","250989.56","149642.86","150339.5"
"344","O8","30","254385.05","150453.84","150469.92"
"344","O8","31","257020.03","151174.56","150547.28"
"344","O8","32","258909.48","151919.22","150390.03"
"344","O8","33","260846.16","152678.12","150289.86"
"344","O8","34","262019.0","153457.0","150484.55"
"344","O8","35","263194.2","153920.48","150547.22"
"344","O8","36","264259.5","154517.39","150598.4"
"344","O8","37","265353.28","155000.2","150540.88"
"344","O8","38","265456.25","155462.28","150483.11"
"344","O8","39","265760.4","156036.78","150361.48"
"344","O8","40","266449.47","156174.77","150472.64"
"344","O8","41","266957.75","156603.31","150616.1"
"344","O8","42","267508.22","156867.33","150510.94"
"344","O8","43","268615.62","157216.98","150375.72"
"344","O8","44","268628.9","157801.05","150478.19"
"344","O8","45","268930.75","158086.77","150423.4"
"344","O8","46","269571.38","158474.06","150311.03"
"344","O8","47","269855.53","158737.06","150225.83"
"344","O8","48","269746.34","159237.38","150454.94"
"344","O8","49","270082.9","159516.84","150368.12"
"344","O8","50","270038.78","159608.4","150243.8"
"344","O8","51","270528.16","159964.88","150303.3"
"344","O8","52","270754.97","160221.0","150233.23"
"344","O8","53","271078.8","160528.1","150343.73"
"344","O8","54","271659.1","160887.06","150284.58"
"344","O8","55","271375.75","161243.73","150379.83"
"344","O8","56","271012.44","161258.11","150433.3"
"344","O8","57","270976.28","161757.14","150298.28"
"344","O8","58","271688.3","161999.36","150263.16"
"344","O8","59","272023.5","162257.12","150269.25"
"344","O8","60","272540.53","162749.89","150101.89"
"344","O8","61","272487.2","162947.11","149947.78"
"344","O8","62","272067.97","163145.98","149958.19"
"344","O8","63","272365.97","163301.27","149850.03"
"344","O8","64","272535.9","163641.56","149849.36"
"344","O8","65","272844.9","163699.22","149821.47"
"344","O8","66","272851.1","164344.42","149749.27"
"344","O8","67","273248.25","164484.94","149796.75"
"344","O8","68","273347.06","164918.94","149864.7"
"344","O8","69","273437.53","165113.2","149951.33"
"344","O8","70","273640.6","165234.16","149861.08"
"344","O8","71","273491.47","165510.86","149889.69"
"344","O8","72","273469.6","165625.44","149830.06"
"344","O8","73","273486.66","165908.97","149655.78"
"344","O8","74","273739.56","166115.39","149469.33"
"344","O8","75","274264.5","166260.31","149358.83"
"344","O8","76","274525.22","166717.27","149561.62"
"344","O8","77","274532.5","167109.58","149865.73"
"344","O8","78","275201.84","167055.14","149916.61"
"344","O8","79","274752.88","167457.02","149668.1"
"344","O8","80","274851.5","167720.47","149499.61"
"344","O8","81","275099.88","167916.81","149470.88"
"344","O8","82","275667.8","167905.31","149222.64"
"344","O8","83","275038.7","168152.69","149094.86"
"344","O8","84","275085.25","168450.12","149262.92"
"344","O8","85","275892.78","168735.53","149358.56"
"344","O8","86","275864.56","169214.98","149324.11"
"344","O8","87","275336.38","169516.38","149298.62"
"344","O8","88","275586.44","169704.61","149169.73"
"344","O8","89","275789.8","170079.56","149081.33"
"344","O8","90","275590.8","170677.72","149069.28"
"345","O9","1","74405.92","64571.746","133549.5"
"345","O9","2","74192.97","64695.414","133130.06"
"345","O9","3","73929.836","65052.77","132856.03"
"345","O9","4","73769.35","65523.383","132819.56"
"345","O9","5","73477.96","66133.01","132745.1"
"345","O9","6","73229.84","66536.055","132715.3"
"345","O9","7","73215.33","66817.98","132723.38"
"345","O9","8","73373.28","66911.91","132565.86"
"345","O9","9","73446.68","67108.67","132528.42"
"345","O9","10","73358.26","67250.69","132721.9"
"345","O9","11","73362.27","67198.94","132730.16"
"345","O9","12","73641.47","67280.92","132651.12"
"345","O9","13","74040.17","67785.07","132571.1"
"345","O9","14","74767.65","68479.78","132442.39"
"345","O9","15","75945.78","69518.91","132381.77"
"345","O9","16","77844.24","71626.086","132399.42"
"345","O9","17","81686.96","75199.266","132416.69"
"345","O9","18","88290.45","81241.21","132595.89"
"345","O9","19","98620.375","90040.85","132639.55"
"345","O9","20","113008.266","100345.62","132853.6"
"345","O9","21","130360.91","110321.73","133001.45"
"345","O9","22","148113.14","118055.875","133024.5"
"345","O9","23","164742.97","123156.99","132804.97"
"345","O9","24","179015.58","126609.72","132695.8"
"345","O9","25","190741.19","129156.39","132749.94"
"345","O9","26","200210.14","130952.59","132895.52"
"345","O9","27","207297.53","132138.02","132942.14"
"345","O9","28","212608.61","133439.81","133045.61"
"345","O9","29","216304.56","134490.03","133047.14"
"345","O9","30","219099.45","135285.17","132995.55"
"345","O9","31","221212.88","135928.47","133061.89"
"345","O9","32","222667.27","136634.83","132961.55"
"345","O9","33","224248.08","137025.75","132876.75"
"345","O9","34","225351.73","137511.98","132909.53"
"345","O9","35","226749.08","138073.08","132860.3"
"345","O9","36","228255.33","138350.4","132836.42"
"345","O9","37","229344.92","138760.39","133006.38"
"345","O9","38","230288.39","139455.9","132872.44"
"345","O9","39","231452.58","140016.2","132797.23"
"345","O9","40","232890.2","140227.9","132918.83"
"345","O9","41","233744.64","140499.16","132900.44"
"345","O9","42","234682.38","140991.27","132764.53"
"345","O9","43","235804.36","141654.72","132703.94"
"345","O9","44","236929.33","141876.7","132796.11"
"345","O9","45","237559.33","142232.86","132750.38"
"345","O9","46","238569.94","142581.84","132695.7"
"345","O9","47","239825.89","142920.16","132684.4"
"345","O9","48","240487.47","143636.56","132660.47"
"345","O9","49","241308.9","144023.84","132435.86"
"345","O9","50","242071.75","144223.72","132383.06"
"345","O9","51","243282.48","144290.38","132539.94"
"345","O9","52","243226.17","144835.61","132561.28"
"345","O9","53","244530.55","144988.6","132500.56"
"345","O9","54","246035.9","145430.17","132183.08"
"345","O9","55","246949.7","145801.97","132113.56"
"345","O9","56","247610.67","146364.67","132221.69"
"345","O9","57","248059.78","147136.58","132495.1"
"345","O9","58","249298.4","147709.12","132668.81"
"345","O9","59","251226.88","148429.36","132597.58"
"345","O9","60","252810.81","149500.5","132511.86"
"345","O9","61","254473.05","150956.56","132470.9"
"345","O9","62","256597.38","152968.53","132472.3"
"345","O9","63","260399.4","155541.42","132386.28"
"345","O9","64","264537.75","159369.06","132359.38"
"345","O9","65","268895.0","163851.05","132452.56"
"345","O9","66","274522.94","169452.66","132349.16"
"345","O9","67","280355.9","175957.69","132358.19"
"345","O9","68","286351.47","183241.38","132633.05"
"345","O9","69","292547.28","190858.12","132599.14"
"345","O9","70","299341.9","198492.06","132558.64"
"345","O9","71","306338.38","205948.19","132681.58"
"345","O9","72","312335.97","213774.02","132681.58"
"345","O9","73","319000.72","220911.45","132800.25"
"345","O9","74","325289.47","228059.44","132998.12"
"345","O9","75","331459.22","235018.39","133167.12"
"345","O9","76","337992.34","241777.75","133158.11"
"345","O9","77","344373.25","248330.17","133163.45"
"345","O9","78","350381.75","254755.17","133208.98"
"345","O9","79","356100.3","260761.33","133219.94"
"345","O9","80","362189.78","266852.9","133431.56"
"345","O9","81","368330.53","272450.28","133448.02"
"345","O9","82","375298.66","277745.25","133500.16"
"345","O9","83","380878.66","283016.1","133388.56"
"345","O9","84","386890.16","288169.38","133308.94"
"345","O9","85","393053.6","293465.12","133443.17"
"345","O9","86","399821.3","297944.62","133453.66"
"345","O9","87","406073.75","302296.78","133352.45"
"345","O9","88","411858.34","307118.25","133340.25"
"345","O9","89","418199.2","311403.12","133450.08"
"345","O9","90","423784.78","314318.75","133386.88"
"346","O10","1","77999.36","64345.945","133687.88"
"346","O10","2","77676.67","64575.23","133505.02"
"346","O10","3","77203.06","65118.926","133187.14"
"346","O10","4","77083.98","65878.82","133053.61"
"346","O10","5","77024.414","66345.47","132999.9"
"346","O10","6","77000.84","66685.2","132974.3"
"346","O10","7","77003.85","66909.7","133128.14"
"346","O10","8","77071.49","67238.09","133089.78"
"346","O10","9","77204.91","67367.31","133014.88"
"346","O10","10","77168.6","67397.31","132899.97"
"346","O10","11","77145.34","67631.445","132764.36"
"346","O10","12","77279.63","67699.445","132705.58"
"346","O10","13","77565.45","68210.24","132760.69"
"346","O10","14","77999.73","68819.47","132758.66"
"346","O10","15","78967.625","69911.29","132866.48"
"346","O10","16","80592.91","71862.555","132840.25"
"346","O10","17","83797.1","75432.26","132824.58"
"346","O10","18","89295.74","81574.15","132825.81"
"346","O10","19","98043.75","90476.75","132979.92"
"346","O10","20","110472.53","101803.17","132970.56"
"346","O10","21","125813.05","113350.9","133049.25"
"346","O10","22","142324.2","122804.25","133256.66"
"346","O10","23","158273.14","129318.38","133460.36"
"346","O10","24","172529.27","133391.16","133376.31"
"346","O10","25","184049.86","136467.56","133163.7"
"346","O10","26","193226.94","138789.5","133055.61"
"346","O10","27","200121.05","140231.78","133071.83"
"346","O10","28","205148.48","141547.55","133064.1"
"346","O10","29","209224.6","142781.39","133004.11"
"346","O10","30","211902.69","143692.56","133086.47"
"346","O10","31","213878.89","144144.58","133321.27"
"346","O10","32","215603.97","144828.94","133316.38"
"346","O10","33","217037.5","145674.19","133073.44"
"346","O10","34","218252.36","145987.06","132889.27"
"346","O10","35","219385.52","146927.42","132843.3"
"346","O10","36","220549.55","147226.1","133008.22"
"346","O10","37","221549.78","147629.61","133050.0"
"346","O10","38","222592.92","148125.6","133025.92"
"346","O10","39","223503.58","148663.83","133110.77"
"346","O10","40","224708.11","149125.81","133024.45"
"346","O10","41","225607.98","149632.56","132827.88"
"346","O10","42","226365.4","149948.3","132761.08"
"346","O10","43","227373.23","150298.84","132855.12"
"346","O10","44","228468.9","150951.16","132855.81"
"346","O10","45","229252.2","151364.47","132944.0"
"346","O10","46","230224.14","151652.69","132850.4"
"346","O10","47","231343.88","152005.06","132782.38"
"346","O10","48","232064.84","152225.1","132831.19"
"346","O10","49","233029.64","152771.77","132817.89"
"346","O10","50","233719.14","153108.05","132819.28"
"346","O10","51","234591.25","153475.95","132638.55"
"346","O10","52","235480.44","153853.22","132396.12"
"346","O10","53","236373.77","154267.89","132364.5"
"346","O10","54","237086.34","154562.86","132503.9"
"346","O10","55","237736.89","154733.14","132508.06"
"346","O10","56","238575.25","155340.64","132513.5"
"346","O10","57","239560.05","155897.11","132486.62"
"346","O10","58","239885.47","156533.78","132480.94"
"346","O10","59","241195.4","156818.38","132408.81"
"346","O10","60","242090.48","157320.69","132387.28"
"346","O10","61","243263.67","158219.73","132479.44"
"346","O10","62","244243.94","159303.34","132551.7"
"346","O10","63","246380.84","160779.17","132543.62"
"346","O10","64","248311.92","162958.97","132348.52"
"346","O10","65","250694.75","165751.17","132285.64"
"346","O10","66","254102.66","169406.94","132273.56"
"346","O10","67","257302.67","173997.81","132304.6"
"346","O10","68","261307.89","179643.95","132468.03"
"346","O10","69","267079.8","186191.66","132586.95"
"346","O10","70","272423.75","193811.8","132575.81"
"346","O10","71","277202.88","202069.27","132368.92"
"346","O10","72","282656.34","209969.44","132317.31"
"346","O10","73","287980.78","217871.25","132403.28"
"346","O10","74","293298.25","225441.48","132520.28"
"346","O10","75","298611.94","232994.97","132476.16"
"346","O10","76","303640.4","240243.83","132474.53"
"346","O10","77","308256.66","247428.06","132614.06"
"346","O10","78","313867.56","254011.4","132474.77"
"346","O10","79","319195.8","260519.78","132467.5"
"346","O10","80","324288.1","266993.47","132716.84"
"346","O10","81","328665.94","273018.47","132712.27"
"346","O10","82","333761.75","278892.78","132638.67"
"346","O10","83","339180.8","284214.75","132599.17"
"346","O10","84","343958.25","289215.4","132635.03"
"346","O10","85","349281.47","293900.78","132742.89"
"346","O10","86","354135.28","298971.25","132770.92"
"346","O10","87","359309.66","303784.0","132767.67"
"346","O10","88","364054.5","307934.0","132692.06"
"346","O10","89","368851.28","312245.25","132661.17"
"346","O10","90","372843.0","315582.1","132795.44"
"347","O11","1","78523.04","67349.45","134434.27"
"347","O11","2","78284.9","67465.07","134155.84"
"347","O11","3","78066.195","68186.055","133967.12"
"347","O11","4","77864.48","68870.79","133925.0"
"347","O11","5","77797.53","69330.28","133910.55"
"347","O11","6","77826.73","69709.43","133896.08"
"347","O11","7","77715.68","70100.984","133838.14"
"347","O11","8","77588.34","70309.02","133802.55"
"347","O11","9","77581.5","70410.87","133799.3"
"347","O11","10","77693.98","70544.41","133673.02"
"347","O11","11","77874.64","70575.39","133674.47"
"347","O11","12","78127.0","70953.984","133797.16"
"347","O11","13","78419.67","71303.766","133716.05"
"347","O11","14","78884.52","71984.086","133727.84"
"347","O11","15","79840.53","73078.58","133901.28"
"347","O11","16","81556.71","75284.28","133759.61"
"347","O11","17","84231.69","78942.875","133712.81"
"347","O11","18","89109.42","85467.38","133799.94"
"347","O11","19","97300.11","94872.77","133914.42"
"347","O11","20","108825.95","107021.375","134146.92"
"347","O11","21","122892.164","119856.82","134215.84"
"347","O11","22","138503.56","130396.77","134264.92"
"347","O11","23","153743.86","138123.22","134647.45"
"347","O11","24","167457.73","143082.7","134668.19"
"347","O11","25","178628.55","146509.23","134602.4"
"347","O11","26","187880.53","148993.23","134690.56"
"347","O11","27","194958.77","150955.39","134680.44"
"347","O11","28","199929.64","152480.25","134720.64"
"347","O11","29","203408.73","153762.52","134694.42"
"347","O11","30","206157.53","154862.16","134810.36"
"347","O11","31","208177.16","155519.69","134735.06"
"347","O11","32","209779.84","156146.77","134621.81"
"347","O11","33","211201.73","156852.55","134573.9"
"347","O11","34","212315.14","157568.11","134600.42"
"347","O11","35","213472.58","158102.34","134764.88"
"347","O11","36","214433.98","158617.06","134833.72"
"347","O11","37","215427.23","159251.33","134748.6"
"347","O11","38","216590.69","159791.14","134721.75"
"347","O11","39","217520.98","160233.92","134847.25"
"347","O11","40","218469.33","160675.47","134904.22"
"347","O11","41","219521.67","161186.17","134972.62"
"347","O11","42","220226.92","161779.62","134843.27"
"347","O11","43","220982.75","162404.34","134643.66"
"347","O11","44","222101.0","162682.25","134539.94"
"347","O11","45","222891.36","163225.08","134582.0"
"347","O11","46","223721.16","163639.45","134649.78"
"347","O11","47","224568.89","164082.58","134743.89"
"347","O11","48","225611.97","164507.84","134802.89"
"347","O11","49","226265.86","165108.58","134597.23"
"347","O11","50","227052.44","165202.78","134455.19"
"347","O11","51","227838.77","165507.25","134418.77"
"347","O11","52","228605.56","166134.83","134570.47"
"347","O11","53","229474.45","166372.86","134629.05"
"347","O11","54","230272.19","166758.7","134485.9"
"347","O11","55","231126.06","167045.03","134400.48"
"347","O11","56","231790.6","167599.48","134477.36"
"347","O11","57","232367.6","168134.31","134518.73"
"347","O11","58","233211.42","168545.8","134453.31"
"347","O11","59","233943.4","169003.98","134390.72"
"347","O11","60","234821.25","169561.67","134254.66"
"347","O11","61","235607.31","170168.17","134191.92"
"347","O11","62","236430.86","170729.33","134324.97"
"347","O11","63","237115.86","171644.61","134476.88"
"347","O11","64","238357.1","172672.1","134363.31"
"347","O11","65","239873.75","174465.28","134284.67"
"347","O11","66","241275.52","176303.33","134301.73"
"347","O11","67","242435.25","178989.11","134097.66"
"347","O11","68","244461.7","182781.62","134064.55"
"347","O11","69","247136.22","187480.19","134316.0"
"347","O11","70","250919.36","193423.58","134327.14"
"347","O11","71","255677.61","200154.53","134403.19"
"347","O11","72","259396.58","208156.03","134615.48"
"347","O11","73","263852.44","216276.97","134677.58"
"347","O11","74","268070.84","224887.77","134736.27"
"347","O11","75","272413.16","233271.4","134810.52"
"347","O11","76","276137.94","241563.06","134947.67"
"347","O11","77","280538.06","249660.31","134868.05"
"347","O11","78","284734.8","257275.19","134802.48"
"347","O11","79","289682.94","264629.06","135002.89"
"347","O11","80","293995.66","271791.78","135212.16"
"347","O11","81","297818.3","278446.75","135377.9"
"347","O11","82","302444.53","284701.94","135444.12"
"347","O11","83","306185.1","290849.28","135412.62"
"347","O11","84","310100.56","296767.6","135423.47"
"347","O11","85","314400.53","302390.9","135571.69"
"347","O11","86","318542.12","307782.78","135529.94"
"347","O11","87","322921.38","312422.88","135584.02"
"347","O11","88","327075.6","317339.62","135573.7"
"347","O11","89","331062.78","321930.3","135482.23"
"347","O11","90","335076.06","325598.88","135547.72"
"348","O12","1","70950.12","66217.85","135674.45"
"348","O12","2","70761.66","66449.2","135478.1"
"348","O12","3","70498.06","67261.805","135285.86"
"348","O12","4","70387.01","67847.87","135183.23"
"348","O12","5","70298.75","68376.68","135106.4"
"348","O12","6","70252.016","68739.37","135022.08"
"348","O12","7","70234.164","68924.49","134883.48"
"348","O12","8","70062.6","69181.07","134548.78"
"348","O12","9","70040.0","69248.53","134569.45"
"348","O12","10","70160.055","69435.34","134956.34"
"348","O12","11","70321.375","69652.414","134924.9"
"348","O12","12","70552.44","69764.086","134858.62"
"348","O12","13","70736.125","69957.67","134881.0"
"348","O12","14","71310.04","70770.555","134780.39"
"348","O12","15","72140.55","72090.734","134726.27"
"348","O12","16","73666.9","74155.54","134759.34"
"348","O12","17","76717.695","77760.445","134823.58"
"348","O12","18","81877.27","83718.2","135216.31"
"348","O12","19","89710.21","93186.35","135430.05"
"348","O12","20","100850.45","105136.914","135543.69"
"348","O12","21","114800.99","117817.43","135607.53"
"348","O12","22","129942.33","128662.74","135659.5"
"348","O12","23","144789.03","137069.97","135544.1"
"348","O12","24","158468.2","142153.86","135517.95"
"348","O12","25","170139.38","145731.78","135823.92"
"348","O12","26","179424.64","148157.48","135796.48"
"348","O12","27","186345.84","150023.47","135548.22"
"348","O12","28","191412.11","151616.58","135460.31"
"348","O12","29","195056.67","152844.84","135644.94"
"348","O12","30","197585.62","153881.55","135732.61"
"348","O12","31","199717.22","154417.03","135619.28"
"348","O12","32","201303.08","155333.9","135579.11"
"348","O12","33","202768.3","155969.92","135830.27"
"348","O12","34","204001.4","156853.47","135817.0"
"348","O12","35","205102.67","157462.16","135756.72"
"348","O12","36","205908.3","157870.94","135637.9"
"348","O12","37","206929.62","158470.98","135566.6"
"348","O12","38","207909.6","158887.56","135697.69"
"348","O12","39","208902.22","159337.61","135706.36"
"348","O12","40","209768.14","159779.81","135601.16"
"348","O12","41","210516.17","160404.11","135516.83"
"348","O12","42","211664.44","160731.52","135487.39"
"348","O12","43","212674.23","161266.5","135464.88"
"348","O12","44","213510.97","161646.02","135405.17"
"348","O12","45","214267.34","162305.58","135471.08"
"348","O12","46","215058.55","162524.53","135485.92"
"348","O12","47","215953.97","163222.19","135445.7"
"348","O12","48","216913.23","163883.9","135533.73"
"348","O12","49","217918.28","164192.67","135376.7"
"348","O12","50","218588.62","164316.84","135275.1"
"348","O12","51","219368.84","164890.02","135341.52"
"348","O12","52","219913.33","165341.72","135423.8"
"348","O12","53","220453.67","165722.1","135391.97"
"348","O12","54","221403.38","166153.8","135305.58"
"348","O12","55","222336.39","166231.52","135272.89"
"348","O12","56","222906.16","166500.0","135235.83"
"348","O12","57","223889.0","167061.05","135244.81"
"348","O12","58","224500.27","167668.66","135440.83"
"348","O12","59","225211.5","168093.52","135330.86"
"348","O12","60","226119.23","168488.64","135205.17"
"348","O12","61","226675.84","168884.53","135115.05"
"348","O12","62","227204.58","169202.42","135063.48"
"348","O12","63","228187.1","170164.56","135028.39"
"348","O12","64","229200.92","170863.27","134819.7"
"348","O12","65","229883.92","171482.64","134816.48"
"348","O12","66","230942.83","172814.4","135070.73"
"348","O12","67","232159.78","174298.31","134754.14"
"348","O12","68","233523.31","176254.7","134686.34"
"348","O12","69","235314.61","179035.78","134970.64"
"348","O12","70","237522.1","183276.8","135141.72"
"348","O12","71","240249.94","188497.56","135015.73"
"348","O12","72","243460.31","194522.67","134970.75"
"348","O12","73","246508.03","202005.45","135171.25"
"348","O12","74","250108.88","209940.5","135284.11"
"348","O12","75","254303.08","218331.44","135273.92"
"348","O12","76","258387.08","227019.92","135466.08"
"348","O12","77","262044.06","235453.39","135657.06"
"348","O12","78","265952.8","243468.98","135697.67"
"348","O12","79","269852.84","251195.08","135790.72"
"348","O12","80","274310.3","258808.56","135733.48"
"348","O12","81","278202.7","266061.94","135712.4"
"348","O12","82","282078.34","272605.47","136010.33"
"348","O12","83","286211.2","278980.12","136025.86"
"348","O12","84","289545.22","285429.03","136092.56"
"348","O12","85","293812.84","291130.16","136109.2"
"348","O12","86","297933.72","296545.97","136221.23"
"348","O12","87","301351.16","301723.16","136198.83"
"348","O12","88","305418.2","306865.06","136254.2"
"348","O12","89","309119.53","311305.2","136351.22"
"348","O12","90","311639.62","315347.34","136343.48"
"349","O13","1","69687.22","67148.1","130122.44"
"349","O13","2","69460.76","67233.82","129823.21"
"349","O13","3","69050.63","67736.75","129657.586"
"349","O13","4","68848.234","68267.13","129762.44"
"349","O13","5","68542.195","68892.41","129869.03"
"349","O13","6","68485.086","69336.77","129758.766"
"349","O13","7","68590.12","69596.92","129703.914"
"349","O13","8","68752.01","70108.97","129774.8"
"349","O13","9","68826.555","70331.73","129686.03"
"349","O13","10","68917.055","70384.73","129427.17"
"349","O13","11","68953.92","70375.73","129414.73"
"349","O13","12","68991.734","70521.72","129621.555"
"349","O13","13","69402.95","70742.836","129675.66"
"349","O13","14","69944.22","71599.836","129663.69"
"349","O13","15","70816.04","72649.05","129698.11"
"349","O13","16","72426.71","74807.625","129847.29"
"349","O13","17","75291.84","78643.26","129804.26"
"349","O13","18","80129.46","84808.31","129747.89"
"349","O13","19","87869.59","94316.49","129797.875"
"349","O13","20","98944.32","106602.46","129937.22"
"349","O13","21","112648.67","119563.9","130243.54"
"349","O13","22","127556.484","130772.664","130281.0"
"349","O13","23","142329.83","139089.36","130272.98"
"349","O13","24","155533.0","144626.98","130301.984"
"349","O13","25","166827.66","148628.7","130257.695"
"349","O13","26","176182.28","151324.62","130345.05"
"349","O13","27","183087.67","153366.27","130467.15"
"349","O13","28","187907.16","154978.8","130529.36"
"349","O13","29","191398.52","156147.02","130418.05"
"349","O13","30","193896.22","156936.88","130337.31"
"349","O13","31","195775.19","157722.69","130407.734"
"349","O13","32","197290.77","158416.77","130405.484"
"349","O13","33","198815.81","159160.17","130558.23"
"349","O13","34","199907.0","159827.92","130416.54"
"349","O13","35","201134.06","160445.58","130329.61"
"349","O13","36","202085.36","160946.22","130493.836"
"349","O13","37","202781.23","161640.02","130632.414"
"349","O13","38","203783.11","162345.6","130501.85"
"349","O13","39","204788.52","162752.3","130352.96"
"349","O13","40","205491.34","163180.02","130197.86"
"349","O13","41","206431.48","163630.08","130121.43"
"349","O13","42","207530.06","163943.66","130182.83"
"349","O13","43","208280.31","164681.97","130181.49"
"349","O13","44","209156.78","165258.03","130337.54"
"349","O13","45","210020.25","165745.03","130326.85"
"349","O13","46","210784.66","166087.12","130408.58"
"349","O13","47","211552.27","166317.34","130453.76"
"349","O13","48","212259.9","166659.92","130393.14"
"349","O13","49","213019.28","167197.42","130404.82"
"349","O13","50","213666.53","167802.7","130365.1"
"349","O13","51","214726.1","168228.14","130395.84"
"349","O13","52","215406.28","168705.62","130128.93"
"349","O13","53","216042.84","169110.31","130050.66"
"349","O13","54","216510.92","169499.81","130247.14"
"349","O13","55","217389.95","169904.58","130189.11"
"349","O13","56","218128.62","170326.39","129990.09"
"349","O13","57","218831.45","170589.5","129827.74"
"349","O13","58","219371.62","171058.84","129813.75"
"349","O13","59","219969.81","171358.7","130061.46"
"349","O13","60","220563.08","171788.28","130064.266"
"349","O13","61","221441.98","172078.06","129860.35"
"349","O13","62","222359.3","172700.0","129746.41"
"349","O13","63","222955.48","173143.38","129662.12"
"349","O13","64","223523.9","173666.39","129661.04"
"349","O13","65","224167.58","174397.78","129872.29"
"349","O13","66","224912.92","174820.98","129948.266"
"349","O13","67","225786.44","175388.4","130032.055"
"349","O13","68","226854.03","176478.14","129963.664"
"349","O13","69","227780.31","177817.86","129833.6"
"349","O13","70","228645.03","179731.11","129784.24"
"349","O13","71","230014.31","182090.38","129890.836"
"349","O13","72","231857.33","185829.64","129934.69"
"349","O13","73","234027.22","190292.84","129904.7"
"349","O13","74","236754.16","195691.38","130007.11"
"349","O13","75","239867.6","202664.97","130162.06"
"349","O13","76","243036.03","210706.22","130274.32"
"349","O13","77","246617.83","219111.06","130203.664"
"349","O13","78","250573.77","227902.4","130130.93"
"349","O13","79","254755.05","236597.98","130198.42"
"349","O13","80","258192.83","245051.19","130319.82"
"349","O13","81","261396.67","253258.56","130589.305"
"349","O13","82","265176.94","260878.56","130596.69"
"349","O13","83","269025.44","268465.3","130668.57"
"349","O13","84","272462.94","275611.22","130624.51"
"349","O13","85","276068.8","282258.8","130691.984"
"349","O13","86","279602.9","288647.2","130803.26"
"349","O13","87","283205.5","294647.78","131034.55"
"349","O13","88","286733.66","300181.62","131114.75"
"349","O13","89","290335.06","305438.34","131250.69"
"349","O13","90","293387.06","309974.44","131176.31"
"350","O14","1","75648.36","68539.54","133688.5"
"350","O14","2","75481.06","68745.625","133601.62"
"350","O14","3","75084.98","69149.3","133239.7"
"350","O14","4","74891.26","70093.47","132907.02"
"350","O14","5","74685.2","70619.94","132852.94"
"350","O14","6","74416.58","71004.805","133130.66"
"350","O14","7","74358.2","71514.0","133193.31"
"350","O14","8","74378.875","71829.58","133102.95"
"350","O14","9","74435.54","71773.32","133015.06"
"350","O14","10","74494.99","71824.87","132969.14"
"350","O14","11","74491.02","71984.78","133113.27"
"350","O14","12","74529.35","72147.16","133161.48"
"350","O14","13","74642.4","72512.79","133046.05"
"350","O14","14","75160.164","73280.48","132774.73"
"350","O14","15","75978.125","74456.1","132721.62"
"350","O14","16","77559.78","76408.484","132947.6"
"350","O14","17","80252.83","80134.76","132992.44"
"350","O14","18","84944.01","86774.914","133199.83"
"350","O14","19","92190.76","96759.875","133324.19"
"350","O14","20","102938.69","109035.266","133431.36"
"350","O14","21","116108.91","122313.14","133287.4"
"350","O14","22","130320.27","134091.7","133148.61"
"350","O14","23","144372.72","142671.94","133057.4"
"350","O14","24","157148.72","148322.44","133016.77"
"350","O14","25","168209.05","152124.75","133029.08"
"350","O14","26","176921.33","155024.58","133312.67"
"350","O14","27","183585.83","157199.66","133187.83"
"350","O14","28","188455.94","158621.14","133098.44"
"350","O14","29","192151.39","159688.33","133257.47"
"350","O14","30","194709.3","160763.33","133400.31"
"350","O14","31","196248.28","161485.9","133335.64"
"350","O14","32","197709.86","162160.6","133266.33"
"350","O14","33","198760.6","163385.92","133180.52"
"350","O14","34","200057.27","164013.72","133156.27"
"350","O14","35","201190.9","164480.6","133101.55"
"350","O14","36","202132.33","165331.14","133144.84"
"350","O14","37","202878.39","165773.08","133086.75"
"350","O14","38","203838.72","166558.11","133087.53"
"350","O14","39","204511.34","166897.19","133095.61"
"350","O14","40","205403.4","167483.28","132844.36"
"350","O14","41","206500.66","167903.9","132861.17"
"350","O14","42","207256.8","168103.38","133357.33"
"350","O14","43","207892.73","168795.27","133250.06"
"350","O14","44","208672.12","169554.86","133098.1"
"350","O14","45","209674.55","170040.34","132999.27"
"350","O14","46","210398.9","170432.47","132910.11"
"350","O14","47","211010.9","170581.28","132945.28"
"350","O14","48","211884.75","171265.8","133186.61"
"350","O14","49","212459.75","171742.52","133163.31"
"350","O14","50","213057.34","172115.36","133038.66"
"350","O14","51","213746.78","172575.11","132929.14"
"350","O14","52","214701.84","172890.23","132867.11"
"350","O14","53","215187.89","173650.05","132894.23"
"350","O14","54","215841.42","174102.22","132859.86"
"350","O14","55","216800.14","174383.42","132887.69"
"350","O14","56","217328.47","174889.02","132765.97"
"350","O14","57","217920.36","175404.34","132722.89"
"350","O14","58","218629.55","175610.34","132838.31"
"350","O14","59","218986.97","175755.56","132640.23"
"350","O14","60","219557.73","176289.72","132500.16"
"350","O14","61","220162.95","176821.1","132345.03"
"350","O14","62","220875.0","177188.61","132366.34"
"350","O14","63","221516.56","177740.12","132652.92"
"350","O14","64","222204.95","178316.28","132585.55"
"350","O14","65","222715.12","178713.95","132480.23"
"350","O14","66","223274.89","179203.78","132404.83"
"350","O14","67","224002.84","180081.45","132375.42"
"350","O14","68","224916.36","181137.17","132427.89"
"350","O14","69","225644.75","182276.0","132391.02"
"350","O14","70","226609.62","183791.38","132312.3"
"350","O14","71","227765.0","185802.81","132260.9"
"350","O14","72","229267.28","188445.81","132205.48"
"350","O14","73","231136.1","192123.36","132225.06"
"350","O14","74","233432.95","197162.1","132340.16"
"350","O14","75","235913.64","203673.17","132277.0"
"350","O14","76","238591.03","211511.47","132293.08"
"350","O14","77","242009.72","219945.61","132500.61"
"350","O14","78","245381.48","228366.72","132477.42"
"350","O14","79","248559.73","237341.16","132471.66"
"350","O14","80","252076.92","246070.33","132720.33"
"350","O14","81","255594.89","254996.03","132942.92"
"350","O14","82","258755.78","263116.1","132841.19"
"350","O14","83","261766.95","271317.44","132757.06"
"350","O14","84","266047.25","278452.16","132812.73"
"350","O14","85","269482.34","285382.8","132945.8"
"350","O14","86","272964.28","292240.0","133079.97"
"350","O14","87","276316.78","298325.66","133064.52"
"350","O14","88","279429.47","304504.84","133055.11"
"350","O14","89","282684.38","310154.62","133167.55"
"350","O14","90","286393.78","314308.12","133152.42"
"351","O15","1","77192.51","69051.88","134276.11"
"351","O15","2","76962.336","69165.195","134065.03"
"351","O15","3","76764.03","69775.06","133852.8"
"351","O15","4","76635.21","70622.16","133650.97"
"351","O15","5","76502.37","71338.79","133644.61"
"351","O15","6","76255.984","71626.93","133804.4"
"351","O15","7","76206.18","71955.53","133814.62"
"351","O15","8","76263.98","72269.445","133820.36"
"351","O15","9","76339.03","72397.57","133831.89"
"351","O15","10","76408.32","72412.49","133940.8"
"351","O15","11","76627.22","72622.1","133772.52"
"351","O15","12","76752.52","72831.0","133760.48"
"351","O15","13","76907.45","73147.14","133978.69"
"351","O15","14","77325.39","74036.44","133898.92"
"351","O15","15","78179.67","75178.98","133814.64"
"351","O15","16","79802.586","77409.984","133750.03"
"351","O15","17","82447.3","81309.914","133758.69"
"351","O15","18","87346.98","87683.11","133923.92"
"351","O15","19","94879.56","97753.0","133876.73"
"351","O15","20","105623.805","110118.05","133917.3"
"351","O15","21","119126.016","123562.64","134295.23"
"351","O15","22","133627.56","135044.02","134361.75"
"351","O15","23","148197.6","143620.81","134490.4"
"351","O15","24","161108.47","149652.72","134488.16"
"351","O15","25","172183.19","153596.11","134405.23"
"351","O15","26","181333.08","156154.66","134376.3"
"351","O15","27","188419.94","158099.84","134356.75"
"351","O15","28","193381.7","159652.61","134348.12"
"351","O15","29","196925.3","161155.05","134553.77"
"351","O15","30","199361.36","162230.19","134505.62"
"351","O15","31","200997.12","163024.48","134428.3"
"351","O15","32","202531.48","164165.67","134524.55"
"351","O15","33","204013.52","164875.84","134664.28"
"351","O15","34","204996.89","165320.3","134614.88"
"351","O15","35","205906.75","165961.95","134510.84"
"351","O15","36","207127.36","166697.92","134395.36"
"351","O15","37","208046.9","167348.28","134166.7"
"351","O15","38","209011.73","168021.31","134115.36"
"351","O15","39","209693.62","168634.72","134308.16"
"351","O15","40","210546.86","169151.14","134331.42"
"351","O15","41","211546.06","169556.81","134498.84"
"351","O15","42","212240.55","170078.6","134649.72"
"351","O15","43","212853.4","170685.7","134541.64"
"351","O15","44","214099.92","171048.4","134272.97"
"351","O15","45","214841.02","171434.61","134247.86"
"351","O15","46","215413.12","172212.33","134529.86"
"351","O15","47","216104.52","172552.03","134267.03"
"351","O15","48","216860.5","172748.97","134170.02"
"351","O15","49","217690.25","173237.86","134353.8"
"351","O15","50","218435.53","174185.72","134423.92"
"351","O15","51","219270.2","174716.64","134413.6"
"351","O15","52","219939.06","175262.08","134287.38"
"351","O15","53","220492.38","175535.47","134087.66"
"351","O15","54","221075.25","175631.69","134072.38"
"351","O15","55","222285.2","176146.77","134347.84"
"351","O15","56","222697.84","176569.23","134303.03"
"351","O15","57","223511.72","176862.75","134213.05"
"351","O15","58","224048.22","177293.6","134220.66"
"351","O15","59","224711.61","177830.22","134231.81"
"351","O15","60","225630.22","178356.03","133995.89"
"351","O15","61","226157.8","178505.67","133902.61"
"351","O15","62","226462.94","178643.53","133939.69"
"351","O15","63","227225.11","179453.12","133921.73"
"351","O15","64","227796.1","179860.14","133757.92"
"351","O15","65","228397.0","180213.44","133730.16"
"351","O15","66","229226.0","180885.34","133869.19"
"351","O15","67","230015.12","181197.27","133895.23"
"351","O15","68","230893.11","181383.44","133877.8"
"351","O15","69","231200.02","181939.88","133766.03"
"351","O15","70","231806.73","182918.9","133721.0"
"351","O15","71","232684.9","183759.38","133767.95"
"351","O15","72","233635.25","185140.67","133850.81"
"351","O15","73","234824.44","186723.3","133880.12"
"351","O15","74","236339.27","188656.81","133856.34"
"351","O15","75","238180.81","191717.52","133795.28"
"351","O15","76","240193.36","195890.92","133706.55"
"351","O15","77","242821.97","201339.11","133771.67"
"351","O15","78","246279.23","207453.62","134146.56"
"351","O15","79","250393.39","214755.33","134068.78"
"351","O15","80","254512.83","223035.66","134025.73"
"351","O15","81","257938.06","231746.4","134224.1"
"351","O15","82","262322.62","240515.25","134317.1"
"351","O15","83","266718.9","249255.3","134338.02"
"351","O15","84","270817.38","257652.45","134327.27"
"351","O15","85","275611.56","265606.5","134411.89"
"351","O15","86","280383.2","273578.06","134467.12"
"351","O15","87","283294.16","280847.97","134512.58"
"351","O15","88","287072.9","287790.34","134534.16"
"351","O15","89","291396.72","294271.66","134560.72"
"351","O15","90","294333.75","299665.16","134689.23"
"352","O16","1","83250.734","70052.125","140786.44"
"352","O16","2","82923.69","70083.8","140381.86"
"352","O16","3","82368.97","70549.875","139965.05"
"352","O16","4","82034.555","71259.33","139767.0"
"352","O16","5","81765.8","71986.28","139570.22"
"352","O16","6","81632.33","72250.59","139410.9"
"352","O16","7","81628.59","72586.63","139273.31"
"352","O16","8","81694.805","72891.18","139153.83"
"352","O16","9","81661.64","73062.805","139097.48"
"352","O16","10","81673.01","73190.68","139258.62"
"352","O16","11","81815.42","73391.336","139248.62"
"352","O16","12","81894.21","73713.33","139167.64"
"352","O16","13","82134.42","73928.9","139073.22"
"352","O16","14","82441.72","74553.16","139047.78"
"352","O16","15","83514.53","75700.19","139021.92"
"352","O16","16","85047.36","77602.21","139191.5"
"352","O16","17","87914.59","81409.41","139198.94"
"352","O16","18","92831.29","88146.11","139347.08"
"352","O16","19","100529.86","98407.555","139378.05"
"352","O16","20","111804.36","110887.34","139499.56"
"352","O16","21","125655.79","123988.73","139609.55"
"352","O16","22","140700.03","135745.62","139868.7"
"352","O16","23","155341.72","144646.4","139956.78"
"352","O16","24","168897.28","150723.7","139841.86"
"352","O16","25","180745.16","154850.2","139795.28"
"352","O16","26","189884.05","157465.67","139928.33"
"352","O16","27","196830.98","159372.45","139871.92"
"352","O16","28","202005.95","161101.12","139798.02"
"352","O16","29","205580.47","162739.61","139921.81"
"352","O16","30","208081.4","163310.62","139851.02"
"352","O16","31","209975.75","163965.61","139781.64"
"352","O16","32","211860.33","165223.84","139819.83"
"352","O16","33","213107.69","165966.02","139918.61"
"352","O16","34","214097.42","166810.16","139902.48"
"352","O16","35","214925.31","167461.42","139824.83"
"352","O16","36","216187.33","167967.58","139928.12"
"352","O16","37","217302.1","168744.67","139855.8"
"352","O16","38","218052.92","169388.47","139775.19"
"352","O16","39","218929.11","169998.92","139943.03"
"352","O16","40","219995.45","170312.73","139902.88"
"352","O16","41","220921.08","170759.67","139620.48"
"352","O16","42","221246.6","171342.16","139490.42"
"352","O16","43","222103.0","171807.64","139580.44"
"352","O16","44","222807.81","172116.97","139521.34"
"352","O16","45","223713.19","172526.11","139422.16"
"352","O16","46","224672.78","173326.52","139355.77"
"352","O16","47","225278.27","173907.06","139345.77"
"352","O16","48","225990.83","174198.02","139285.1"
"352","O16","49","226718.69","174864.69","139201.83"
"352","O16","50","227631.84","175191.94","139230.2"
"352","O16","51","228233.95","175741.33","139159.48"
"352","O16","52","229063.16","175977.78","139186.56"
"352","O16","53","229875.23","176498.92","139313.53"
"352","O16","54","230507.3","176929.02","139124.66"
"352","O16","55","230815.16","177336.92","139064.08"
"352","O16","56","231640.78","177782.1","139323.69"
"352","O16","57","232154.67","178334.38","139308.31"
"352","O16","58","233016.66","178571.48","139301.05"
"352","O16","59","233542.39","178859.94","139266.55"
"352","O16","60","234319.67","179270.34","139150.73"
"352","O16","61","234834.17","179527.31","139023.9"
"352","O16","62","235162.1","180055.1","138942.03"
"352","O16","63","235902.4","180540.95","138991.03"
"352","O16","64","236659.73","181063.64","138971.53"
"352","O16","65","237344.28","181229.97","138969.98"
"352","O16","66","237868.11","181686.06","138984.77"
"352","O16","67","238525.36","182078.28","138940.25"
"352","O16","68","238977.03","182595.81","139006.95"
"352","O16","69","239865.62","182904.61","138926.66"
"352","O16","70","240663.61","183460.66","138855.42"
"352","O16","71","241235.11","183844.64","138941.69"
"352","O16","72","241636.98","184187.02","138938.48"
"352","O16","73","242109.72","184780.36","138864.52"
"352","O16","74","242535.23","185187.9","138859.94"
"352","O16","75","243159.83","185494.77","138851.94"
"352","O16","76","243887.7","185760.9","138816.83"
"352","O16","77","244550.3","186050.2","138627.17"
"352","O16","78","245105.34","186138.42","138518.94"
"352","O16","79","245786.86","186785.67","138474.36"
"352","O16","80","246321.34","187556.78","138438.11"
"352","O16","81","246938.81","188081.28","138497.45"
"352","O16","82","247319.55","189018.38","138389.36"
"352","O16","83","247998.77","189898.4","138079.58"
"352","O16","84","248616.58","191051.02","138084.38"
"352","O16","85","249265.75","192433.56","138411.34"
"352","O16","86","250105.7","194570.1","138431.47"
"352","O16","87","250866.08","196956.16","138146.83"
"352","O16","88","251518.44","199961.78","138153.58"
"352","O16","89","252587.92","204676.42","138533.23"
"352","O16","90","253650.95","209384.47","138618.73"
"353","O17","1","76756.6","55972.652","142780.8"
"353","O17","2","76310.06","55981.81","142154.25"
"353","O17","3","76019.664","56116.84","141749.86"
"353","O17","4","75903.31","56372.04","141686.56"
"353","O17","5","75888.94","56976.777","141764.48"
"353","O17","6","76001.11","57346.438","141843.78"
"353","O17","7","75791.414","57355.883","141583.14"
"353","O17","8","75701.945","57320.81","141458.2"
"353","O17","9","75663.94","57574.727","141497.25"
"353","O17","10","75672.445","57633.66","141466.75"
"353","O17","11","75743.59","57579.215","141592.2"
"353","O17","12","75754.336","57771.117","141757.53"
"353","O17","13","75870.414","57917.75","141741.66"
"353","O17","14","76145.4","57887.305","141673.6"
"353","O17","15","76359.06","57969.543","141572.05"
"353","O17","16","76681.914","58220.8","141443.06"
"353","O17","17","76921.83","58389.203","141437.67"
"353","O17","18","77599.48","58494.805","141793.33"
"353","O17","19","79141.4","58644.47","141893.27"
"353","O17","20","81587.75","58989.36","141740.9"
"353","O17","21","85914.96","59715.336","141609.23"
"353","O17","22","93138.13","61348.02","141520.0"
"353","O17","23","104059.47","63839.906","141431.47"
"353","O17","24","118962.17","67571.49","141488.97"
"353","O17","25","137244.2","72008.016","141789.28"
"353","O17","26","156953.4","76784.836","141822.7"
"353","O17","27","175849.81","80603.93","141873.11"
"353","O17","28","191497.84","83402.195","141734.89"
"353","O17","29","203972.84","85074.5","141632.14"
"353","O17","30","214054.1","86175.66","141669.38"
"353","O17","31","222355.08","86852.43","141640.92"
"353","O17","32","229083.23","87703.18","141596.78"
"353","O17","33","234241.25","88506.805","141609.8"
"353","O17","34","238570.38","88999.555","141553.6"
"353","O17","35","241911.89","89464.76","141490.95"
"353","O17","36","244470.52","89627.305","141572.06"
"353","O17","37","246854.17","89888.03","141561.31"
"353","O17","38","248605.12","90174.4","141472.97"
"353","O17","39","250097.27","90437.82","141441.23"
"353","O17","40","251288.98","90794.53","141468.81"
"353","O17","41","252441.58","91072.07","141458.89"
"353","O17","42","253867.16","91328.02","141639.44"
"353","O17","43","254609.72","91552.234","141642.12"
"353","O17","44","255291.53","91781.3","141573.36"
"353","O17","45","256127.47","92033.39","141453.25"
"353","O17","46","256799.27","92240.21","141307.19"
"353","O17","47","257271.53","92359.516","141242.8"
"353","O17","48","258064.78","92720.305","141370.5"
"353","O17","49","258835.53","93056.055","141481.8"
"353","O17","50","259359.64","93353.96","141298.36"
"353","O17","51","259992.38","93344.47","141189.7"
"353","O17","52","260755.77","93734.28","141220.75"
"353","O17","53","261302.3","94026.21","141362.16"
"353","O17","54","261441.02","94264.99","141436.62"
"353","O17","55","261778.95","94671.695","141332.39"
"353","O17","56","262326.7","95023.49","141112.98"
"353","O17","57","263226.16","95154.21","141019.02"
"353","O17","58","263862.47","95243.12","141057.03"
"353","O17","59","264452.47","95664.23","141168.9"
"353","O17","60","264954.38","96058.35","141055.36"
"353","O17","61","266006.34","96583.43","140702.97"
"353","O17","62","266881.25","97479.86","140689.95"
"353","O17","63","268355.9","98247.664","140970.47"
"353","O17","64","270329.16","99553.71","140976.28"
"353","O17","65","272583.3","101243.86","140961.14"
"353","O17","66","275877.34","103102.82","141114.53"
"353","O17","67","279676.2","106060.77","141124.69"
"353","O17","68","285511.47","109464.914","141192.11"
"353","O17","69","292758.97","112879.75","141178.2"
"353","O17","70","299315.62","116770.38","141248.84"
"353","O17","71","306769.34","120851.14","141238.44"
"353","O17","72","314728.72","125367.42","141238.98"
"353","O17","73","323369.2","129677.16","141224.61"
"353","O17","74","331869.1","133863.06","141176.6"
"353","O17","75","341155.0","138207.53","141198.25"
"353","O17","76","350192.0","143038.27","141116.92"
"353","O17","77","359628.0","147418.83","141092.03"
"353","O17","78","369228.0","152000.11","141267.62"
"353","O17","79","378020.56","156615.66","141254.12"
"353","O17","80","387363.66","160968.86","141250.77"
"353","O17","81","397262.34","165258.47","141493.73"
"353","O17","82","406778.12","169711.38","141512.89"
"353","O17","83","415573.03","174297.8","141446.89"
"353","O17","84","425451.56","178914.97","141473.88"
"353","O17","85","434989.7","183262.58","141390.95"
"353","O17","86","444353.22","187454.2","141291.58"
"353","O17","87","453676.03","191513.62","141237.94"
"353","O17","88","462199.47","195869.64","141222.53"
"353","O17","89","470167.12","200148.9","141136.47"
"353","O17","90","476028.62","204338.39","141060.7"
"354","O18","1","84449.77","56738.1","141658.52"
"354","O18","2","84153.04","56867.793","141377.44"
"354","O18","3","83897.95","57380.85","141177.95"
"354","O18","4","83726.055","57495.55","141314.77"
"354","O18","5","83630.59","57643.457","141367.0"
"354","O18","6","83557.16","57922.832","141494.3"
"354","O18","7","83253.16","58075.848","141474.14"
"354","O18","8","83124.625","58401.37","141518.17"
"354","O18","9","83025.22","58839.09","141631.42"
"354","O18","10","83046.2","58818.125","141488.17"
"354","O18","11","83235.76","58797.688","141329.23"
"354","O18","12","83271.6","58790.574","141299.62"
"354","O18","13","83166.97","58774.17","141377.36"
"354","O18","14","83128.33","58852.113","141367.12"
"354","O18","15","83222.336","58930.08","141276.39"
"354","O18","16","83453.23","58964.332","141214.83"
"354","O18","17","83801.016","59157.504","141432.88"
"354","O18","18","84506.164","59381.527","141440.03"
"354","O18","19","85466.96","59515.766","141359.89"
"354","O18","20","87416.07","59975.74","141242.38"
"354","O18","21","90958.36","60881.64","141210.64"
"354","O18","22","96790.08","62470.727","141154.62"
"354","O18","23","105552.47","64956.777","141291.0"
"354","O18","24","118047.484","68714.445","141218.12"
"354","O18","25","133487.42","73886.195","141175.56"
"354","O18","26","150996.97","79389.86","141201.83"
"354","O18","27","168723.77","84426.16","141130.1"
"354","O18","28","184921.3","88420.625","141208.61"
"354","O18","29","198119.5","91307.79","141279.58"
"354","O18","30","208575.08","93032.04","141223.25"
"354","O18","31","217146.78","93973.69","141145.39"
"354","O18","32","223892.58","94560.31","141187.78"
"354","O18","33","229257.66","95082.53","141078.78"
"354","O18","34","233523.23","95789.82","140964.8"
"354","O18","35","236770.02","96382.26","140936.17"
"354","O18","36","239301.95","96823.29","140870.12"
"354","O18","37","241287.73","97069.0","140959.06"
"354","O18","38","242872.42","97532.414","140945.2"
"354","O18","39","244227.78","97889.91","140893.83"
"354","O18","40","245475.66","97913.516","141020.89"
"354","O18","41","246477.9","98214.67","140829.64"
"354","O18","42","247530.14","98602.9","140705.69"
"354","O18","43","248440.3","98727.84","140757.44"
"354","O18","44","249259.86","98875.84","140682.86"
"354","O18","45","249777.19","99420.78","140682.39"
"354","O18","46","250223.03","99631.21","140820.19"
"354","O18","47","251193.36","99641.13","140749.6"
"354","O18","48","251552.38","100091.625","140645.03"
"354","O18","49","252094.64","100248.67","140544.38"
"354","O18","50","252335.0","100468.14","140514.11"
"354","O18","51","252844.72","100831.35","140497.64"
"354","O18","52","254097.88","101168.555","140687.67"
"354","O18","53","254554.17","101451.02","140645.88"
"354","O18","54","254806.17","101464.95","140616.39"
"354","O18","55","255073.08","101779.66","140661.6"
"354","O18","56","255472.39","101928.13","140569.06"
"354","O18","57","255830.11","102066.13","140445.14"
"354","O18","58","256028.7","102431.016","140374.94"
"354","O18","59","256710.64","102883.695","140457.56"
"354","O18","60","257355.52","103116.4","140374.38"
"354","O18","61","257917.67","103310.85","140213.05"
"354","O18","62","258282.62","104029.05","140096.77"
"354","O18","63","259275.1","104683.87","139999.44"
"354","O18","64","260493.03","105643.31","139929.62"
"354","O18","65","261977.3","107057.375","139951.31"
"354","O18","66","263978.34","108785.72","139969.3"
"354","O18","67","266766.25","111112.38","139793.95"
"354","O18","68","271039.8","113830.97","139688.48"
"354","O18","69","276444.0","117157.77","139695.48"
"354","O18","70","282027.72","121249.67","139919.56"
"354","O18","71","287884.72","125860.22","139952.31"
"354","O18","72","294827.0","130408.47","139894.33"
"354","O18","73","301848.12","135030.92","139915.9"
"354","O18","74","308771.1","139840.36","140017.19"
"354","O18","75","316156.78","144407.53","140011.36"
"354","O18","76","323998.62","149114.56","139994.92"
"354","O18","77","332837.56","153751.86","139796.23"
"354","O18","78","340450.72","158506.48","139658.92"
"354","O18","79","348360.3","163177.9","139468.89"
"354","O18","80","357277.8","168148.4","139487.92"
"354","O18","81","365823.88","172987.4","139741.66"
"354","O18","82","374376.6","177713.14","139760.67"
"354","O18","83","382601.22","182528.75","139754.12"
"354","O18","84","390903.7","187054.66","139767.17"
"354","O18","85","400390.75","191531.11","139811.27"
"354","O18","86","409833.06","196058.58","139782.5"
"354","O18","87","418291.1","200706.02","139785.69"
"354","O18","88","426323.12","205367.8","139737.86"
"354","O18","89","434913.44","209892.42","139687.48"
"354","O18","90","443063.66","213201.47","139640.44"
"355","O19","1","74175.04","57697.35","145283.23"
"355","O19","2","73903.11","57750.613","145052.17"
"355","O19","3","73664.7","58008.477","144599.97"
"355","O19","4","73434.945","58462.44","144454.1"
"355","O19","5","73356.92","58766.727","144518.0"
"355","O19","6","73366.914","58837.79","144484.81"
"355","O19","7","73407.57","59198.16","144585.94"
"355","O19","8","73341.84","59225.605","144623.73"
"355","O19","9","73316.95","59357.59","144685.47"
"355","O19","10","73343.76","59547.062","144580.3"
"355","O19","11","73273.73","59719.465","144335.48"
"355","O19","12","73262.71","59695.445","144237.03"
"355","O19","13","73368.59","59725.504","144333.1"
"355","O19","14","73602.54","59803.35","144314.8"
"355","O19","15","73597.36","59731.79","144413.06"
"355","O19","16","73590.63","59852.78","144396.7"
"355","O19","17","73902.375","60096.203","144421.67"
"355","O19","18","74651.51","60088.25","144524.08"
"355","O19","19","75919.24","60196.895","144446.14"
"355","O19","20","77620.75","61006.168","144409.44"
"355","O19","21","80827.92","61943.742","144571.67"
"355","O19","22","86285.19","63558.59","144463.66"
"355","O19","23","94190.95","66166.91","144329.02"
"355","O19","24","104928.39","70121.3","144235.3"
"355","O19","25","118131.766","75302.96","144216.78"
"355","O19","26","133015.92","81261.27","144472.31"
"355","O19","27","148984.9","87751.61","144511.75"
"355","O19","28","164545.83","93397.836","144696.95"
"355","O19","29","179033.0","97580.37","144734.89"
"355","O19","30","190855.89","100560.36","144713.55"
"355","O19","31","200264.8","102300.32","144650.08"
"355","O19","32","207428.28","103219.055","144530.6"
"355","O19","33","213465.31","103818.95","144424.77"
"355","O19","34","218344.38","104612.87","144358.95"
"355","O19","35","221618.42","105247.336","144459.72"
"355","O19","36","224304.56","105529.055","144408.75"
"355","O19","37","226489.62","105827.34","144409.72"
"355","O19","38","228409.58","106225.14","144454.75"
"355","O19","39","229587.27","106430.75","144440.06"
"355","O19","40","230788.08","107010.89","144322.66"
"355","O19","41","232565.14","107028.18","144182.08"
"355","O19","42","233618.27","107583.33","144163.22"
"355","O19","43","234180.03","108054.234","144439.66"
"355","O19","44","234939.39","108123.195","144361.45"
"355","O19","45","235254.03","108399.46","144272.4"
"355","O19","46","236118.75","108790.336","144366.36"
"355","O19","47","236921.97","109153.51","144370.9"
"355","O19","48","237640.06","109257.75","144267.8"
"355","O19","49","237929.6","109241.62","144156.52"
"355","O19","50","238497.73","109508.63","144042.78"
"355","O19","51","239043.5","109807.2","143980.44"
"355","O19","52","239238.22","110032.875","144045.53"
"355","O19","53","239726.64","110466.414","143950.06"
"355","O19","54","240551.22","110781.664","143874.36"
"355","O19","55","241181.6","110853.78","143904.19"
"355","O19","56","241626.08","111118.25","143846.97"
"355","O19","57","241963.4","111493.945","143784.67"
"355","O19","58","242729.17","111636.82","143712.25"
"355","O19","59","242946.97","111685.09","143654.67"
"355","O19","60","243337.8","111910.59","143589.27"
"355","O19","61","243850.42","112003.695","143495.97"
"355","O19","62","244120.64","112510.55","143307.31"
"355","O19","63","244732.89","113018.95","143368.73"
"355","O19","64","245419.14","113567.68","143773.48"
"355","O19","65","246540.38","114451.12","143687.38"
"355","O19","66","248108.06","115821.516","143397.23"
"355","O19","67","249891.6","117420.914","143369.31"
"355","O19","68","252188.2","119638.75","143618.28"
"355","O19","69","255410.7","122422.87","143767.95"
"355","O19","70","259283.19","126382.9","143593.67"
"355","O19","71","264194.25","129986.56","143556.2"
"355","O19","72","269443.72","134139.06","143721.27"
"355","O19","73","274914.4","139160.52","143605.95"
"355","O19","74","280830.4","144312.1","143521.17"
"355","O19","75","287101.84","149047.75","143553.78"
"355","O19","76","293134.44","154469.11","143780.6"
"355","O19","77","299135.12","159638.0","143848.16"
"355","O19","78","306812.3","164334.11","143794.45"
"355","O19","79","314416.66","169583.83","143789.34"
"355","O19","80","321509.47","174839.6","144033.23"
"355","O19","81","329217.47","180062.05","144058.1"
"355","O19","82","336700.03","184763.38","143845.81"
"355","O19","83","344512.66","189540.39","143740.61"
"355","O19","84","352736.9","194440.22","143756.73"
"355","O19","85","360805.03","199992.56","143843.66"
"355","O19","86","369499.75","204652.5","143840.55"
"355","O19","87","377171.03","209113.81","143768.6"
"355","O19","88","385935.97","213302.55","143717.33"
"355","O19","89","394585.88","217831.1","143754.78"
"355","O19","90","402615.38","221787.89","143922.27"
"356","O20","1","77787.47","56817.266","141549.19"
"356","O20","2","77496.0","56839.34","141446.81"
"356","O20","3","77278.12","57196.668","141257.66"
"356","O20","4","77180.07","57712.07","141017.95"
"356","O20","5","77028.93","57895.98","140904.64"
"356","O20","6","76974.7","58043.246","140934.94"
"356","O20","7","76969.17","58049.418","140925.44"
"356","O20","8","76902.375","58351.4","140921.53"
"356","O20","9","76876.78","58753.883","140983.53"
"356","O20","10","76929.89","58795.19","140948.77"
"356","O20","11","77152.5","58763.46","140990.56"
"356","O20","12","77176.91","58626.562","141141.34"
"356","O20","13","77186.52","58597.125","141090.0"
"356","O20","14","77182.984","58967.1","141023.53"
"356","O20","15","77344.66","59071.664","140977.64"
"356","O20","16","77560.48","59022.06","141093.39"
"356","O20","17","77804.234","59047.17","141001.03"
"356","O20","18","78496.18","59450.53","140940.98"
"356","O20","19","79657.66","59529.996","141059.64"
"356","O20","20","81388.945","59900.203","140890.58"
"356","O20","21","84444.305","60890.57","140818.97"
"356","O20","22","89531.11","62512.598","140981.23"
"356","O20","23","97292.445","65084.47","140957.4"
"356","O20","24","107381.62","68995.53","140986.97"
"356","O20","25","118833.02","74401.97","141076.77"
"356","O20","26","131818.89","80605.54","141085.25"
"356","O20","27","145845.66","87193.836","141079.38"
"356","O20","28","159798.81","93523.4","141335.89"
"356","O20","29","172968.12","98666.35","141267.8"
"356","O20","30","184784.45","102298.09","141066.7"
"356","O20","31","194270.78","104174.44","141018.28"
"356","O20","32","201539.92","105681.234","141269.98"
"356","O20","33","207245.28","106710.97","141263.39"
"356","O20","34","212027.48","107334.56","141149.75"
"356","O20","35","215305.12","108029.69","141064.61"
"356","O20","36","217865.38","108416.81","140974.47"
"356","O20","37","220351.05","108670.9","140984.17"
"356","O20","38","222195.98","109041.695","141052.27"
"356","O20","39","223627.5","109400.07","141033.47"
"356","O20","40","224443.3","109740.14","141168.38"
"356","O20","41","225600.31","109954.51","141163.58"
"356","O20","42","226808.3","110398.25","141205.86"
"356","O20","43","227500.55","110675.46","141184.39"
"356","O20","44","228174.53","111177.82","141118.16"
"356","O20","45","228949.7","111391.87","140949.56"
"356","O20","46","229601.55","111385.95","140845.3"
"356","O20","47","230220.1","111664.62","140889.72"
"356","O20","48","230998.42","111741.414","140980.36"
"356","O20","49","231323.5","112183.375","140766.22"
"356","O20","50","232050.44","112633.914","140681.95"
"356","O20","51","232475.84","112893.89","140837.38"
"356","O20","52","232528.89","113075.195","140939.11"
"356","O20","53","232937.17","113202.72","140965.39"
"356","O20","54","233437.27","113396.734","140874.94"
"356","O20","55","234099.98","113689.805","140757.31"
"356","O20","56","234451.08","113654.9","140662.55"
"356","O20","57","234825.56","113912.28","140622.16"
"356","O20","58","235283.38","114255.46","140623.66"
"356","O20","59","235812.5","114243.53","140568.8"
"356","O20","60","236175.1","114383.07","140557.02"
"356","O20","61","236570.72","114973.27","140545.19"
"356","O20","62","237093.38","115121.98","140504.06"
"356","O20","63","237576.1","115445.24","140537.67"
"356","O20","64","237864.72","115951.09","140508.17"
"356","O20","65","238416.0","116740.49","140434.77"
"356","O20","66","239593.69","117461.01","140366.45"
"356","O20","67","240876.19","118529.88","140320.47"
"356","O20","68","242499.67","120103.01","140280.77"
"356","O20","69","244341.92","122413.47","140233.64"
"356","O20","70","247209.25","125369.61","140204.05"
"356","O20","71","250448.64","129088.984","140256.12"
"356","O20","72","254278.06","133116.12","140524.83"
"356","O20","73","258761.88","137600.58","140276.38"
"356","O20","74","263437.06","142264.56","140061.14"
"356","O20","75","268496.53","147417.23","140074.14"
"356","O20","76","273609.28","152638.39","140271.42"
"356","O20","77","279313.7","157652.66","140356.45"
"356","O20","78","284847.25","162880.36","140586.75"
"356","O20","79","290389.47","168150.89","140643.03"
"356","O20","80","296094.5","173359.5","140584.72"
"356","O20","81","302066.53","178865.45","140490.98"
"356","O20","82","309271.47","183662.12","140412.7"
"356","O20","83","316304.12","188218.42","140403.06"
"356","O20","84","322962.88","193531.25","140563.92"
"356","O20","85","329474.25","198561.39","140661.83"
"356","O20","86","336140.5","203352.55","140661.06"
"356","O20","87","344382.06","207857.8","140796.62"
"356","O20","88","352170.9","212251.88","140707.95"
"356","O20","89","359935.88","217185.62","140629.62"
"356","O20","90","366986.56","221124.8","140675.78"
"357","O21","1","68616.805","65768.45","140484.58"
"357","O21","2","68329.36","65728.97","140072.34"
"357","O21","3","67898.75","65832.12","139793.34"
"357","O21","4","67476.12","66452.31","139872.3"
"357","O21","5","67243.305","67063.11","139914.88"
"357","O21","6","66886.695","67321.88","139955.55"
"357","O21","7","66806.57","67595.67","139754.05"
"357","O21","8","66833.03","67578.95","139595.81"
"357","O21","9","66862.625","67632.445","139576.7"
"357","O21","10","66953.97","67593.03","139659.62"
"357","O21","11","66933.24","67727.28","139598.55"
"357","O21","12","66934.96","67728.28","139476.78"
"357","O21","13","67098.73","67994.9","139446.81"
"357","O21","14","67229.28","68123.46","139572.42"
"357","O21","15","67340.55","68194.57","139727.4"
"357","O21","16","67482.305","68144.46","139419.72"
"357","O21","17","67594.375","68397.03","139350.42"
"357","O21","18","68000.22","68673.195","139734.52"
"357","O21","19","69139.64","68837.44","139769.27"
"357","O21","20","70762.74","69603.94","139771.34"
"357","O21","21","73872.805","70571.06","139507.5"
"357","O21","22","78912.62","72073.81","139384.27"
"357","O21","23","85994.27","75031.24","139498.19"
"357","O21","24","95066.76","79250.56","139458.42"
"357","O21","25","105834.09","84934.97","139383.58"
"357","O21","26","117546.305","91626.734","139506.36"
"357","O21","27","128819.45","99156.48","139586.7"
"357","O21","28","140565.78","106321.96","139629.47"
"357","O21","29","151660.88","112455.15","139618.44"
"357","O21","30","162022.39","116838.37","139728.67"
"357","O21","31","170803.62","120051.97","139806.48"
"357","O21","32","177885.61","122135.35","139702.03"
"357","O21","33","183409.81","123271.01","139518.81"
"357","O21","34","187379.33","124277.086","139405.53"
"357","O21","35","190691.6","124942.99","139445.12"
"357","O21","36","193106.83","125400.44","139406.1"
"357","O21","37","195208.1","125700.234","139301.39"
"357","O21","38","196700.69","126270.84","139299.6"
"357","O21","39","198113.6","126489.97","139399.97"
"357","O21","40","199393.23","126870.2","139344.44"
"357","O21","41","200226.95","127190.92","139330.11"
"357","O21","42","200854.11","127448.59","139216.86"
"357","O21","43","201533.77","127865.04","139173.52"
"357","O21","44","202255.33","128326.88","139410.88"
"357","O21","45","202680.64","128538.54","139399.81"
"357","O21","46","203320.6","128503.4","139327.6"
"357","O21","47","204136.94","128720.25","139370.66"
"357","O21","48","204588.14","128951.625","139382.92"
"357","O21","49","205152.86","129154.086","139250.53"
"357","O21","50","205449.45","129245.734","139037.2"
"357","O21","51","205976.14","129878.32","138941.95"
"357","O21","52","206191.86","129975.445","139034.33"
"357","O21","53","206345.84","130056.414","139115.22"
"357","O21","54","206553.06","130411.75","139140.6"
"357","O21","55","206922.83","130720.82","138991.5"
"357","O21","56","207240.92","131139.86","138902.73"
"357","O21","57","207782.0","131526.1","138981.47"
"357","O21","58","208250.81","131625.16","139002.9"
"357","O21","59","208242.22","131754.28","138897.48"
"357","O21","60","208649.67","131720.8","138759.95"
"357","O21","61","209029.42","132118.12","138559.17"
"357","O21","62","209200.36","132519.03","138546.44"
"357","O21","63","209662.77","132885.08","138813.02"
"357","O21","64","209788.45","133024.48","138657.0"
"357","O21","65","210384.27","133602.02","138536.94"
"357","O21","66","210979.27","134521.0","138486.02"
"357","O21","67","211228.2","135407.1","138443.12"
"357","O21","68","211921.38","136600.52","138475.61"
"357","O21","69","212879.02","138091.5","138454.22"
"357","O21","70","214314.03","140635.11","138491.86"
"357","O21","71","216175.52","143501.97","138434.31"
"357","O21","72","218157.14","147661.78","138389.47"
"357","O21","73","220764.14","152318.0","138421.5"
"357","O21","74","223802.52","157698.3","138293.56"
"357","O21","75","227141.16","163610.7","138139.06"
"357","O21","76","230435.23","169712.36","138166.44"
"357","O21","77","233969.22","176096.44","138417.31"
"357","O21","78","237783.36","182181.67","138296.33"
"357","O21","79","241573.16","188709.83","138240.86"
"357","O21","80","245889.48","195134.34","138322.17"
"357","O21","81","250417.11","201749.8","138305.14"
"357","O21","82","254590.45","208148.89","138283.62"
"357","O21","83","258774.55","214472.44","138226.4"
"357","O21","84","263671.34","221028.06","138199.6"
"357","O21","85","268522.53","227786.02","138258.31"
"357","O21","86","273802.6","234598.44","138303.02"
"357","O21","87","279083.22","240623.97","138401.67"
"357","O21","88","285467.25","247281.66","138386.39"
"357","O21","89","291485.0","253417.55","138119.06"
"357","O21","90","296502.44","258456.34","138048.52"
"358","O22","1","73845.54","61614.586","131385.42"
"358","O22","2","73706.91","61624.61","131097.38"
"358","O22","3","73519.42","61877.734","130736.69"
"358","O22","4","73261.65","62488.88","130627.02"
"358","O22","5","72883.55","62823.363","130566.17"
"358","O22","6","72824.32","62995.445","130382.695"
"358","O22","7","72959.48","63023.75","130318.695"
"358","O22","8","72979.37","63072.258","130339.94"
"358","O22","9","72973.336","63275.23","130377.04"
"358","O22","10","73073.5","63395.254","130545.195"
"358","O22","11","73014.12","63626.312","130582.77"
"358","O22","12","72822.11","63896.5","130650.82"
"358","O22","13","72790.414","63787.715","130590.414"
"358","O22","14","72899.414","63621.316","130536.516"
"358","O22","15","73155.35","63628.664","130573.5"
"358","O22","16","73470.84","63971.19","130580.4"
"358","O22","17","73827.72","64144.234","130490.1"
"358","O22","18","74278.88","64158.605","130251.35"
"358","O22","19","75128.945","64643.78","130256.98"
"358","O22","20","76880.875","65163.105","130517.95"
"358","O22","21","80149.43","66147.79","130565.36"
"358","O22","22","84909.63","67528.43","130521.35"
"358","O22","23","91938.64","70417.24","130518.484"
"358","O22","24","101019.195","74431.03","130502.125"
"358","O22","25","111553.93","79780.44","130583.336"
"358","O22","26","122360.805","86313.24","130587.04"
"358","O22","27","133245.98","93692.305","130548.0"
"358","O22","28","144016.73","100636.39","130606.03"
"358","O22","29","154315.64","107127.305","130695.9"
"358","O22","30","163957.27","112374.01","130680.74"
"358","O22","31","171878.06","116170.19","130729.77"
"358","O22","32","178760.28","118470.83","130752.16"
"358","O22","33","184054.75","119913.38","130970.61"
"358","O22","34","188104.27","121143.22","130945.79"
"358","O22","35","191299.8","122149.81","130908.11"
"358","O22","36","193556.34","122782.14","130961.266"
"358","O22","37","195378.73","123496.195","130676.555"
"358","O22","38","196924.62","124074.69","130654.57"
"358","O22","39","197894.66","124498.92","131047.08"
"358","O22","40","199113.38","124773.51","131084.98"
"358","O22","41","199847.14","125121.46","131075.3"
"358","O22","42","200609.77","125742.89","131095.1"
"358","O22","43","201288.58","126046.64","130934.36"
"358","O22","44","202175.0","126197.31","130844.62"
"358","O22","45","202756.44","126631.67","130913.48"
"358","O22","46","203108.27","127031.58","131003.11"
"358","O22","47","203494.52","127387.31","130989.65"
"358","O22","48","204215.53","126945.51","130928.016"
"358","O22","49","205020.11","126886.58","130974.734"
"358","O22","50","205358.36","127619.6","131046.875"
"358","O22","51","205451.12","128183.67","131069.086"
"358","O22","52","205667.12","128550.61","130854.63"
"358","O22","53","206149.3","128977.055","130661.57"
"358","O22","54","206878.75","129023.88","130697.84"
"358","O22","55","207250.1","129437.06","131194.61"
"358","O22","56","207736.95","129760.87","131337.16"
"358","O22","57","207978.38","130242.38","131071.6"
"358","O22","58","208446.75","130528.62","130981.26"
"358","O22","59","208770.27","130740.79","131139.27"
"358","O22","60","208842.25","130958.45","131093.53"
"358","O22","61","209259.14","131248.02","130968.56"
"358","O22","62","209478.56","131556.11","130743.625"
"358","O22","63","209936.55","132032.73","130725.92"
"358","O22","64","210082.95","132302.25","131075.4"
"358","O22","65","210342.88","132603.42","131215.84"
"358","O22","66","210785.94","132897.31","131184.94"
"358","O22","67","211388.14","133646.67","130918.42"
"358","O22","68","211887.17","134549.34","130811.43"
"358","O22","69","212185.52","135558.03","130861.21"
"358","O22","70","212866.56","137079.89","130791.555"
"358","O22","71","214038.61","139025.25","130771.37"
"358","O22","72","215452.5","142089.67","130966.984"
"358","O22","73","217033.72","146005.53","130898.945"
"358","O22","74","218946.2","150138.61","130836.01"
"358","O22","75","221118.86","154935.42","130943.38"
"358","O22","76","223631.77","160768.98","130965.58"
"358","O22","77","226641.22","166775.11","130880.64"
"358","O22","78","229606.42","172617.11","130847.484"
"358","O22","79","232892.77","178763.77","131043.46"
"358","O22","80","235940.14","184871.8","131147.25"
"358","O22","81","239441.64","191272.98","131179.55"
"358","O22","82","242978.48","197254.78","131131.67"
"358","O22","83","246506.78","203162.53","131077.58"
"358","O22","84","250525.97","208909.67","131245.36"
"358","O22","85","254357.38","215349.5","131493.47"
"358","O22","86","258684.45","221263.23","131486.45"
"358","O22","87","263610.88","227184.3","131408.73"
"358","O22","88","268094.84","233439.4","131366.89"
"358","O22","89","272705.34","239029.33","131555.67"
"358","O22","90","276996.2","244140.08","131524.77"
"359","O23","1","71263.734","69310.36","134251.47"
"359","O23","2","70955.73","69380.52","134061.16"
"359","O23","3","70650.54","70303.53","133875.64"
"359","O23","4","70423.51","71228.31","133862.66"
"359","O23","5","70357.766","71698.43","133834.05"
"359","O23","6","70369.51","71964.72","133776.89"
"359","O23","7","70224.36","71971.055","133894.23"
"359","O23","8","70189.555","72292.516","133844.75"
"359","O23","9","70231.27","72420.24","133849.88"
"359","O23","10","70320.27","72444.96","133804.72"
"359","O23","11","70439.27","72549.2","133687.98"
"359","O23","12","70454.62","72495.32","133585.62"
"359","O23","13","70544.69","72777.67","133531.31"
"359","O23","14","70537.5","73102.766","133674.33"
"359","O23","15","70592.41","73026.87","133633.34"
"359","O23","16","70707.086","73023.625","133637.86"
"359","O23","17","71011.53","73519.695","133679.33"
"359","O23","18","71553.3","73564.2","133706.19"
"359","O23","19","72759.05","73789.75","133690.4"
"359","O23","20","74841.734","74185.53","133594.73"
"359","O23","21","78145.09","75085.76","133606.72"
"359","O23","22","83283.984","77231.664","133825.03"
"359","O23","23","90396.445","80099.8","133857.66"
"359","O23","24","99507.016","84712.875","133794.8"
"359","O23","25","109999.59","90438.49","133767.64"
"359","O23","26","120708.44","97441.086","133685.23"
"359","O23","27","130723.414","105216.79","133606.83"
"359","O23","28","140179.47","112243.71","133528.73"
"359","O23","29","149128.12","118794.97","133545.14"
"359","O23","30","157233.08","124046.4","133640.45"
"359","O23","31","164071.77","127927.266","133630.72"
"359","O23","32","169606.02","130722.28","133793.02"
"359","O23","33","174067.66","132291.72","133768.62"
"359","O23","34","177729.81","133260.92","133804.33"
"359","O23","35","180546.06","134118.23","133727.39"
"359","O23","36","182553.62","134749.3","133682.97"
"359","O23","37","183808.78","135386.28","133603.89"
"359","O23","38","184982.61","135921.8","133526.23"
"359","O23","39","186223.25","136092.67","133576.97"
"359","O23","40","186791.97","136518.75","133553.66"
"359","O23","41","187632.67","136981.08","133692.27"
"359","O23","42","188463.53","137346.94","133669.02"
"359","O23","43","188944.03","137734.73","133469.02"
"359","O23","44","189429.03","137996.02","133384.6"
"359","O23","45","190325.6","138577.06","133502.25"
"359","O23","46","190799.83","138995.1","133471.03"
"359","O23","47","191432.86","138969.83","133529.16"
"359","O23","48","191577.73","139096.69","133605.38"
"359","O23","49","191962.06","139740.89","133528.88"
"359","O23","50","192127.77","139934.03","133434.73"
"359","O23","51","192562.02","140251.75","133428.12"
"359","O23","52","192838.94","140510.69","133354.95"
"359","O23","53","193164.77","140989.22","133345.17"
"359","O23","54","193225.16","141017.86","133334.78"
"359","O23","55","193652.03","140969.47","133075.2"
"359","O23","56","193828.19","141577.36","132981.75"
"359","O23","57","193951.58","142041.55","133126.03"
"359","O23","58","194313.88","142131.7","133209.55"
"359","O23","59","194951.39","142200.3","132884.97"
"359","O23","60","195145.5","142445.19","132834.25"
"359","O23","61","195238.34","142938.64","133120.19"
"359","O23","62","195307.36","143156.22","133039.39"
"359","O23","63","195741.34","143425.36","132891.72"
"359","O23","64","195839.17","144027.56","132663.3"
"359","O23","65","196173.8","144570.94","132618.03"
"359","O23","66","197074.39","144652.34","132752.7"
"359","O23","67","197391.55","144866.52","132790.22"
"359","O23","68","197442.1","145623.14","132961.61"
"359","O23","69","197487.78","146725.23","132897.92"
"359","O23","70","197910.72","148264.36","132519.94"
"359","O23","71","198455.81","150372.5","132524.42"
"359","O23","72","198928.56","153195.56","132895.89"
"359","O23","73","199599.66","157079.22","132862.75"
"359","O23","74","200813.81","161802.45","132731.25"
"359","O23","75","202277.81","167604.19","132506.28"
"359","O23","76","203130.86","174335.06","132535.23"
"359","O23","77","204433.45","181043.42","132924.67"
"359","O23","78","206494.08","187942.55","133085.38"
"359","O23","79","208193.4","194801.22","133039.17"
"359","O23","80","210079.52","201780.97","132992.77"
"359","O23","81","212215.5","209175.72","133043.19"
"359","O23","82","214487.27","216083.69","133037.6"
"359","O23","83","216532.28","223307.47","132993.3"
"359","O23","84","218909.06","230456.77","132686.83"
"359","O23","85","221337.52","237716.73","132643.16"
"359","O23","86","224348.42","244919.61","132914.66"
"359","O23","87","227431.19","252415.5","133021.8"
"359","O23","88","230637.53","259612.6","132924.56"
"359","O23","89","233842.77","266450.47","132860.7"
"359","O23","90","237142.83","272224.75","132909.69"
"360","O24","1","71602.4","71297.22","131543.38"
"360","O24","2","71502.625","71285.3","131209.39"
"360","O24","3","71093.89","71287.336","130940.29"
"360","O24","4","70952.25","71431.234","130791.82"
"360","O24","5","70978.11","71862.69","130546.23"
"360","O24","6","70973.72","72051.44","130450.18"
"360","O24","7","70711.586","72300.41","130527.945"
"360","O24","8","70485.29","72374.88","130525.59"
"360","O24","9","70466.52","72425.64","130505.51"
"360","O24","10","70562.086","72401.95","130393.42"
"360","O24","11","70550.95","72573.27","130188.85"
"360","O24","12","70506.55","72616.01","130217.48"
"360","O24","13","70586.15","72437.22","130582.7"
"360","O24","14","71029.13","72334.33","130230.39"
"360","O24","15","71235.74","72480.305","130125.766"
"360","O24","16","71249.57","72766.555","130330.22"
"360","O24","17","71300.734","72815.375","130315.45"
"360","O24","18","71996.44","73124.83","130277.33"
"360","O24","19","73254.05","73371.22","130291.97"
"360","O24","20","74881.61","74038.055","130200.875"
"360","O24","21","77639.56","75324.83","130151.95"
"360","O24","22","82155.64","77289.75","130266.5"
"360","O24","23","89243.74","80231.414","130406.984"
"360","O24","24","97874.31","84538.836","130494.9"
"360","O24","25","107281.586","90994.0","130587.07"
"360","O24","26","117619.055","97751.305","130582.81"
"360","O24","27","127155.76","105119.12","130491.016"
"360","O24","28","136069.72","112857.88","130498.88"
"360","O24","29","144144.64","119638.8","130839.51"
"360","O24","30","151590.67","125473.695","130864.91"
"360","O24","31","157654.2","130537.805","130901.41"
"360","O24","32","162409.28","133908.64","130815.95"
"360","O24","33","166762.6","136105.33","130772.39"
"360","O24","34","169938.94","137892.61","130930.56"
"360","O24","35","172668.08","138489.5","130881.44"
"360","O24","36","174515.62","139500.7","130863.22"
"360","O24","37","176023.9","140619.3","130982.305"
"360","O24","38","177067.81","141027.52","130964.14"
"360","O24","39","178179.66","141603.5","131064.56"
"360","O24","40","178975.33","142026.89","130950.27"
"360","O24","41","179492.06","142882.64","130681.6"
"360","O24","42","179972.28","143603.55","130573.44"
"360","O24","43","180543.66","143721.92","130704.35"
"360","O24","44","181067.58","144168.42","130928.65"
"360","O24","45","181269.1","144550.52","130853.664"
"360","O24","46","181280.81","144698.12","130667.45"
"360","O24","47","181743.92","145146.2","130587.125"
"360","O24","48","182396.66","145419.67","130674.03"
"360","O24","49","182758.78","145612.77","130623.27"
"360","O24","50","183038.86","146041.7","130557.61"
"360","O24","51","182953.6","146580.17","130399.016"
"360","O24","52","183042.34","146815.31","130330.02"
"360","O24","53","183198.23","147081.95","130412.664"
"360","O24","54","183112.89","147432.73","130425.13"
"360","O24","55","183579.45","147613.42","130624.72"
"360","O24","56","183695.0","147909.81","130699.734"
"360","O24","57","183671.75","148173.81","130630.89"
"360","O24","58","183889.98","148496.92","130590.695"
"360","O24","59","184217.84","149014.73","130508.18"
"360","O24","60","184138.1","149246.8","130479.98"
"360","O24","61","184499.98","148968.58","130547.28"
"360","O24","62","184685.19","149248.67","130482.76"
"360","O24","63","184850.8","149576.11","130407.5"
"360","O24","64","185087.58","149981.28","130415.086"
"360","O24","65","185334.17","150188.33","130377.17"
"360","O24","66","185264.83","150417.98","130416.65"
"360","O24","67","185295.25","150357.56","130378.57"
"360","O24","68","185541.42","150601.27","130399.39"
"360","O24","69","185482.22","150981.2","130375.195"
"360","O24","70","185700.98","151551.89","130322.555"
"360","O24","71","185843.58","151744.77","130347.48"
"360","O24","72","186000.86","151451.03","130266.4"
"360","O24","73","185911.89","152111.36","130216.82"
"360","O24","74","186122.62","152595.75","130283.984"
"360","O24","75","186247.58","152811.61","130188.055"
"360","O24","76","186358.72","153110.72","130139.73"
"360","O24","77","186446.3","152851.42","130239.875"
"360","O24","78","186578.69","153320.98","130189.984"
"360","O24","79","186928.2","154179.12","129971.58"
"360","O24","80","186958.9","154551.02","129914.57"
"360","O24","81","187085.97","154523.48","130006.45"
"360","O24","82","187233.66","154981.78","130011.016"
"360","O24","83","187394.17","155389.22","129928.1"
"360","O24","84","187333.58","156220.33","129777.14"
"360","O24","85","187306.84","157257.56","129795.79"
"360","O24","86","187371.94","158536.25","129989.27"
"360","O24","87","187724.89","160129.81","129912.95"
"360","O24","88","187504.62","162758.52","129866.01"
"360","O24","89","187478.94","166134.14","129926.18"
"360","O24","90","186748.66","169789.31","130017.164"
"361","P1","1","84936.81","53938.566","140373.1"
"361","P1","2","84690.695","53973.754","140170.33"
"361","P1","3","84229.32","54413.004","139636.53"
"361","P1","4","83806.47","54723.758","139445.06"
"361","P1","5","83762.04","54831.64","139339.48"
"361","P1","6","83942.37","55095.0","139298.67"
"361","P1","7","84010.86","55278.938","139349.77"
"361","P1","8","84260.1","55461.766","139138.48"
"361","P1","9","84716.2","55376.73","139087.3"
"361","P1","10","85798.42","55304.6","139257.84"
"361","P1","11","87803.43","55591.617","139352.05"
"361","P1","12","91269.72","56089.234","139311.83"
"361","P1","13","96966.47","56460.547","139294.89"
"361","P1","14","106419.91","57004.234","139309.12"
"361","P1","15","119714.6","58285.312","139294.55"
"361","P1","16","136693.62","60307.754","139270.67"
"361","P1","17","156305.47","63064.582","139216.81"
"361","P1","18","178246.62","67091.02","139250.25"
"361","P1","19","201137.17","71505.914","139441.92"
"361","P1","20","223330.39","76142.45","139300.95"
"361","P1","21","242786.64","79963.18","139278.08"
"361","P1","22","258952.92","82594.34","139513.47"
"361","P1","23","272164.06","84417.52","139404.64"
"361","P1","24","283097.25","85912.79","139343.7"
"361","P1","25","292234.8","86714.38","139470.14"
"361","P1","26","300288.38","87451.695","139505.97"
"361","P1","27","306928.4","88083.484","139505.27"
"361","P1","28","311732.2","88732.484","139443.47"
"361","P1","29","316386.66","89254.24","139430.55"
"361","P1","30","320035.34","89412.64","139464.48"
"361","P1","31","322628.3","89544.15","139383.17"
"361","P1","32","325001.7","89773.54","139369.39"
"361","P1","33","327109.1","90124.07","139595.25"
"361","P1","34","329062.5","90181.83","139652.4"
"361","P1","35","330583.56","90165.47","139751.44"
"361","P1","36","331856.72","90442.6","139780.36"
"361","P1","37","332890.62","90633.29","139685.03"
"361","P1","38","334069.62","90663.22","139550.23"
"361","P1","39","334799.4","91189.42","139487.64"
"361","P1","40","336065.8","91243.39","139515.11"
"361","P1","41","336995.16","91254.305","139281.64"
"361","P1","42","337917.6","91344.12","139251.95"
"361","P1","43","338123.53","91676.2","139549.22"
"361","P1","44","338686.44","91457.49","139610.78"
"361","P1","45","339844.97","91473.055","139559.58"
"361","P1","46","340334.53","92016.805","139472.56"
"361","P1","47","340596.94","92136.01","139389.61"
"361","P1","48","341312.22","91967.8","139318.0"
"361","P1","49","342310.06","91992.7","139273.84"
"361","P1","50","342917.03","92337.81","139309.5"
"361","P1","51","343231.9","92253.67","139218.2"
"361","P1","52","343588.22","92240.47","139155.7"
"361","P1","53","344070.75","92754.76","139178.98"
"361","P1","54","345134.06","92653.95","139249.23"
"361","P1","55","345436.88","92799.52","139286.42"
"361","P1","56","346001.62","93067.58","139219.7"
"361","P1","57","346799.56","92748.484","139183.11"
"361","P1","58","347219.56","93142.266","139255.06"
"361","P1","59","347801.8","93575.83","139220.39"
"361","P1","60","348565.5","94067.766","139161.78"
"361","P1","61","349766.7","94450.61","139088.75"
"361","P1","62","350853.12","95176.66","138971.14"
"361","P1","63","352785.5","96390.125","138903.86"
"361","P1","64","355235.97","97884.84","138886.64"
"361","P1","65","358743.22","100127.51","138913.45"
"361","P1","66","363171.3","102899.54","139022.94"
"361","P1","67","368205.34","106309.4","138986.64"
"361","P1","68","374266.56","110136.875","138997.2"
"361","P1","69","381183.25","114777.305","139179.42"
"361","P1","70","388247.7","119637.336","139206.75"
"361","P1","71","395854.53","124806.695","139186.23"
"361","P1","72","403721.28","129737.555","139195.78"
"361","P1","73","411723.8","135276.34","139210.52"
"361","P1","74","419908.75","140683.61","139275.22"
"361","P1","75","427470.22","146027.61","139476.2"
"361","P1","76","435551.3","151208.58","139508.05"
"361","P1","77","443058.1","156811.31","139472.78"
"361","P1","78","450689.94","162890.45","139544.95"
"361","P1","79","457517.9","168632.62","139458.05"
"361","P1","80","464421.03","174572.73","139411.62"
"361","P1","81","472180.94","179913.58","139530.39"
"361","P1","82","478802.72","186009.38","139542.61"
"361","P1","83","486021.53","191653.61","139666.83"
"361","P1","84","493131.0","197189.8","139589.16"
"361","P1","85","499075.4","202788.38","139534.06"
"361","P1","86","505227.25","208497.47","139721.2"
"361","P1","87","511928.16","213655.53","139983.64"
"361","P1","88","518045.72","218568.69","139983.05"
"361","P1","89","524701.94","223605.19","139889.64"
"361","P1","90","528776.44","228849.97","139869.42"
"362","P2","1","80494.69","53115.207","134723.88"
"362","P2","2","80180.67","53124.684","134298.97"
"362","P2","3","79523.93","53272.03","133907.6"
"362","P2","4","79384.43","53461.824","133799.34"
"362","P2","5","79378.14","53672.21","133686.1"
"362","P2","6","79416.08","53985.203","133668.72"
"362","P2","7","79573.875","54100.895","133728.45"
"362","P2","8","79702.01","54244.742","133642.95"
"362","P2","9","80260.93","54330.86","133656.84"
"362","P2","10","80974.38","54369.97","133799.86"
"362","P2","11","82877.46","54575.516","133715.67"
"362","P2","12","86251.1","54726.105","133691.84"
"362","P2","13","91660.805","54973.027","133797.42"
"362","P2","14","99798.25","55858.996","133845.03"
"362","P2","15","111172.5","57231.285","133813.47"
"362","P2","16","125459.53","59293.91","133879.64"
"362","P2","17","141830.6","62293.99","134192.61"
"362","P2","18","159747.53","66599.43","134167.31"
"362","P2","19","178590.23","71762.15","134072.11"
"362","P2","20","197830.78","77309.63","133988.38"
"362","P2","21","216180.0","82630.766","133921.27"
"362","P2","22","231578.6","86564.945","133935.1"
"362","P2","23","244399.72","89448.84","134138.69"
"362","P2","24","254976.94","91353.625","134202.48"
"362","P2","25","263885.34","92541.56","134110.3"
"362","P2","26","271365.8","93617.38","133908.39"
"362","P2","27","277450.34","94178.85","133877.06"
"362","P2","28","282530.78","94827.11","134060.83"
"362","P2","29","286380.5","95210.79","134096.88"
"362","P2","30","289666.22","95484.06","134230.73"
"362","P2","31","292427.66","95719.55","134188.56"
"362","P2","32","294523.2","95975.76","134085.84"
"362","P2","33","296457.25","96456.93","134043.1"
"362","P2","34","298106.47","96837.195","134158.97"
"362","P2","35","299360.3","96846.125","134252.95"
"362","P2","36","300821.47","96945.56","134281.55"
"362","P2","37","301933.94","97492.82","134224.58"
"362","P2","38","302924.2","97716.43","134196.92"
"362","P2","39","304085.7","97835.05","134176.48"
"362","P2","40","304770.7","98105.8","134284.33"
"362","P2","41","305315.6","97994.45","134159.61"
"362","P2","42","305949.62","97893.48","134030.22"
"362","P2","43","306718.12","98318.05","133988.69"
"362","P2","44","307675.75","98614.19","134075.27"
"362","P2","45","308075.8","98585.266","134079.81"
"362","P2","46","308879.9","98667.305","134124.19"
"362","P2","47","309315.5","98976.87","133862.5"
"362","P2","48","310217.16","99353.88","133802.33"
"362","P2","49","310641.16","99364.3","133953.03"
"362","P2","50","311335.97","99037.31","133963.5"
"362","P2","51","311942.97","99328.43","134026.34"
"362","P2","52","312136.9","99593.87","134063.31"
"362","P2","53","312536.03","99571.16","134034.44"
"362","P2","54","313190.16","99958.38","134089.06"
"362","P2","55","313442.06","100307.734","134094.22"
"362","P2","56","313840.47","100327.664","133982.88"
"362","P2","57","314552.12","100483.48","133895.39"
"362","P2","58","315532.8","100654.22","133839.61"
"362","P2","59","316126.22","100845.89","133852.11"
"362","P2","60","316700.72","101112.71","133977.19"
"362","P2","61","317598.4","101610.56","133970.55"
"362","P2","62","318647.1","102123.33","133963.47"
"362","P2","63","320444.8","103141.98","133853.62"
"362","P2","64","322269.4","105100.94","133799.61"
"362","P2","65","324995.84","107012.28","133837.84"
"362","P2","66","328665.97","109243.49","133935.64"
"362","P2","67","332588.1","112558.13","134057.34"
"362","P2","68","337096.62","116807.37","134012.86"
"362","P2","69","341620.47","121601.7","133996.34"
"362","P2","70","348412.4","126485.28","134160.44"
"362","P2","71","354823.1","131896.12","134178.55"
"362","P2","72","360293.44","137762.67","134275.94"
"362","P2","73","366589.75","143642.12","134242.53"
"362","P2","74","373211.88","149197.55","134214.94"
"362","P2","75","379714.4","155235.98","134213.25"
"362","P2","76","387211.66","160968.08","134486.27"
"362","P2","77","392665.3","166956.27","134727.9"
"362","P2","78","399335.84","172772.48","134716.33"
"362","P2","79","406379.2","178297.28","134773.88"
"362","P2","80","412803.94","184369.08","134729.22"
"362","P2","81","418658.97","190245.73","134800.8"
"362","P2","82","424165.3","195712.64","134874.97"
"362","P2","83","430217.25","201110.55","134826.28"
"362","P2","84","436825.06","206836.12","134889.6"
"362","P2","85","443494.6","212400.25","134917.38"
"362","P2","86","449084.28","217807.73","135120.19"
"362","P2","87","454686.53","222960.11","135362.22"
"362","P2","88","459713.2","227959.5","135338.42"
"362","P2","89","464880.12","232666.36","135291.12"
"362","P2","90","469904.88","236737.22","135502.1"
"363","P3","1","73388.16","57391.08","137732.88"
"363","P3","2","73201.586","57329.58","137432.97"
"363","P3","3","73066.03","57414.797","137197.4"
"363","P3","4","73000.7","57919.844","137119.23"
"363","P3","5","72897.32","58159.605","137126.42"
"363","P3","6","72878.06","58320.07","137092.64"
"363","P3","7","72951.2","58797.27","137025.98"
"363","P3","8","73274.945","58816.91","137033.06"
"363","P3","9","74001.055","58756.36","137067.27"
"363","P3","10","75061.71","58971.93","137194.1"
"363","P3","11","76929.89","59092.05","137109.16"
"363","P3","12","79956.78","59321.4","137056.34"
"363","P3","13","85238.34","59795.066","137189.5"
"363","P3","14","93189.555","60780.258","137187.56"
"363","P3","15","104451.06","61892.098","137205.69"
"363","P3","16","118238.4","64026.26","137093.23"
"363","P3","17","133798.97","67007.94","137022.98"
"363","P3","18","149923.56","71775.62","137149.05"
"363","P3","19","166418.64","77834.14","137323.66"
"363","P3","20","183342.28","84850.695","137172.33"
"363","P3","21","200566.75","92126.195","137111.92"
"363","P3","22","216697.58","98245.1","137300.33"
"363","P3","23","230967.88","102561.914","137301.08"
"363","P3","24","242555.31","105546.85","137257.86"
"363","P3","25","252007.66","107548.58","137193.94"
"363","P3","26","260265.14","108997.13","137238.47"
"363","P3","27","267013.22","109749.12","137276.2"
"363","P3","28","272694.16","110356.84","137261.61"
"363","P3","29","277101.22","111310.87","137193.06"
"363","P3","30","280523.22","111587.48","137217.12"
"363","P3","31","283526.94","112045.11","137276.25"
"363","P3","32","285902.9","112610.51","137255.16"
"363","P3","33","287885.1","112710.3","137136.69"
"363","P3","34","289291.84","112941.8","137076.22"
"363","P3","35","290740.2","113088.055","137188.77"
"363","P3","36","292194.88","113458.37","137218.8"
"363","P3","37","293523.34","113654.125","137242.83"
"363","P3","38","294455.1","114043.4","137270.55"
"363","P3","39","295340.66","114210.695","137215.69"
"363","P3","40","296073.1","114451.34","137232.92"
"363","P3","41","296858.44","114419.71","137196.2"
"363","P3","42","297431.4","114730.09","137101.89"
"363","P3","43","297728.03","115096.0","137055.08"
"363","P3","44","298241.22","115079.68","137150.42"
"363","P3","45","299576.25","115188.28","137096.03"
"363","P3","46","300303.3","115546.336","137013.77"
"363","P3","47","300307.94","115697.586","136984.89"
"363","P3","48","301140.0","115684.3","136995.44"
"363","P3","49","301822.94","115732.72","136870.4"
"363","P3","50","301614.5","116068.625","136825.08"
"363","P3","51","302474.7","115926.69","136972.66"
"363","P3","52","303339.97","115806.125","137013.92"
"363","P3","53","303662.2","116044.805","136961.72"
"363","P3","54","303685.6","116071.85","136958.62"
"363","P3","55","303650.66","116564.734","136915.7"
"363","P3","56","304079.34","116615.45","136937.02"
"363","P3","57","304901.88","116849.195","136928.48"
"363","P3","58","305500.72","116942.15","136946.61"
"363","P3","59","305900.0","117315.88","136826.02"
"363","P3","60","306143.53","117778.44","136650.45"
"363","P3","61","306855.8","118242.35","136427.98"
"363","P3","62","307452.78","118580.06","136471.61"
"363","P3","63","308508.25","119111.055","136786.36"
"363","P3","64","310024.38","120244.58","136595.62"
"363","P3","65","311621.3","121800.4","136494.06"
"363","P3","66","313589.3","123822.73","136466.38"
"363","P3","67","316697.06","126186.0","136485.5"
"363","P3","68","320964.25","129496.94","136647.3"
"363","P3","69","325791.8","133838.11","136658.2"
"363","P3","70","330319.72","138976.16","136683.89"
"363","P3","71","335554.2","144569.84","136674.53"
"363","P3","72","341366.3","150569.72","136705.53"
"363","P3","73","347425.2","156830.9","136843.42"
"363","P3","74","353343.8","163118.42","136922.22"
"363","P3","75","359272.56","169719.31","136915.89"
"363","P3","76","364618.8","176466.94","136864.34"
"363","P3","77","370304.6","183203.9","136807.83"
"363","P3","78","375656.3","189725.81","136838.39"
"363","P3","79","381156.53","196272.66","136899.64"
"363","P3","80","387832.62","202733.55","136867.81"
"363","P3","81","393527.03","208958.97","136876.6"
"363","P3","82","399353.03","215058.42","136845.53"
"363","P3","83","404777.4","221221.88","136881.92"
"363","P3","84","410362.4","227133.12","136906.8"
"363","P3","85","415971.97","232929.39","137116.08"
"363","P3","86","421134.03","238617.2","136992.89"
"363","P3","87","426717.9","244242.11","136927.89"
"363","P3","88","431467.94","249778.81","137087.45"
"363","P3","89","436767.53","254993.03","137197.75"
"363","P3","90","440334.06","259354.69","137167.12"
"364","P4","1","80857.07","64267.867","152601.67"
"364","P4","2","80554.46","64326.01","152198.72"
"364","P4","3","80157.69","64444.535","151551.42"
"364","P4","4","79918.54","64730.64","151362.56"
"364","P4","5","79611.14","64849.52","151362.44"
"364","P4","6","79559.64","65308.402","151313.2"
"364","P4","7","79763.125","65584.96","151404.72"
"364","P4","8","80359.48","65683.11","151459.16"
"364","P4","9","80969.37","65759.71","151408.89"
"364","P4","10","81989.31","65929.28","151256.75"
"364","P4","11","83820.96","65959.555","151152.67"
"364","P4","12","87237.805","66400.69","151155.16"
"364","P4","13","92981.3","67057.97","151127.34"
"364","P4","14","101706.086","68065.83","151088.17"
"364","P4","15","113507.33","69423.55","151232.6"
"364","P4","16","128139.78","71448.1","151262.3"
"364","P4","17","144184.16","75036.445","151144.98"
"364","P4","18","160360.0","80217.87","150952.67"
"364","P4","19","176597.38","86989.01","150920.02"
"364","P4","20","192610.11","94990.76","151252.1"
"364","P4","21","208708.11","103570.84","151547.95"
"364","P4","22","224639.11","111218.62","151492.81"
"364","P4","23","238495.39","117161.59","151394.44"
"364","P4","24","250770.5","121473.29","151407.86"
"364","P4","25","260743.88","124637.766","151323.78"
"364","P4","26","269254.7","126559.18","151313.42"
"364","P4","27","276268.72","127625.12","151526.53"
"364","P4","28","281918.12","128607.9","151524.7"
"364","P4","29","286116.62","129242.555","151238.06"
"364","P4","30","289709.8","129672.414","151164.42"
"364","P4","31","292672.84","130292.24","151407.39"
"364","P4","32","295117.84","130973.55","151408.4"
"364","P4","33","296464.44","131491.72","151446.48"
"364","P4","34","298690.56","131523.12","151383.86"
"364","P4","35","300462.3","131964.52","151371.84"
"364","P4","36","302261.3","132097.75","151329.58"
"364","P4","37","302575.2","132407.7","151343.44"
"364","P4","38","304013.28","132647.95","151270.55"
"364","P4","39","304707.2","132920.36","151205.81"
"364","P4","40","305323.7","133302.58","151017.52"
"364","P4","41","306237.1","133648.77","150956.81"
"364","P4","42","307171.25","133452.0","151121.61"
"364","P4","43","308215.2","133578.27","151127.72"
"364","P4","44","308580.94","133817.25","151254.28"
"364","P4","45","309335.78","133943.98","151306.73"
"364","P4","46","310067.38","134228.14","151215.8"
"364","P4","47","310339.84","134560.69","151094.08"
"364","P4","48","310542.7","135036.72","150936.78"
"364","P4","49","311402.1","135013.66","150858.81"
"364","P4","50","311970.38","134990.6","150920.53"
"364","P4","51","312099.28","135454.23","150972.84"
"364","P4","52","312634.75","135530.34","150970.92"
"364","P4","53","313242.72","135632.62","150912.11"
"364","P4","54","313881.62","135813.22","150910.27"
"364","P4","55","314297.7","136090.75","150846.53"
"364","P4","56","314491.47","136189.25","150775.22"
"364","P4","57","314957.03","136192.52","150737.77"
"364","P4","58","315785.7","136312.17","150849.98"
"364","P4","59","316417.2","136680.7","150888.42"
"364","P4","60","316739.1","136954.45","150793.4"
"364","P4","61","317262.78","137325.9","150616.2"
"364","P4","62","317405.56","137942.5","150569.19"
"364","P4","63","318164.28","138245.27","150698.17"
"364","P4","64","318993.03","138957.19","150697.25"
"364","P4","65","320505.3","140274.25","150555.2"
"364","P4","66","322695.3","141697.53","150449.06"
"364","P4","67","325044.03","143669.69","150301.98"
"364","P4","68","327278.8","146477.61","150281.48"
"364","P4","69","330650.72","150030.14","150345.45"
"364","P4","70","334761.1","154585.58","150272.55"
"364","P4","71","339567.28","160261.3","150321.95"
"364","P4","72","344429.16","166447.94","150613.4"
"364","P4","73","349800.38","172909.69","150682.89"
"364","P4","74","354627.56","180224.67","150842.1"
"364","P4","75","359750.47","188122.53","150821.1"
"364","P4","76","365351.84","195169.83","150760.3"
"364","P4","77","370531.78","202733.6","150710.19"
"364","P4","78","375525.94","210386.16","150738.55"
"364","P4","79","380928.22","217857.16","150721.14"
"364","P4","80","385839.6","225007.3","150798.25"
"364","P4","81","390956.72","231926.08","150769.36"
"364","P4","82","395787.25","239369.84","150679.86"
"364","P4","83","400452.94","246679.08","150630.28"
"364","P4","84","406287.1","253349.98","150712.78"
"364","P4","85","411490.88","259930.94","150810.45"
"364","P4","86","416566.53","266554.75","150747.86"
"364","P4","87","421563.3","272755.06","150618.67"
"364","P4","88","426480.75","278665.47","150646.08"
"364","P4","89","430849.16","284677.34","151030.8"
"364","P4","90","435462.8","289436.84","151118.94"
"365","P5","1","80552.68","63130.207","146194.48"
"365","P5","2","80059.32","63158.445","145710.62"
"365","P5","3","79360.555","63482.11","144959.5"
"365","P5","4","79244.58","63625.652","144740.9"
"365","P5","5","79263.016","63803.535","144752.38"
"365","P5","6","79265.555","64161.84","144800.8"
"365","P5","7","79302.24","64289.26","144982.73"
"365","P5","8","79432.16","64586.31","144903.94"
"365","P5","9","79988.42","64651.848","144698.38"
"365","P5","10","81059.94","64677.83","144572.56"
"365","P5","11","83011.42","64821.87","144636.47"
"365","P5","12","86058.32","65184.72","144854.84"
"365","P5","13","91314.836","65752.36","144891.52"
"365","P5","14","99753.61","66624.55","144806.89"
"365","P5","15","111058.65","67945.73","144784.34"
"365","P5","16","125053.92","69897.47","144963.98"
"365","P5","17","139881.98","73106.305","144897.42"
"365","P5","18","154568.81","77864.23","144796.48"
"365","P5","19","168886.1","84761.47","144728.66"
"365","P5","20","182712.42","92831.66","144784.92"
"365","P5","21","196164.3","101622.53","144779.28"
"365","P5","22","209255.14","109827.97","144848.12"
"365","P5","23","221880.34","116299.13","145044.0"
"365","P5","24","232787.78","121328.3","145065.31"
"365","P5","25","242505.4","124990.15","144959.11"
"365","P5","26","250312.12","127528.625","144926.72"
"365","P5","27","257129.38","129107.75","144891.38"
"365","P5","28","261885.25","130035.04","144934.34"
"365","P5","29","265632.75","130782.445","144857.95"
"365","P5","30","269262.9","131098.72","144840.33"
"365","P5","31","272251.06","131728.38","144752.02"
"365","P5","32","275167.28","132464.89","144744.77"
"365","P5","33","276153.72","132871.72","144726.33"
"365","P5","34","277820.44","133360.44","144672.6"
"365","P5","35","279230.16","133315.45","144674.1"
"365","P5","36","280641.56","133624.81","144759.58"
"365","P5","37","281959.4","133803.64","144701.31"
"365","P5","38","282461.12","134149.33","144729.84"
"365","P5","39","283312.25","134490.06","144717.3"
"365","P5","40","283890.1","134966.78","144619.75"
"365","P5","41","284281.75","135111.03","144594.16"
"365","P5","42","285055.66","135202.97","144563.33"
"365","P5","43","285580.22","135668.66","144452.83"
"365","P5","44","285834.03","135812.36","144407.64"
"365","P5","45","286607.28","135905.23","144552.84"
"365","P5","46","286821.62","136089.14","144487.5"
"365","P5","47","287687.25","136203.67","144348.55"
"365","P5","48","288134.72","136329.89","144139.53"
"365","P5","49","288379.47","136579.56","144066.61"
"365","P5","50","289494.6","136828.67","144224.1"
"365","P5","51","289703.47","136942.08","144307.55"
"365","P5","52","289357.8","137313.56","144373.61"
"365","P5","53","289402.66","137376.4","144256.52"
"365","P5","54","289634.34","137748.08","144169.33"
"365","P5","55","290259.47","137756.52","144215.16"
"365","P5","56","290296.4","138041.14","144155.38"
"365","P5","57","290392.06","138135.38","144102.55"
"365","P5","58","290944.84","138071.4","144049.2"
"365","P5","59","291477.62","138096.53","144072.45"
"365","P5","60","291574.06","138524.61","144019.12"
"365","P5","61","292114.72","138930.03","143949.03"
"365","P5","62","292660.4","138990.08","143963.6"
"365","P5","63","292735.12","139126.06","143931.06"
"365","P5","64","293137.53","139473.69","143887.66"
"365","P5","65","293553.97","140104.7","143810.66"
"365","P5","66","294952.56","140644.14","143721.17"
"365","P5","67","296182.3","141824.23","143622.02"
"365","P5","68","297221.5","143339.23","143579.69"
"365","P5","69","298147.34","145273.66","143638.62"
"365","P5","70","299743.47","148017.05","143618.22"
"365","P5","71","302789.5","151520.25","143625.23"
"365","P5","72","305762.72","155792.56","143598.78"
"365","P5","73","309420.5","161162.6","143639.1"
"365","P5","74","313709.06","167015.11","143647.4"
"365","P5","75","316835.78","174098.45","143631.34"
"365","P5","76","320641.78","181429.42","143725.4"
"365","P5","77","324221.88","188871.5","143724.16"
"365","P5","78","327324.16","196663.84","143776.27"
"365","P5","79","331293.94","204350.86","143667.97"
"365","P5","80","335477.7","212033.52","143598.38"
"365","P5","81","339655.53","219600.27","143621.66"
"365","P5","82","342923.53","226960.9","143651.19"
"365","P5","83","346746.22","234390.94","143621.36"
"365","P5","84","350076.47","241908.42","143584.06"
"365","P5","85","353491.97","248926.05","143628.56"
"365","P5","86","357452.38","255659.9","143604.39"
"365","P5","87","361420.34","262199.3","143466.5"
"365","P5","88","365146.16","268700.72","143385.64"
"365","P5","89","368225.3","274789.88","143299.34"
"365","P5","90","371060.56","280152.4","143277.22"
"366","P6","1","77044.81","65828.29","148970.05"
"366","P6","2","76698.086","65953.016","148686.61"
"366","P6","3","76371.33","66305.66","148438.23"
"366","P6","4","76251.414","66621.23","148179.17"
"366","P6","5","76271.945","66922.09","148068.75"
"366","P6","6","76439.18","67154.25","148071.88"
"366","P6","7","76465.63","67602.15","148134.98"
"366","P6","8","76681.17","67804.54","148102.03"
"366","P6","9","77386.6","67831.195","148090.58"
"366","P6","10","78339.21","68115.52","148141.94"
"366","P6","11","80216.695","68229.89","148162.84"
"366","P6","12","83283.69","68637.89","148210.27"
"366","P6","13","88873.34","69214.87","148324.03"
"366","P6","14","97096.945","70031.59","148289.75"
"366","P6","15","108338.33","71393.2","148195.6"
"366","P6","16","122118.77","73734.66","148152.12"
"366","P6","17","136850.45","77252.18","148189.48"
"366","P6","18","151728.03","82468.72","148349.14"
"366","P6","19","165765.2","89743.445","148401.33"
"366","P6","20","179009.58","98540.36","148463.16"
"366","P6","21","192035.31","107964.93","148635.81"
"366","P6","22","204483.4","117014.305","148729.7"
"366","P6","23","216477.98","124995.05","148828.75"
"366","P6","24","227336.7","131399.34","148832.62"
"366","P6","25","236730.78","135968.16","148821.52"
"366","P6","26","244992.06","138992.66","148767.33"
"366","P6","27","251758.22","140672.7","148832.23"
"366","P6","28","257493.27","141918.7","148961.14"
"366","P6","29","261851.36","142780.53","148950.4"
"366","P6","30","265153.88","143531.11","148930.83"
"366","P6","31","267986.94","144023.52","149145.73"
"366","P6","32","269901.0","144644.62","149124.98"
"366","P6","33","272014.4","145197.81","149058.92"
"366","P6","34","273657.0","145586.33","149147.3"
"366","P6","35","275219.06","145923.31","149077.1"
"366","P6","36","276487.84","146300.84","148992.03"
"366","P6","37","277740.44","146634.3","149016.23"
"366","P6","38","278742.1","146850.1","148963.81"
"366","P6","39","279847.0","147057.34","149002.8"
"366","P6","40","280252.56","147601.95","149046.98"
"366","P6","41","280966.4","147753.58","148963.81"
"366","P6","42","281287.16","148199.52","148863.12"
"366","P6","43","282025.78","148234.95","148791.64"
"366","P6","44","282592.78","148630.61","148824.25"
"366","P6","45","282864.84","148921.94","148776.25"
"366","P6","46","283642.16","149050.9","148712.83"
"366","P6","47","284989.25","149181.4","148741.52"
"366","P6","48","284981.75","149369.16","148689.45"
"366","P6","49","284754.12","149709.97","148708.55"
"366","P6","50","285384.03","149971.67","148851.64"
"366","P6","51","285881.3","150095.78","148849.6"
"366","P6","52","286073.3","150154.58","148820.48"
"366","P6","53","286449.28","150188.28","148754.84"
"366","P6","54","286699.8","150507.84","148721.3"
"366","P6","55","287389.16","150601.38","148569.33"
"366","P6","56","287423.3","150684.7","148540.58"
"366","P6","57","287765.84","150831.34","148757.19"
"366","P6","58","288301.66","151066.25","148752.75"
"366","P6","59","288375.84","151497.66","148767.11"
"366","P6","60","288848.56","151544.12","148834.33"
"366","P6","61","288939.97","151635.8","148858.27"
"366","P6","62","289467.38","151912.89","148820.44"
"366","P6","63","289829.72","152095.8","148723.42"
"366","P6","64","290058.72","152551.86","148605.6"
"366","P6","65","290399.28","152964.38","148510.08"
"366","P6","66","290516.62","153205.16","148417.06"
"366","P6","67","290527.6","153604.81","148378.3"
"366","P6","68","291630.8","154201.28","148444.47"
"366","P6","69","292383.3","155048.81","148383.56"
"366","P6","70","293182.97","156155.27","148350.5"
"366","P6","71","294515.16","157535.47","148482.83"
"366","P6","72","295386.22","159839.6","148594.86"
"366","P6","73","297380.16","162730.8","148489.12"
"366","P6","74","299635.0","166552.5","148411.17"
"366","P6","75","302378.44","171519.1","148426.44"
"366","P6","76","304875.4","177720.66","148527.23"
"366","P6","77","307958.44","184710.28","148638.67"
"366","P6","78","311869.25","192178.92","148775.66"
"366","P6","79","314578.8","200006.61","148946.64"
"366","P6","80","317637.22","208460.77","148990.88"
"366","P6","81","320832.4","216502.25","149010.52"
"366","P6","82","324041.78","224980.0","149153.88"
"366","P6","83","327149.78","233450.72","149195.16"
"366","P6","84","330499.22","241495.22","149394.52"
"366","P6","85","333941.72","249138.33","149497.44"
"366","P6","86","336878.56","256801.27","149470.17"
"366","P6","87","339416.97","264247.47","149462.84"
"366","P6","88","342736.03","271477.3","149422.75"
"366","P6","89","345743.72","278509.34","149626.58"
"366","P6","90","348006.0","284581.34","149796.44"
"367","P7","1","76870.945","64040.773","144796.2"
"367","P7","2","76449.76","64062.02","144422.73"
"367","P7","3","76136.27","64289.035","143815.58"
"367","P7","4","75881.71","64385.547","143606.08"
"367","P7","5","75823.13","64744.156","143515.27"
"367","P7","6","75865.42","64989.008","143497.95"
"367","P7","7","75983.36","65222.734","143556.4"
"367","P7","8","76140.38","65645.48","143614.4"
"367","P7","9","76796.1","65682.13","143562.05"
"367","P7","10","77862.92","65831.664","143465.8"
"367","P7","11","79729.53","65985.3","143450.84"
"367","P7","12","82932.67","66241.164","143509.7"
"367","P7","13","88527.92","66752.555","143530.8"
"367","P7","14","96824.24","67589.945","143560.03"
"367","P7","15","108394.63","68860.766","143523.28"
"367","P7","16","122342.414","71010.65","143553.34"
"367","P7","17","137416.58","74424.88","143527.39"
"367","P7","18","152251.28","79371.06","143625.03"
"367","P7","19","166084.12","86197.89","143717.77"
"367","P7","20","178985.05","94748.44","143855.47"
"367","P7","21","191459.81","104024.61","143821.9"
"367","P7","22","202991.88","113153.664","143934.98"
"367","P7","23","213630.61","121412.305","144189.67"
"367","P7","24","223570.03","127787.375","144127.22"
"367","P7","25","232171.69","132703.75","144032.17"
"367","P7","26","239773.05","135772.44","144117.19"
"367","P7","27","246186.73","137727.53","144320.22"
"367","P7","28","251364.17","138945.16","144242.16"
"367","P7","29","255435.25","139910.42","144147.97"
"367","P7","30","258716.4","140798.92","144247.97"
"367","P7","31","261122.14","141245.3","144146.34"
"367","P7","32","263548.56","141553.69","144041.77"
"367","P7","33","264866.94","142101.78","144102.4"
"367","P7","34","266268.5","142278.11","144041.69"
"367","P7","35","267538.5","142556.92","144011.48"
"367","P7","36","268456.6","143264.5","143981.14"
"367","P7","37","269805.66","143623.38","144193.34"
"367","P7","38","270375.5","143988.0","144162.77"
"367","P7","39","270873.88","144224.77","144167.62"
"367","P7","40","271529.8","144338.67","144085.27"
"367","P7","41","272349.28","144760.75","143973.3"
"367","P7","42","272603.06","145069.77","143953.27"
"367","P7","43","273105.78","145196.08","143859.64"
"367","P7","44","273514.16","145502.56","143765.81"
"367","P7","45","274174.5","145596.89","143677.03"
"367","P7","46","273983.53","146041.4","143727.38"
"367","P7","47","274533.44","146040.34","143753.5"
"367","P7","48","275479.2","146206.19","143527.61"
"367","P7","49","275473.34","146499.38","143463.47"
"367","P7","50","275854.3","146742.05","143708.38"
"367","P7","51","276092.75","146759.9","143680.12"
"367","P7","52","276292.53","146802.72","143550.53"
"367","P7","53","276743.53","147032.38","143449.94"
"367","P7","54","277356.84","147127.62","143458.55"
"367","P7","55","276676.56","147503.45","143498.25"
"367","P7","56","276990.94","147330.16","143374.16"
"367","P7","57","277411.84","147516.23","143209.58"
"367","P7","58","277440.97","147753.1","143155.02"
"367","P7","59","278147.6","147895.53","143287.05"
"367","P7","60","278696.03","147901.61","143244.75"
"367","P7","61","277896.22","148257.58","143127.22"
"367","P7","62","277966.3","148360.56","142962.8"
"367","P7","63","278419.44","148703.58","142902.55"
"367","P7","64","278573.66","148926.78","142973.92"
"367","P7","65","278584.62","149115.5","142929.78"
"367","P7","66","279267.78","149282.33","142852.56"
"367","P7","67","279933.0","149500.9","142826.75"
"367","P7","68","279989.47","149889.2","142933.42"
"367","P7","69","280109.44","150216.31","142939.69"
"367","P7","70","280168.6","150942.81","142945.45"
"367","P7","71","280306.8","151805.8","142681.02"
"367","P7","72","281098.94","152708.66","142633.34"
"367","P7","73","282017.88","154218.02","142753.25"
"367","P7","74","283665.66","156008.66","142564.66"
"367","P7","75","284620.1","158857.73","142518.34"
"367","P7","76","285922.0","162502.12","142586.44"
"367","P7","77","286849.62","167471.52","142698.28"
"367","P7","78","288570.22","173016.75","142896.69"
"367","P7","79","291247.9","179370.94","142877.6"
"367","P7","80","293372.94","186880.72","142822.02"
"367","P7","81","295243.5","194876.36","142853.56"
"367","P7","82","297347.62","203184.73","142951.98"
"367","P7","83","299590.9","211246.3","143014.72"
"367","P7","84","301569.75","219612.77","143128.61"
"367","P7","85","303311.3","227491.02","143145.61"
"367","P7","86","306039.06","235259.77","143192.73"
"367","P7","87","308490.72","243107.44","143214.62"
"367","P7","88","310137.12","250380.17","143296.83"
"367","P7","89","312126.97","257254.72","143374.53"
"367","P7","90","313531.12","263623.22","143484.47"
"368","P8","1","84767.77","68037.31","155747.39"
"368","P8","2","84366.19","68073.14","155333.6"
"368","P8","3","83964.266","68503.766","154925.64"
"368","P8","4","83819.06","68777.305","154609.47"
"368","P8","5","83610.984","68973.48","154163.55"
"368","P8","6","83591.664","69265.78","153977.84"
"368","P8","7","83727.02","69345.43","153928.92"
"368","P8","8","83892.46","69428.77","153823.94"
"368","P8","9","84462.016","69622.5","153749.48"
"368","P8","10","85474.66","69886.58","153824.83"
"368","P8","11","87507.86","70183.375","153826.34"
"368","P8","12","90942.42","70552.83","153872.94"
"368","P8","13","96719.055","70897.51","153810.1"
"368","P8","14","105642.67","71697.266","153777.52"
"368","P8","15","117916.93","73170.04","153737.75"
"368","P8","16","132865.52","75374.766","153824.23"
"368","P8","17","148517.3","78752.17","153779.7"
"368","P8","18","164142.19","84184.36","153765.16"
"368","P8","19","178638.23","91475.56","153666.14"
"368","P8","20","191801.3","100452.8","153651.52"
"368","P8","21","203680.1","110556.516","153956.28"
"368","P8","22","214709.08","120439.91","154078.89"
"368","P8","23","224938.44","129434.01","154254.42"
"368","P8","24","234118.06","136917.67","154293.2"
"368","P8","25","242457.14","142689.3","154358.28"
"368","P8","26","249764.84","146526.23","154295.86"
"368","P8","27","255824.81","148875.23","154307.1"
"368","P8","28","260791.98","150244.12","154252.9"
"368","P8","29","264635.12","151431.95","154326.23"
"368","P8","30","267854.44","152013.6","154280.5"
"368","P8","31","270319.4","152743.69","154369.2"
"368","P8","32","272392.7","153342.75","154428.72"
"368","P8","33","274040.6","153818.81","154335.48"
"368","P8","34","275259.03","154140.75","154230.1"
"368","P8","35","276915.72","154631.31","154272.97"
"368","P8","36","277854.0","155242.5","154313.33"
"368","P8","37","278928.1","155564.39","154251.31"
"368","P8","38","279599.62","155810.42","154158.36"
"368","P8","39","280168.34","156075.42","154173.7"
"368","P8","40","280984.22","156333.08","154153.2"
"368","P8","41","281610.4","156449.75","154346.5"
"368","P8","42","281517.66","156606.64","154293.69"
"368","P8","43","282011.9","157088.3","154147.97"
"368","P8","44","282174.44","157499.89","153996.48"
"368","P8","45","283085.22","157828.62","153925.78"
"368","P8","46","283705.53","158024.4","154085.42"
"368","P8","47","283756.0","158205.47","154151.86"
"368","P8","48","284216.25","158506.62","154114.22"
"368","P8","49","284571.28","158742.89","154185.31"
"368","P8","50","284402.2","158730.58","154146.4"
"368","P8","51","284811.75","159055.83","154012.88"
"368","P8","52","285246.62","159180.27","153802.05"
"368","P8","53","285277.84","159400.03","153771.38"
"368","P8","54","285899.5","159422.6","154088.6"
"368","P8","55","286077.12","159654.98","154047.94"
"368","P8","56","286076.66","159882.06","153913.17"
"368","P8","57","285968.5","159899.48","153794.17"
"368","P8","58","286266.4","160242.48","153723.44"
"368","P8","59","286626.8","160239.1","153795.39"
"368","P8","60","286565.22","160614.48","153728.77"
"368","P8","61","286675.22","160905.17","153613.95"
"368","P8","62","286915.53","160854.61","153546.34"
"368","P8","63","287314.12","160870.69","153606.05"
"368","P8","64","287104.12","161045.11","153556.23"
"368","P8","65","287006.47","161358.7","153464.03"
"368","P8","66","287541.2","161476.89","153423.2"
"368","P8","67","287642.6","161380.86","153525.78"
"368","P8","68","287559.62","162001.7","153684.56"
"368","P8","69","287887.16","162227.5","153642.19"
"368","P8","70","288603.25","162105.14","153536.84"
"368","P8","71","288993.28","162224.61","153372.53"
"368","P8","72","288698.44","162479.2","153167.31"
"368","P8","73","289048.03","162562.94","153143.8"
"368","P8","74","288611.34","162841.2","153329.19"
"368","P8","75","288327.4","162965.61","153160.17"
"368","P8","76","288809.66","163153.94","153013.31"
"368","P8","77","289669.0","163278.27","152991.11"
"368","P8","78","289789.22","163471.61","153098.6"
"368","P8","79","289694.72","163763.16","153085.27"
"368","P8","80","289538.9","163832.4","153050.67"
"368","P8","81","290111.47","163800.47","152963.23"
"368","P8","82","289985.16","164104.56","152934.62"
"368","P8","83","290360.25","164281.64","152991.48"
"368","P8","84","290264.9","164311.88","152950.81"
"368","P8","85","289981.22","165020.58","152840.8"
"368","P8","86","290139.72","165169.36","152820.62"
"368","P8","87","290424.1","165595.34","152855.88"
"368","P8","88","290074.7","166190.94","152886.39"
"368","P8","89","290077.25","166943.22","152887.62"
"368","P8","90","290239.06","167956.92","152867.9"
"369","P9","1","81086.19","63829.875","133385.75"
"369","P9","2","80768.266","63930.12","133120.53"
"369","P9","3","80205.29","64104.887","132682.64"
"369","P9","4","79815.87","64773.996","132495.81"
"369","P9","5","79690.89","65237.094","132383.64"
"369","P9","6","79597.52","65611.68","132308.23"
"369","P9","7","79572.67","65892.29","132269.0"
"369","P9","8","79572.52","66168.44","132296.7"
"369","P9","9","79576.875","66295.34","132303.94"
"369","P9","10","79659.78","66587.51","132426.45"
"369","P9","11","79921.625","66853.93","132425.08"
"369","P9","12","80096.375","66914.68","132500.28"
"369","P9","13","80329.17","67167.33","132622.52"
"369","P9","14","81077.81","67717.42","132570.14"
"369","P9","15","82092.36","68796.05","132518.19"
"369","P9","16","84227.58","70982.73","132578.67"
"369","P9","17","88142.336","74491.96","132556.28"
"369","P9","18","94905.75","80258.88","132587.97"
"369","P9","19","105391.28","88851.59","132622.25"
"369","P9","20","120223.01","99092.016","132917.42"
"369","P9","21","137996.98","109048.41","132970.97"
"369","P9","22","156281.39","116503.63","133007.86"
"369","P9","23","173045.58","121202.44","133021.36"
"369","P9","24","187415.05","124276.51","133012.81"
"369","P9","25","199050.58","126663.805","132933.28"
"369","P9","26","208147.14","128239.88","132884.64"
"369","P9","27","215180.75","129753.88","132819.69"
"369","P9","28","220517.1","130765.44","132846.28"
"369","P9","29","224256.94","131661.53","132863.36"
"369","P9","30","226839.45","132298.23","132934.62"
"369","P9","31","228922.42","133101.88","133042.33"
"369","P9","32","230801.22","133800.92","133043.28"
"369","P9","33","232383.2","134395.86","132966.38"
"369","P9","34","233430.28","134979.73","132951.02"
"369","P9","35","234821.3","135323.78","132891.0"
"369","P9","36","236248.42","135565.03","132827.42"
"369","P9","37","237133.36","136061.33","132813.61"
"369","P9","38","238080.97","136741.5","133027.06"
"369","P9","39","239115.5","137254.7","132938.5"
"369","P9","40","240160.84","137399.56","132788.88"
"369","P9","41","241034.81","137786.95","132720.73"
"369","P9","42","242081.92","137960.73","132770.7"
"369","P9","43","243108.2","138517.25","132642.42"
"369","P9","44","244319.14","138730.95","132574.88"
"369","P9","45","245235.52","138992.23","132627.08"
"369","P9","46","245918.86","139434.89","132475.9"
"369","P9","47","246946.17","139806.53","132399.22"
"369","P9","48","247888.23","140244.86","132430.53"
"369","P9","49","249052.8","140454.89","132419.45"
"369","P9","50","249899.69","140841.23","132519.05"
"369","P9","51","250785.36","141129.89","132563.2"
"369","P9","52","251576.5","141343.81","132472.5"
"369","P9","53","252269.88","141835.31","132380.55"
"369","P9","54","253065.47","142391.95","132339.44"
"369","P9","55","253928.81","142723.92","132385.2"
"369","P9","56","254721.61","143089.4","132286.17"
"369","P9","57","255958.86","143433.22","132080.69"
"369","P9","58","256696.66","144311.67","132042.31"
"369","P9","59","258393.06","144963.14","132089.33"
"369","P9","60","260032.9","145987.75","132114.08"
"369","P9","61","262029.88","147744.94","132121.28"
"369","P9","62","264521.88","149779.11","132222.17"
"369","P9","63","267516.47","152902.3","132307.61"
"369","P9","64","271595.03","156763.77","132339.72"
"369","P9","65","276689.75","161391.86","132150.39"
"369","P9","66","282350.38","167117.34","132121.44"
"369","P9","67","288372.62","173608.58","132273.7"
"369","P9","68","294848.62","180761.0","132352.31"
"369","P9","69","301887.56","188370.0","132539.98"
"369","P9","70","308731.47","195787.64","132541.11"
"369","P9","71","315371.22","203271.95","132589.11"
"369","P9","72","321877.25","210776.69","132734.34"
"369","P9","73","328803.16","218091.78","132879.62"
"369","P9","74","335206.38","224975.1","132788.23"
"369","P9","75","341430.66","231877.77","132728.7"
"369","P9","76","347681.44","238690.98","132839.31"
"369","P9","77","353867.1","244973.19","132810.38"
"369","P9","78","360859.1","251103.75","132809.12"
"369","P9","79","367148.22","257282.9","132753.38"
"369","P9","80","372600.8","263207.62","132791.86"
"369","P9","81","379002.47","268990.06","132899.14"
"369","P9","82","384691.84","274586.44","132868.86"
"369","P9","83","391138.28","279515.7","132957.36"
"369","P9","84","397808.66","284480.97","133123.94"
"369","P9","85","405070.6","289159.2","133056.02"
"369","P9","86","411269.66","293692.62","132917.12"
"369","P9","87","416581.44","298329.28","132859.84"
"369","P9","88","423657.72","302510.44","132989.53"
"369","P9","89","429470.75","306569.0","132961.14"
"369","P9","90","434535.2","310318.9","132984.4"
"370","P10","1","80795.164","64952.258","135651.3"
"370","P10","2","80524.91","64999.293","135361.95"
"370","P10","3","80220.875","65603.125","135183.2"
"370","P10","4","79874.73","66221.75","135180.23"
"370","P10","5","79769.555","66881.02","135189.84"
"370","P10","6","79734.03","67395.734","135377.6"
"370","P10","7","79723.055","67561.05","135424.53"
"370","P10","8","79723.164","67778.78","135273.17"
"370","P10","9","79731.375","68079.48","135219.02"
"370","P10","10","79800.3","68283.99","135320.1"
"370","P10","11","79969.125","68274.64","135330.47"
"370","P10","12","80226.3","68269.805","135231.64"
"370","P10","13","80444.2","68507.836","134993.58"
"370","P10","14","80764.52","69054.68","134933.39"
"370","P10","15","81874.414","70134.35","134963.92"
"370","P10","16","83669.29","72504.4","134987.44"
"370","P10","17","86832.484","76076.73","135111.48"
"370","P10","18","92350.36","82244.33","135101.69"
"370","P10","19","101233.125","91031.31","135111.48"
"370","P10","20","113937.42","102383.72","135360.48"
"370","P10","21","129856.77","113912.555","135575.69"
"370","P10","22","146776.17","123253.336","135513.67"
"370","P10","23","163094.02","129759.32","135388.53"
"370","P10","24","177300.38","133993.9","135374.11"
"370","P10","25","188914.67","136585.05","135598.84"
"370","P10","26","198421.12","138492.4","135592.88"
"370","P10","27","205848.3","140193.53","135509.34"
"370","P10","28","211098.38","141461.8","135559.28"
"370","P10","29","214623.11","142536.42","135875.31"
"370","P10","30","217285.31","143660.69","135834.7"
"370","P10","31","219532.9","144438.64","135733.02"
"370","P10","32","221210.02","145018.12","135702.81"
"370","P10","33","222637.05","145427.28","135633.28"
"370","P10","34","223738.5","146013.88","135530.78"
"370","P10","35","224970.95","146564.27","135167.4"
"370","P10","36","226154.42","147293.52","135138.69"
"370","P10","37","227274.12","147551.16","135444.38"
"370","P10","38","228461.05","147876.38","135291.23"
"370","P10","39","229475.25","148626.48","135251.48"
"370","P10","40","230153.14","149023.34","135501.34"
"370","P10","41","231441.03","149289.83","135516.06"
"370","P10","42","232429.38","149465.81","135231.55"
"370","P10","43","233216.72","150196.3","135175.75"
"370","P10","44","234234.27","150390.48","135385.0"
"370","P10","45","235338.33","151024.03","135439.6"
"370","P10","46","236292.94","151530.5","135429.25"
"370","P10","47","237065.48","151601.47","135550.23"
"370","P10","48","237911.62","151996.28","135404.16"
"370","P10","49","239214.97","152039.78","135309.3"
"370","P10","50","239763.16","152764.23","135281.72"
"370","P10","51","240567.25","153180.72","135174.4"
"370","P10","52","241570.62","153419.94","135146.94"
"370","P10","53","242407.92","153879.14","135213.34"
"370","P10","54","243071.75","154227.27","134965.47"
"370","P10","55","243638.72","154621.36","134943.64"
"370","P10","56","244760.19","154956.28","135138.53"
"370","P10","57","245675.14","155308.52","135146.69"
"370","P10","58","246501.62","155773.11","135124.08"
"370","P10","59","247332.98","156361.3","135086.16"
"370","P10","60","248405.62","156929.08","135067.02"
"370","P10","61","249393.6","157988.4","135034.06"
"370","P10","62","251120.67","159015.44","135019.08"
"370","P10","63","252801.05","160591.55","134997.33"
"370","P10","64","255256.31","162778.52","134953.2"
"370","P10","65","257346.72","165688.22","134926.94"
"370","P10","66","260676.95","169700.47","134936.38"
"370","P10","67","264554.66","174845.77","135050.34"
"370","P10","68","269188.44","180544.48","135236.89"
"370","P10","69","275122.12","187238.69","135326.94"
"370","P10","70","279739.28","195040.11","135261.4"
"370","P10","71","285372.34","202923.25","135195.11"
"370","P10","72","290726.2","210899.19","135199.52"
"370","P10","73","296485.34","218795.05","135347.98"
"370","P10","74","302476.06","226593.36","135528.12"
"370","P10","75","307569.62","234258.94","135445.22"
"370","P10","76","313268.94","241234.8","135382.58"
"370","P10","77","318227.5","248055.53","135444.97"
"370","P10","78","323478.66","254864.2","135421.7"
"370","P10","79","328264.8","261444.4","135520.61"
"370","P10","80","333444.7","267610.56","135739.48"
"370","P10","81","339480.28","273586.5","135679.98"
"370","P10","82","343976.66","279223.44","135628.8"
"370","P10","83","349107.25","284593.38","135786.88"
"370","P10","84","354492.72","289810.47","135884.69"
"370","P10","85","360174.72","294379.47","136041.03"
"370","P10","86","364558.94","299314.75","135913.61"
"370","P10","87","369627.5","303839.4","135790.53"
"370","P10","88","375677.56","308069.5","135732.53"
"370","P10","89","380508.94","312621.56","135741.9"
"370","P10","90","384486.34","315993.8","136086.1"
"371","P11","1","74430.37","63875.297","130649.375"
"371","P11","2","74178.81","63898.4","130498.7"
"371","P11","3","73672.695","64284.562","130019.36"
"371","P11","4","73363.914","64910.72","129894.484"
"371","P11","5","73160.336","65294.047","129990.23"
"371","P11","6","73070.125","65664.91","130114.43"
"371","P11","7","73004.266","65807.914","130115.375"
"371","P11","8","72904.305","65993.74","130060.75"
"371","P11","9","72972.08","66217.984","130048.77"
"371","P11","10","73353.234","66423.8","130027.164"
"371","P11","11","73502.08","66531.22","130141.664"
"371","P11","12","73625.336","66908.92","130257.87"
"371","P11","13","73692.8","67310.734","130285.85"
"371","P11","14","74260.805","67764.83","130229.1"
"371","P11","15","75256.76","68805.12","130225.02"
"371","P11","16","76771.87","70770.29","130242.61"
"371","P11","17","79414.38","74329.14","130266.63"
"371","P11","18","84172.09","80361.04","130226.53"
"371","P11","19","91925.47","89414.82","130292.34"
"371","P11","20","102610.484","100901.5","130440.78"
"371","P11","21","116254.09","112721.27","130622.47"
"371","P11","22","131081.39","122860.52","130578.33"
"371","P11","23","145687.06","130114.44","130528.484"
"371","P11","24","158771.03","134984.62","130670.13"
"371","P11","25","170110.05","138340.98","130621.96"
"371","P11","26","179009.78","140864.78","130576.62"
"371","P11","27","185988.81","142601.47","130605.336"
"371","P11","28","190952.6","143914.06","130566.305"
"371","P11","29","194679.56","145076.28","130507.625"
"371","P11","30","197181.72","146005.67","130576.76"
"371","P11","31","198986.8","146794.95","130544.08"
"371","P11","32","200540.77","147510.75","130586.53"
"371","P11","33","202005.17","148149.08","130526.31"
"371","P11","34","203094.38","148887.34","130485.51"
"371","P11","35","204057.39","149260.05","130462.59"
"371","P11","36","204721.69","149663.31","130629.836"
"371","P11","37","206247.19","150289.72","130556.91"
"371","P11","38","207286.81","150987.33","130423.45"
"371","P11","39","207985.9","151336.48","130377.875"
"371","P11","40","208681.89","151702.73","130536.64"
"371","P11","41","209738.58","152101.1","130532.43"
"371","P11","42","210801.17","152754.64","130553.18"
"371","P11","43","211381.22","152999.77","130519.2"
"371","P11","44","212329.4","153462.3","130397.51"
"371","P11","45","213093.27","154035.33","130204.125"
"371","P11","46","213849.73","154322.66","130158.23"
"371","P11","47","214648.23","154731.3","130358.89"
"371","P11","48","215645.89","155102.1","130378.65"
"371","P11","49","216585.97","155149.56","130159.7"
"371","P11","50","217378.36","155491.9","130069.37"
"371","P11","51","218097.06","156145.83","130109.01"
"371","P11","52","218585.0","156730.11","130083.02"
"371","P11","53","219162.47","156869.5","130144.18"
"371","P11","54","219886.36","157325.36","130245.016"
"371","P11","55","220586.39","157665.77","130267.11"
"371","P11","56","221179.38","158209.64","130158.875"
"371","P11","57","222084.61","158671.05","129895.63"
"371","P11","58","222682.45","159013.56","129818.65"
"371","P11","59","223280.2","159145.89","129873.05"
"371","P11","60","223844.06","159533.17","129858.49"
"371","P11","61","224761.55","160068.05","129878.24"
"371","P11","62","225812.97","160404.48","129882.99"
"371","P11","63","226773.27","161153.95","129852.984"
"371","P11","64","227490.86","162290.67","129753.39"
"371","P11","65","228480.92","163562.31","129744.24"
"371","P11","66","229878.33","164823.1","129880.805"
"371","P11","67","231122.58","166506.0","129865.83"
"371","P11","68","232723.83","169348.53","129804.586"
"371","P11","69","235170.6","173023.27","129740.81"
"371","P11","70","237956.95","177727.77","129644.195"
"371","P11","71","240858.31","183760.58","129687.42"
"371","P11","72","244613.05","190340.98","129963.445"
"371","P11","73","248204.61","197614.73","130033.086"
"371","P11","74","251834.86","205597.73","129983.305"
"371","P11","75","255456.3","213567.38","129907.41"
"371","P11","76","259950.78","221426.33","129898.875"
"371","P11","77","264575.03","229031.55","130065.96"
"371","P11","78","268523.1","236449.3","130095.47"
"371","P11","79","271669.4","243509.28","130135.76"
"371","P11","80","275518.9","250279.78","130143.945"
"371","P11","81","279436.28","256990.27","130229.484"
"371","P11","82","283897.38","262908.2","130287.99"
"371","P11","83","287459.22","268639.7","130312.78"
"371","P11","84","291503.34","274252.34","130254.484"
"371","P11","85","295129.78","279666.28","130243.016"
"371","P11","86","298755.94","284736.9","130265.56"
"371","P11","87","302714.94","289575.0","130258.78"
"371","P11","88","306828.12","293955.1","130191.85"
"371","P11","89","310398.2","298453.25","130147.03"
"371","P11","90","314021.75","302045.8","130094.53"
"372","P12","1","72146.1","68522.13","137211.69"
"372","P12","2","72037.64","68558.914","136982.81"
"372","P12","3","71534.96","68922.67","136802.58"
"372","P12","4","71418.4","69663.18","136839.62"
"372","P12","5","71488.734","70031.65","136639.88"
"372","P12","6","71477.83","70190.305","136551.66"
"372","P12","7","71448.55","70237.45","136722.61"
"372","P12","8","71352.44","70404.984","136657.92"
"372","P12","9","71400.86","70612.15","136531.8"
"372","P12","10","71690.055","70798.37","136514.0"
"372","P12","11","71716.836","71084.32","136666.62"
"372","P12","12","71790.4","71310.1","136654.44"
"372","P12","13","72193.71","71590.984","136667.64"
"372","P12","14","72815.6","72069.39","136598.77"
"372","P12","15","73561.28","73059.8","136540.52"
"372","P12","16","75104.37","75207.23","136688.77"
"372","P12","17","77896.85","78660.27","136635.62"
"372","P12","18","82778.055","84614.37","136544.27"
"372","P12","19","90650.92","93764.08","136648.48"
"372","P12","20","101828.9","105435.1","136830.5"
"372","P12","21","115480.22","117785.66","136777.31"
"372","P12","22","130452.81","128227.11","136757.62"
"372","P12","23","145626.23","136001.89","136769.9"
"372","P12","24","159104.4","140999.12","136825.17"
"372","P12","25","170724.95","144748.89","136723.94"
"372","P12","26","179936.8","147280.22","136642.31"
"372","P12","27","187047.92","149007.19","136699.5"
"372","P12","28","192152.83","150246.58","136543.44"
"372","P12","29","195837.0","151246.36","136394.69"
"372","P12","30","198455.23","152380.97","136367.6"
"372","P12","31","200258.88","153622.19","136635.27"
"372","P12","32","201926.44","154169.97","136647.95"
"372","P12","33","203284.75","154621.58","136706.88"
"372","P12","34","204740.3","155042.19","136538.5"
"372","P12","35","205802.58","155453.4","136442.2"
"372","P12","36","206708.0","156262.83","136540.84"
"372","P12","37","207731.66","156867.75","136515.78"
"372","P12","38","208604.33","157279.62","136619.69"
"372","P12","39","209623.58","157725.33","136659.44"
"372","P12","40","210695.86","158202.31","136581.33"
"372","P12","41","211573.83","158675.61","136308.08"
"372","P12","42","212573.3","158841.23","136214.19"
"372","P12","43","213241.73","159415.9","136401.78"
"372","P12","44","213898.3","160123.02","136523.17"
"372","P12","45","214898.23","160406.11","136427.38"
"372","P12","46","215833.17","160736.6","136229.92"
"372","P12","47","216572.05","161327.67","135974.36"
"372","P12","48","217395.42","161696.88","135944.27"
"372","P12","49","218222.3","161719.58","136246.5"
"372","P12","50","218924.19","162089.39","136237.66"
"372","P12","51","219907.5","162375.73","136153.73"
"372","P12","52","220713.1","162885.4","136070.02"
"372","P12","53","221338.55","163579.52","136036.62"
"372","P12","54","221929.75","163945.27","136000.67"
"372","P12","55","222776.75","164145.66","136117.64"
"372","P12","56","223423.1","164166.34","136165.86"
"372","P12","57","224176.73","164662.55","136096.0"
"372","P12","58","224783.22","165207.28","135940.17"
"372","P12","59","225510.34","165450.11","135876.88"
"372","P12","60","226249.16","165909.11","135994.6"
"372","P12","61","227052.05","166394.06","136052.6"
"372","P12","62","227909.67","166552.03","135950.73"
"372","P12","63","228624.8","167204.47","135826.11"
"372","P12","64","229568.44","167952.78","135680.45"
"372","P12","65","230596.78","168852.06","135387.53"
"372","P12","66","231430.08","170029.12","135344.47"
"372","P12","67","232350.56","171233.55","135503.67"
"372","P12","68","234016.06","172957.66","135699.27"
"372","P12","69","235782.44","176141.02","135682.77"
"372","P12","70","237709.0","179824.19","135620.28"
"372","P12","71","240368.89","184473.58","135566.02"
"372","P12","72","243434.89","190306.27","135536.05"
"372","P12","73","246668.92","197250.14","135515.16"
"372","P12","74","250472.52","204913.42","135577.14"
"372","P12","75","254245.0","212867.8","135567.0"
"372","P12","76","257660.83","221116.36","135433.61"
"372","P12","77","261940.9","229120.27","135398.7"
"372","P12","78","265851.1","236989.31","135459.0"
"372","P12","79","269600.8","244793.92","135496.3"
"372","P12","80","273332.1","252087.62","135648.81"
"372","P12","81","277226.62","258792.78","135532.06"
"372","P12","82","280497.03","265697.44","135480.62"
"372","P12","83","284877.78","272266.84","135541.34"
"372","P12","84","288283.3","278045.94","135538.9"
"372","P12","85","292280.88","283430.34","135580.05"
"372","P12","86","296481.75","288726.0","135529.17"
"372","P12","87","299911.75","293887.97","135491.17"
"372","P12","88","303470.78","298652.2","135566.28"
"372","P12","89","307413.66","303024.9","135734.64"
"372","P12","90","311214.72","306605.9","135722.42"
"373","P13","1","76143.58","66529.35","135851.77"
"373","P13","2","75998.14","66719.42","135635.28"
"373","P13","3","75728.78","67120.1","135349.27"
"373","P13","4","75436.05","67803.47","135237.61"
"373","P13","5","75305.57","68407.74","135205.25"
"373","P13","6","75236.1","68692.055","135243.25"
"373","P13","7","75195.04","69156.05","135218.42"
"373","P13","8","75206.55","69262.12","135263.4"
"373","P13","9","75290.83","69341.016","135220.69"
"373","P13","10","75313.36","69463.734","135186.14"
"373","P13","11","75326.51","69730.97","135213.88"
"373","P13","12","75385.62","69850.85","135438.14"
"373","P13","13","75742.21","70021.56","135113.3"
"373","P13","14","76093.1","70805.18","135007.36"
"373","P13","15","76949.84","72022.7","135137.75"
"373","P13","16","78467.99","74239.984","135181.86"
"373","P13","17","81044.88","77803.51","135210.03"
"373","P13","18","85857.51","83948.25","135258.88"
"373","P13","19","93506.7","93269.65","135289.42"
"373","P13","20","104198.05","105380.086","135571.7"
"373","P13","21","117678.22","118277.79","135689.0"
"373","P13","22","131960.33","129857.195","135951.12"
"373","P13","23","146485.23","138155.28","136072.0"
"373","P13","24","159419.94","143222.66","135977.62"
"373","P13","25","170699.33","146911.25","135851.86"
"373","P13","26","179647.0","149687.11","135787.52"
"373","P13","27","186185.69","151886.31","135914.39"
"373","P13","28","191504.88","153564.62","135865.52"
"373","P13","29","194876.22","154350.81","135826.45"
"373","P13","30","197806.23","155360.6","136066.64"
"373","P13","31","199736.86","156121.02","136123.53"
"373","P13","32","200893.81","157227.4","136032.33"
"373","P13","33","202209.62","157914.48","135989.25"
"373","P13","34","203323.94","158650.97","135917.94"
"373","P13","35","204203.1","159391.66","135974.52"
"373","P13","36","205360.58","160054.98","135995.72"
"373","P13","37","206307.19","160258.33","135953.3"
"373","P13","38","207127.33","160540.58","135866.7"
"373","P13","39","207795.03","161384.22","135868.1"
"373","P13","40","208564.9","161868.67","135951.03"
"373","P13","41","209550.11","162467.25","135897.98"
"373","P13","42","210299.89","162877.6","135911.89"
"373","P13","43","211132.98","163247.56","135864.53"
"373","P13","44","211964.33","163740.19","135737.06"
"373","P13","45","212682.19","164168.75","135567.53"
"373","P13","46","213731.88","164386.92","135471.69"
"373","P13","47","214425.12","164840.9","135544.95"
"373","P13","48","214889.28","165269.84","135759.0"
"373","P13","49","215493.44","165814.27","135724.2"
"373","P13","50","216210.42","166545.64","135649.88"
"373","P13","51","216810.1","166941.19","135514.11"
"373","P13","52","217742.45","167040.3","135435.44"
"373","P13","53","218057.7","167594.1","135485.17"
"373","P13","54","218711.84","167789.42","135505.64"
"373","P13","55","219613.17","168164.98","135586.06"
"373","P13","56","220199.81","168781.97","135295.81"
"373","P13","57","220927.52","169149.25","135196.61"
"373","P13","58","221320.69","169482.1","135283.77"
"373","P13","59","221995.77","169893.23","135140.31"
"373","P13","60","222763.44","170269.19","135053.45"
"373","P13","61","223443.38","170571.2","135062.55"
"373","P13","62","223825.06","171098.34","135088.4"
"373","P13","63","224532.97","171633.05","135004.2"
"373","P13","64","225237.73","172086.52","134947.84"
"373","P13","65","225744.61","172665.0","134957.4"
"373","P13","66","226539.39","173177.95","134996.38"
"373","P13","67","227231.45","173921.78","135095.83"
"373","P13","68","227751.03","175028.69","135104.86"
"373","P13","69","228768.39","175975.7","135187.19"
"373","P13","70","229617.92","177471.97","135030.02"
"373","P13","71","230739.66","180106.19","134774.56"
"373","P13","72","232197.61","183099.06","134749.05"
"373","P13","73","233940.56","187462.4","134888.94"
"373","P13","74","235857.22","192915.44","134957.61"
"373","P13","75","238610.9","199469.03","135018.16"
"373","P13","76","241274.03","206745.0","135286.77"
"373","P13","77","244237.36","215106.56","135057.83"
"373","P13","78","247636.6","223423.33","135033.78"
"373","P13","79","251087.02","232046.75","135405.69"
"373","P13","80","254063.45","240864.92","135578.36"
"373","P13","81","256822.9","249302.44","135693.81"
"373","P13","82","259568.53","257188.5","135650.42"
"373","P13","83","263280.47","264311.72","135645.88"
"373","P13","84","266726.2","271201.34","135635.55"
"373","P13","85","270298.34","277715.34","135737.22"
"373","P13","86","273054.03","284471.28","135684.34"
"373","P13","87","275909.25","290635.38","135683.02"
"373","P13","88","278955.5","295987.78","135798.98"
"373","P13","89","283176.12","300936.12","135825.86"
"373","P13","90","285826.84","305091.28","136051.77"
"374","P14","1","70777.77","67796.36","133135.95"
"374","P14","2","70613.6","67946.055","132907.69"
"374","P14","3","70361.53","68524.06","132757.6"
"374","P14","4","69970.49","69367.34","132784.69"
"374","P14","5","69839.6","69850.99","132793.8"
"374","P14","6","69772.11","70443.73","132787.73"
"374","P14","7","69763.18","70782.18","132716.06"
"374","P14","8","69835.4","70859.96","132478.9"
"374","P14","9","69987.07","70855.87","132429.89"
"374","P14","10","70016.18","71216.61","132530.81"
"374","P14","11","70178.53","71550.13","132587.0"
"374","P14","12","70407.4","71543.805","132560.58"
"374","P14","13","70612.53","71731.49","132520.39"
"374","P14","14","71185.02","72580.66","132402.2"
"374","P14","15","71916.984","73818.35","132385.58"
"374","P14","16","73206.1","75967.04","132492.28"
"374","P14","17","75882.47","79468.07","132684.69"
"374","P14","18","80749.04","85717.305","132708.03"
"374","P14","19","88450.71","95188.55","132839.72"
"374","P14","20","98869.875","107755.836","133112.33"
"374","P14","21","111918.82","120997.79","133358.06"
"374","P14","22","126232.53","132515.1","133365.27"
"374","P14","23","140292.19","141361.08","133387.77"
"374","P14","24","153249.69","147119.38","133661.27"
"374","P14","25","164371.95","150916.42","133671.1"
"374","P14","26","173121.89","153657.1","133623.16"
"374","P14","27","180019.34","155896.78","133534.97"
"374","P14","28","185190.69","157414.6","133510.27"
"374","P14","29","188592.31","158631.7","133477.52"
"374","P14","30","191223.02","159604.44","133587.8"
"374","P14","31","192978.22","160580.19","133351.36"
"374","P14","32","194466.16","161392.81","133261.19"
"374","P14","33","195430.22","162061.02","133433.06"
"374","P14","34","196402.28","162692.75","133421.92"
"374","P14","35","197610.55","163081.5","133466.95"
"374","P14","36","198800.9","163798.11","133388.89"
"374","P14","37","199703.34","164390.78","133354.47"
"374","P14","38","200644.75","164832.0","133512.0"
"374","P14","39","201446.98","165513.14","133507.08"
"374","P14","40","202376.75","166014.28","133448.98"
"374","P14","41","203110.22","166216.06","133398.12"
"374","P14","42","204019.55","166921.9","133417.9"
"374","P14","43","204643.3","167453.05","133376.84"
"374","P14","44","205617.19","167770.88","133387.0"
"374","P14","45","206438.84","168521.88","133340.95"
"374","P14","46","207059.53","169039.72","133402.27"
"374","P14","47","207930.02","169492.1","133343.95"
"374","P14","48","208689.42","170028.42","133232.8"
"374","P14","49","209132.75","170431.25","133124.89"
"374","P14","50","209761.38","171130.23","132999.33"
"374","P14","51","210724.73","171252.4","132810.83"
"374","P14","52","211447.53","171761.42","132810.64"
"374","P14","53","211863.27","172391.47","133151.67"
"374","P14","54","212745.33","172501.36","133176.89"
"374","P14","55","213647.23","172759.02","132985.62"
"374","P14","56","214192.3","173229.55","132883.42"
"374","P14","57","214451.44","173683.94","132886.27"
"374","P14","58","215109.38","173976.1","132958.81"
"374","P14","59","215968.38","174387.88","132997.02"
"374","P14","60","216516.7","174848.94","133043.02"
"374","P14","61","217049.08","175333.27","132958.52"
"374","P14","62","217686.67","175531.94","132876.72"
"374","P14","63","218336.47","176163.52","132844.55"
"374","P14","64","219365.19","176642.47","132765.22"
"374","P14","65","220014.8","177161.14","132644.12"
"374","P14","66","220634.75","177826.19","132644.61"
"374","P14","67","221601.34","178115.77","132875.05"
"374","P14","68","222130.77","178626.86","132870.78"
"374","P14","69","223073.64","179831.89","132789.84"
"374","P14","70","224404.89","180982.92","132631.27"
"374","P14","71","226097.4","182581.56","132586.11"
"374","P14","72","227950.27","184905.61","132698.97"
"374","P14","73","230596.19","188147.39","132778.4"
"374","P14","74","233749.98","192322.69","132735.27"
"374","P14","75","237409.16","197959.83","132702.6"
"374","P14","76","242235.0","204248.78","132750.73"
"374","P14","77","247405.98","211764.12","132789.45"
"374","P14","78","252680.27","219893.02","132893.61"
"374","P14","79","258305.86","228472.6","132901.47"
"374","P14","80","263782.78","236993.39","133074.55"
"374","P14","81","268034.72","245522.14","133247.81"
"374","P14","82","272778.72","253862.72","133216.36"
"374","P14","83","277573.75","261721.4","133206.92"
"374","P14","84","282551.78","269357.1","133139.25"
"374","P14","85","287619.56","276377.4","133186.86"
"374","P14","86","291912.06","283458.72","133480.03"
"374","P14","87","296436.5","289690.6","133571.88"
"374","P14","88","300774.0","295647.84","133506.03"
"374","P14","89","305202.8","301591.75","133552.36"
"374","P14","90","310190.66","306087.44","133642.78"
"375","P15","1","85304.41","67996.67","132136.47"
"375","P15","2","85096.2","68045.71","131878.23"
"375","P15","3","84644.68","68729.67","131709.64"
"375","P15","4","84376.445","69526.94","131730.8"
"375","P15","5","84150.984","69941.86","131683.12"
"375","P15","6","83920.15","70285.08","131645.05"
"375","P15","7","83850.45","70590.85","131628.84"
"375","P15","8","83836.086","70575.055","131753.27"
"375","P15","9","83780.44","70708.375","131744.28"
"375","P15","10","83786.05","70711.46","131768.61"
"375","P15","11","83881.95","71063.93","131730.08"
"375","P15","12","83997.805","71285.484","131789.17"
"375","P15","13","84328.984","71644.66","131916.1"
"375","P15","14","84773.836","72183.414","131718.03"
"375","P15","15","85720.17","73263.53","131613.77"
"375","P15","16","87329.28","75427.99","131606.78"
"375","P15","17","89943.08","79295.88","131606.62"
"375","P15","18","94731.5","85684.664","131793.78"
"375","P15","19","102097.29","95405.48","131903.38"
"375","P15","20","112651.03","107357.5","131932.7"
"375","P15","21","126086.5","120340.34","132202.8"
"375","P15","22","140572.22","131655.56","132231.61"
"375","P15","23","154937.22","140060.3","132354.3"
"375","P15","24","168205.08","145932.9","132371.22"
"375","P15","25","179426.39","149981.61","132295.9"
"375","P15","26","188338.45","152551.72","132220.38"
"375","P15","27","195367.88","154533.78","132327.92"
"375","P15","28","200616.14","156229.34","132504.89"
"375","P15","29","204209.33","157553.2","132491.05"
"375","P15","30","206515.38","158528.36","132586.34"
"375","P15","31","208452.2","159529.86","132533.81"
"375","P15","32","210134.9","160224.03","132528.55"
"375","P15","33","211108.58","160693.56","132457.7"
"375","P15","34","212399.56","161328.2","132347.03"
"375","P15","35","213640.12","162114.81","132269.89"
"375","P15","36","214211.61","162612.38","132358.1"
"375","P15","37","215085.73","163264.97","132385.97"
"375","P15","38","215846.53","163599.33","132322.62"
"375","P15","39","216900.05","164168.3","132228.25"
"375","P15","40","217499.33","164922.8","132202.84"
"375","P15","41","218487.08","165291.31","132181.9"
"375","P15","42","219237.16","165801.22","132218.8"
"375","P15","43","220387.64","166321.27","132170.39"
"375","P15","44","220695.61","167019.17","132151.61"
"375","P15","45","221304.77","167163.48","132180.83"
"375","P15","46","222035.62","167733.11","132176.81"
"375","P15","47","222801.36","168134.55","132106.58"
"375","P15","48","223672.95","168660.03","132112.69"
"375","P15","49","224547.69","169144.31","132098.27"
"375","P15","50","224959.22","169599.52","132013.02"
"375","P15","51","225242.78","169881.06","131968.22"
"375","P15","52","226089.92","170351.95","132012.27"
"375","P15","53","226676.92","170866.06","132026.52"
"375","P15","54","227562.1","171064.22","131983.94"
"375","P15","55","228076.25","171453.27","131953.5"
"375","P15","56","228615.88","171704.28","131842.31"
"375","P15","57","229047.08","172280.9","131784.08"
"375","P15","58","229785.22","172528.38","131819.3"
"375","P15","59","230135.12","173011.03","131595.12"
"375","P15","60","230796.28","173382.95","131512.58"
"375","P15","61","231476.92","173815.7","131572.88"
"375","P15","62","231756.55","174185.16","131574.7"
"375","P15","63","232243.77","174661.88","131605.45"
"375","P15","64","233166.77","175177.12","131329.31"
"375","P15","65","233649.75","175244.67","131285.17"
"375","P15","66","234061.61","175791.98","131446.69"
"375","P15","67","234785.89","176255.75","131440.62"
"375","P15","68","235505.2","176491.45","131386.12"
"375","P15","69","236151.64","177330.02","131366.66"
"375","P15","70","236649.73","178015.89","131428.84"
"375","P15","71","237330.66","179123.39","131427.97"
"375","P15","72","238094.84","180187.19","131474.02"
"375","P15","73","238777.48","181547.95","131439.27"
"375","P15","74","239567.27","184026.86","131366.9"
"375","P15","75","240784.03","186798.95","131248.08"
"375","P15","76","242286.33","190712.66","131244.12"
"375","P15","77","244301.98","195808.56","131381.14"
"375","P15","78","246203.5","202354.86","131514.47"
"375","P15","79","248591.39","209884.25","131430.45"
"375","P15","80","251431.92","217830.12","131457.81"
"375","P15","81","254255.34","226307.19","131787.05"
"375","P15","82","257210.03","235374.66","131815.27"
"375","P15","83","260320.86","243765.84","131798.89"
"375","P15","84","263369.06","252199.8","131846.31"
"375","P15","85","266226.7","260047.11","131885.9"
"375","P15","86","269238.44","267658.3","131862.38"
"375","P15","87","272315.06","274406.47","131974.28"
"375","P15","88","275253.2","281418.9","132062.05"
"375","P15","89","278076.0","287931.12","132218.03"
"375","P15","90","280597.84","293040.84","132232.52"
"376","P16","1","84552.67","68812.805","134510.5"
"376","P16","2","84445.11","68867.71","134258.48"
"376","P16","3","83879.016","69411.555","134092.6"
"376","P16","4","83689.5","70044.05","134141.39"
"376","P16","5","83607.19","70639.7","134106.2"
"376","P16","6","83560.62","70946.64","134085.17"
"376","P16","7","83541.44","71119.77","134119.53"
"376","P16","8","83502.055","71378.66","134068.75"
"376","P16","9","83449.74","71652.36","134049.3"
"376","P16","10","83470.36","71864.734","134146.28"
"376","P16","11","83600.52","71899.89","134349.78"
"376","P16","12","83662.29","72398.92","134471.25"
"376","P16","13","83977.47","72651.75","134356.23"
"376","P16","14","84473.055","73200.75","134302.2"
"376","P16","15","85348.12","74204.72","134469.3"
"376","P16","16","87071.97","76405.57","134417.05"
"376","P16","17","89834.805","80385.23","134371.06"
"376","P16","18","94777.945","86619.266","134580.48"
"376","P16","19","102518.55","96240.51","134680.19"
"376","P16","20","113504.17","108828.695","134685.67"
"376","P16","21","126780.94","122193.055","134971.83"
"376","P16","22","141518.69","133831.61","135081.81"
"376","P16","23","156174.16","142685.55","135302.69"
"376","P16","24","169351.66","148229.98","135303.25"
"376","P16","25","180563.64","152364.16","135219.94"
"376","P16","26","189688.67","155290.34","135056.16"
"376","P16","27","196911.69","157410.12","134946.97"
"376","P16","28","202116.25","159104.7","135013.6"
"376","P16","29","205805.72","160234.17","134989.89"
"376","P16","30","208588.67","161227.17","134937.75"
"376","P16","31","210100.62","162143.03","135122.97"
"376","P16","32","211458.53","162839.61","135137.97"
"376","P16","33","212630.4","163451.28","135058.17"
"376","P16","34","213852.47","164366.86","134985.55"
"376","P16","35","214862.83","165066.92","135133.98"
"376","P16","36","216055.61","165678.17","135175.4"
"376","P16","37","216763.86","166267.8","135087.06"
"376","P16","38","217622.4","166767.47","135123.67"
"376","P16","39","218486.36","167300.36","135147.83"
"376","P16","40","219602.25","167672.72","134923.8"
"376","P16","41","220389.95","168149.3","134716.27"
"376","P16","42","221280.11","168522.0","134710.8"
"376","P16","43","221712.17","169334.95","135144.69"
"376","P16","44","222481.11","170099.33","135167.33"
"376","P16","45","223511.55","170183.78","135020.56"
"376","P16","46","224176.19","170334.45","134909.98"
"376","P16","47","224983.97","170864.39","134918.31"
"376","P16","48","225484.38","171429.56","134877.89"
"376","P16","49","226462.86","171776.66","135005.19"
"376","P16","50","227116.23","172279.31","134929.16"
"376","P16","51","227578.95","172597.1","134810.84"
"376","P16","52","228219.97","172866.3","134682.25"
"376","P16","53","228721.94","173570.27","134608.0"
"376","P16","54","229374.14","173981.14","134712.9"
"376","P16","55","230154.11","174384.34","134646.56"
"376","P16","56","230993.89","174744.75","134506.25"
"376","P16","57","231512.25","175314.19","134465.61"
"376","P16","58","232166.77","175605.64","134702.7"
"376","P16","59","232746.5","175950.69","134715.6"
"376","P16","60","233202.22","176560.69","134566.08"
"376","P16","61","233711.47","176841.52","134316.16"
"376","P16","62","234431.83","177291.44","134243.34"
"376","P16","63","235046.2","177710.83","134410.3"
"376","P16","64","235523.9","178180.14","134372.47"
"376","P16","65","236125.44","178518.92","134301.69"
"376","P16","66","236843.58","178566.19","134243.22"
"376","P16","67","237725.44","179054.45","134297.1"
"376","P16","68","238214.05","179633.19","134225.23"
"376","P16","69","238849.89","179908.42","134151.25"
"376","P16","70","239269.12","180170.23","134173.31"
"376","P16","71","239729.73","180494.62","134140.48"
"376","P16","72","240289.0","180708.16","134190.9"
"376","P16","73","240926.23","181081.48","134114.0"
"376","P16","74","241266.47","181565.6","133982.42"
"376","P16","75","241732.02","181854.22","133939.64"
"376","P16","76","242536.81","182231.4","134060.48"
"376","P16","77","243206.92","182459.36","134000.22"
"376","P16","78","243862.52","182884.58","133835.0"
"376","P16","79","244281.39","183669.94","133809.97"
"376","P16","80","244484.33","184175.6","134002.7"
"376","P16","81","245214.9","185043.75","134001.4"
"376","P16","82","245886.61","185688.98","133984.42"
"376","P16","83","246406.12","186918.77","133851.05"
"376","P16","84","246814.88","188288.84","133650.27"
"376","P16","85","247519.84","189839.31","133552.55"
"376","P16","86","248076.73","192081.9","133482.02"
"376","P16","87","249179.83","195254.77","133533.16"
"376","P16","88","250028.03","199342.98","133814.23"
"376","P16","89","250850.52","205085.16","133888.53"
"376","P16","90","251887.77","210430.23","133840.61"
"377","P17","1","83423.586","58788.0","144745.33"
"377","P17","2","83154.43","58807.9","144476.7"
"377","P17","3","82652.91","58976.29","144246.05"
"377","P17","4","82476.67","59446.35","144278.4"
"377","P17","5","82401.84","59642.82","144158.66"
"377","P17","6","82312.21","59927.78","144089.88"
"377","P17","7","82070.164","60380.652","144166.5"
"377","P17","8","82066.06","60416.465","144148.62"
"377","P17","9","82296.83","60571.97","144128.8"
"377","P17","10","82383.83","60758.89","144282.77"
"377","P17","11","82489.43","60761.277","144203.44"
"377","P17","12","82519.79","60886.62","144173.33"
"377","P17","13","82665.01","60814.547","144194.5"
"377","P17","14","82687.26","60830.39","144216.6"
"377","P17","15","82860.32","60998.6","144098.44"
"377","P17","16","82998.28","61277.93","144127.84"
"377","P17","17","83451.38","61397.016","144409.95"
"377","P17","18","84275.234","61394.816","144338.33"
"377","P17","19","85866.99","61751.344","144222.02"
"377","P17","20","88505.695","62335.312","144187.33"
"377","P17","21","93271.55","63177.418","144312.45"
"377","P17","22","100981.38","64701.91","144321.05"
"377","P17","23","112633.195","67411.81","144287.33"
"377","P17","24","128683.08","71304.81","144220.22"
"377","P17","25","148228.5","75856.68","144137.94"
"377","P17","26","168838.58","80247.21","144049.38"
"377","P17","27","187843.5","84206.55","144138.73"
"377","P17","28","203359.62","87002.52","144164.75"
"377","P17","29","216100.31","88655.305","144028.45"
"377","P17","30","226305.23","89452.555","143924.58"
"377","P17","31","234973.31","90171.766","143892.52"
"377","P17","32","241750.42","90955.06","143818.25"
"377","P17","33","247239.61","91479.484","143947.2"
"377","P17","34","251710.53","91620.78","144010.42"
"377","P17","35","254955.78","91929.15","144056.45"
"377","P17","36","257673.9","92273.57","143977.36"
"377","P17","37","259901.52","92549.71","144022.66"
"377","P17","38","261726.83","92829.58","143918.62"
"377","P17","39","263189.3","92811.75","143730.39"
"377","P17","40","264470.72","93109.85","143588.95"
"377","P17","41","265531.12","93246.11","143601.58"
"377","P17","42","266570.72","93442.03","143721.08"
"377","P17","43","267469.94","93912.66","143730.64"
"377","P17","44","268352.16","93778.414","143501.77"
"377","P17","45","269372.8","93733.984","143348.33"
"377","P17","46","270168.6","93890.94","143365.14"
"377","P17","47","270719.8","94041.5","143481.4"
"377","P17","48","271528.12","93983.164","143386.9"
"377","P17","49","271972.25","94216.76","143304.64"
"377","P17","50","272373.97","94547.36","143428.03"
"377","P17","51","273283.44","94641.07","143308.39"
"377","P17","52","273837.28","94824.016","143050.34"
"377","P17","53","274103.53","95253.17","142986.83"
"377","P17","54","274726.0","95323.35","143195.27"
"377","P17","55","275324.0","95112.87","142956.73"
"377","P17","56","275651.84","95306.35","142901.08"
"377","P17","57","276260.72","95668.32","143255.5"
"377","P17","58","276787.84","96215.086","143275.44"
"377","P17","59","277580.7","96082.78","143277.73"
"377","P17","60","278380.53","96407.99","142976.28"
"377","P17","61","279110.78","97130.99","142535.84"
"377","P17","62","279769.88","97862.055","142471.16"
"377","P17","63","281761.94","98697.99","142770.2"
"377","P17","64","283975.6","100179.445","142678.16"
"377","P17","65","286719.06","101946.8","142561.12"
"377","P17","66","290562.44","104377.266","142514.81"
"377","P17","67","295579.6","107311.36","142473.92"
"377","P17","68","301441.38","110940.0","142430.84"
"377","P17","69","308508.8","114708.35","142497.62"
"377","P17","70","316102.6","118701.87","142468.64"
"377","P17","71","324560.28","122819.164","142485.02"
"377","P17","72","333071.8","127173.586","142417.83"
"377","P17","73","342291.28","131390.75","142331.23"
"377","P17","74","351144.4","136035.2","142266.69"
"377","P17","75","360351.28","140805.48","142255.05"
"377","P17","76","369455.44","145510.61","142281.38"
"377","P17","77","379051.9","149664.48","142292.47"
"377","P17","78","389130.4","154257.19","142475.69"
"377","P17","79","398397.28","158868.75","142438.64"
"377","P17","80","408241.8","163635.83","142306.1"
"377","P17","81","418356.5","167946.78","142077.11"
"377","P17","82","428386.1","172586.03","142017.9"
"377","P17","83","437655.62","177024.28","142094.98"
"377","P17","84","447355.94","182013.4","142042.27"
"377","P17","85","456514.25","186866.03","141885.45"
"377","P17","86","465356.8","191691.47","141906.4"
"377","P17","87","474891.8","196057.14","142152.94"
"377","P17","88","483944.38","199995.25","142192.36"
"377","P17","89","492953.62","204039.05","142022.67"
"377","P17","90","499858.5","208247.62","141953.31"
"378","P18","1","89107.414","60166.98","148864.45"
"378","P18","2","88898.13","60225.17","148599.39"
"378","P18","3","88574.43","60493.74","148397.88"
"378","P18","4","88271.9","60853.71","148466.55"
"378","P18","5","88069.305","61062.043","148448.11"
"378","P18","6","88038.93","61457.19","148388.27"
"378","P18","7","88084.91","61638.14","148539.23"
"378","P18","8","88129.57","61649.637","148547.77"
"378","P18","9","88089.44","61937.926","148539.77"
"378","P18","10","88074.55","61924.785","148695.1"
"378","P18","11","88160.58","62032.57","148667.14"
"378","P18","12","88317.51","62334.94","148749.92"
"378","P18","13","88253.05","62436.24","148729.34"
"378","P18","14","88227.83","62593.582","148892.88"
"378","P18","15","88420.52","62643.91","148766.11"
"378","P18","16","88771.08","62581.918","148638.8"
"378","P18","17","89088.23","62694.242","148710.06"
"378","P18","18","89670.12","62924.902","148784.78"
"378","P18","19","90893.23","63308.56","148775.95"
"378","P18","20","93174.72","63848.89","148745.28"
"378","P18","21","96832.086","64667.902","148936.86"
"378","P18","22","103166.09","66293.3","148918.75"
"378","P18","23","112673.45","68982.414","148785.62"
"378","P18","24","125361.336","72997.21","148672.88"
"378","P18","25","141547.16","78245.05","148709.62"
"378","P18","26","160258.25","84100.32","148702.0"
"378","P18","27","179261.7","89523.26","148875.27"
"378","P18","28","196825.58","94136.16","148770.03"
"378","P18","29","211462.67","97126.42","148565.28"
"378","P18","30","223027.12","98779.42","148486.11"
"378","P18","31","232062.44","100091.71","148698.03"
"378","P18","32","239822.1","100891.26","148720.14"
"378","P18","33","245677.25","101330.87","148638.19"
"378","P18","34","250396.47","101941.42","148386.06"
"378","P18","35","254144.66","102029.67","148256.69"
"378","P18","36","257019.78","102242.29","148333.39"
"378","P18","37","259718.03","102565.375","148385.1"
"378","P18","38","261515.62","102775.02","148336.89"
"378","P18","39","263166.94","103306.65","148276.16"
"378","P18","40","264543.06","103643.21","148302.22"
"378","P18","41","265483.25","103733.96","148314.94"
"378","P18","42","266761.8","103872.38","148273.16"
"378","P18","43","267425.2","103988.58","148372.36"
"378","P18","44","268298.8","104147.52","148120.58"
"378","P18","45","269229.1","104537.86","147991.75"
"378","P18","46","269613.0","104960.336","148053.56"
"378","P18","47","270368.88","104881.54","147977.16"
"378","P18","48","271027.22","105052.91","147913.77"
"378","P18","49","271641.28","104966.555","147985.75"
"378","P18","50","272263.62","105117.61","148049.84"
"378","P18","51","272838.88","105466.305","148065.92"
"378","P18","52","273377.03","105367.336","147929.9"
"378","P18","53","273892.53","105454.91","147813.45"
"378","P18","54","274343.03","105757.95","147782.1"
"378","P18","55","274737.34","105808.125","147828.89"
"378","P18","56","275088.7","105876.01","147858.28"
"378","P18","57","275547.28","106143.0","147781.34"
"378","P18","58","275987.03","106305.1","147611.42"
"378","P18","59","276323.72","106479.72","147449.33"
"378","P18","60","276949.75","106776.24","147385.83"
"378","P18","61","277752.0","107041.19","147419.19"
"378","P18","62","278409.16","107621.37","147270.94"
"378","P18","63","279213.3","108260.6","147232.95"
"378","P18","64","280368.44","109126.27","147389.53"
"378","P18","65","281756.4","110518.01","147398.44"
"378","P18","66","283988.88","112366.984","147454.4"
"378","P18","67","287020.62","114363.875","147413.25"
"378","P18","68","291026.56","117080.5","147372.38"
"378","P18","69","295738.34","120654.86","147307.92"
"378","P18","70","301104.34","125006.055","147250.53"
"378","P18","71","307800.9","129345.33","147206.05"
"378","P18","72","314935.12","133942.73","147217.3"
"378","P18","73","322555.16","138725.53","147169.58"
"378","P18","74","330250.88","143726.77","147099.69"
"378","P18","75","337876.88","148462.17","147096.14"
"378","P18","76","346134.53","153565.0","147204.14"
"378","P18","77","355365.78","158534.98","147046.4"
"378","P18","78","364056.3","163511.39","147071.69"
"378","P18","79","372333.47","168461.78","147366.38"
"378","P18","80","381607.0","173576.83","147131.33"
"378","P18","81","391404.6","178439.25","147074.75"
"378","P18","82","400141.94","183687.97","147260.97"
"378","P18","83","409041.28","188428.45","147257.08"
"378","P18","84","418314.88","193413.12","147216.64"
"378","P18","85","427770.22","198614.36","147209.77"
"378","P18","86","436706.6","203388.72","147130.16"
"378","P18","87","445957.12","207667.55","146956.34"
"378","P18","88","455979.2","212613.28","146957.17"
"378","P18","89","464584.75","217204.06","147134.55"
"378","P18","90","473031.3","220627.81","147183.08"
"379","P19","1","83959.05","58165.28","142691.98"
"379","P19","2","83754.45","58218.043","142640.12"
"379","P19","3","83558.49","58406.004","142580.84"
"379","P19","4","83341.91","58711.42","142561.5"
"379","P19","5","83095.45","59132.016","142589.05"
"379","P19","6","83085.06","59592.812","142496.11"
"379","P19","7","83252.445","59710.516","142427.45"
"379","P19","8","83265.516","59890.78","142557.53"
"379","P19","9","83278.25","59945.88","142548.17"
"379","P19","10","83246.33","60318.16","142496.03"
"379","P19","11","83215.65","60294.082","142627.22"
"379","P19","12","83153.555","60250.574","142574.45"
"379","P19","13","83169.17","60316.88","142519.97"
"379","P19","14","83394.93","60425.75","142508.8"
"379","P19","15","83565.15","60348.22","142789.14"
"379","P19","16","83753.48","60477.176","142767.4"
"379","P19","17","84045.07","60841.117","142684.8"
"379","P19","18","84648.19","60852.887","142805.95"
"379","P19","19","85902.055","61109.69","142893.89"
"379","P19","20","87769.984","61584.613","142881.36"
"379","P19","21","91257.95","62494.32","142575.47"
"379","P19","22","96877.77","64069.414","142459.34"
"379","P19","23","105344.516","66896.2","142666.94"
"379","P19","24","116884.04","70991.74","142893.66"
"379","P19","25","130652.24","76171.01","142904.47"
"379","P19","26","146301.06","82532.65","142891.9"
"379","P19","27","163157.94","88791.08","142825.12"
"379","P19","28","179590.45","94037.945","142920.17"
"379","P19","29","193852.12","97827.32","142929.0"
"379","P19","30","205393.14","100253.6","142849.34"
"379","P19","31","214454.25","101783.0","142888.28"
"379","P19","32","221724.75","102802.73","142803.86"
"379","P19","33","227397.27","103571.055","142762.3"
"379","P19","34","231874.66","103975.29","142754.19"
"379","P19","35","235393.31","104336.33","142746.31"
"379","P19","36","238139.08","104717.95","142793.88"
"379","P19","37","240362.6","104936.75","142743.56"
"379","P19","38","241943.95","105290.61","142860.86"
"379","P19","39","243559.16","105578.484","142910.69"
"379","P19","40","244654.88","105744.92","142612.19"
"379","P19","41","245962.98","105947.24","142468.9"
"379","P19","42","247085.33","105927.84","142547.98"
"379","P19","43","247908.25","106147.61","142631.19"
"379","P19","44","248542.48","106469.08","142578.08"
"379","P19","45","249560.05","106580.42","142571.75"
"379","P19","46","250186.73","106834.45","142555.62"
"379","P19","47","250627.08","107298.65","142503.02"
"379","P19","48","251065.66","107304.414","142572.27"
"379","P19","49","251841.67","107343.25","142628.62"
"379","P19","50","252204.55","107233.86","142561.38"
"379","P19","51","252645.78","107504.06","142436.48"
"379","P19","52","253107.73","107686.27","142323.17"
"379","P19","53","253492.03","108118.875","142326.19"
"379","P19","54","253655.42","108305.78","142455.7"
"379","P19","55","254309.4","108222.24","142181.25"
"379","P19","56","254884.0","108488.1","141960.06"
"379","P19","57","255302.06","108691.75","141889.1"
"379","P19","58","255743.4","108627.99","141953.9"
"379","P19","59","256203.89","108704.78","141902.58"
"379","P19","60","256246.52","109013.38","141871.72"
"379","P19","61","256568.4","109236.8","141984.5"
"379","P19","62","257181.19","109605.836","142009.28"
"379","P19","63","258225.61","110292.79","141840.36"
"379","P19","64","259132.62","111047.72","141751.81"
"379","P19","65","259896.9","111657.586","141760.05"
"379","P19","66","261538.17","113185.1","141746.25"
"379","P19","67","264088.53","115240.04","141726.03"
"379","P19","68","266914.53","117782.93","141690.0"
"379","P19","69","270494.22","120885.69","141685.23"
"379","P19","70","275100.25","124682.836","141542.77"
"379","P19","71","280493.53","128883.58","141450.72"
"379","P19","72","286094.47","133410.12","141346.38"
"379","P19","73","292305.6","138840.48","141359.22"
"379","P19","74","298542.38","143485.0","141508.06"
"379","P19","75","305016.6","148694.7","141499.38"
"379","P19","76","311830.22","153890.6","141437.48"
"379","P19","77","318514.72","158924.5","141397.34"
"379","P19","78","325361.4","163997.38","141460.34"
"379","P19","79","332954.3","169281.56","141795.72"
"379","P19","80","341306.4","174162.28","141814.0"
"379","P19","81","349384.38","179280.0","141746.0"
"379","P19","82","357316.97","184219.92","141698.62"
"379","P19","83","365675.47","189154.64","141704.22"
"379","P19","84","374221.72","194041.56","141549.23"
"379","P19","85","382593.25","199067.84","141404.28"
"379","P19","86","391243.3","203755.16","141410.72"
"379","P19","87","399215.2","208527.3","141595.06"
"379","P19","88","408189.12","213376.81","141577.53"
"379","P19","89","417057.75","217868.4","141468.16"
"379","P19","90","424847.2","221711.06","141418.72"
"380","P20","1","78477.24","56154.39","137653.36"
"380","P20","2","78205.56","56214.16","137517.42"
"380","P20","3","77981.52","56405.836","137364.44"
"380","P20","4","77811.2","56764.812","137280.06"
"380","P20","5","77741.98","57205.23","137198.98"
"380","P20","6","77739.01","57562.34","137138.19"
"380","P20","7","77685.47","57657.055","137227.83"
"380","P20","8","77627.81","57753.49","137338.19"
"380","P20","9","77551.125","57764.035","137121.42"
"380","P20","10","77567.92","57938.598","137016.67"
"380","P20","11","77711.26","57961.387","137039.03"
"380","P20","12","77811.69","58030.93","137050.33"
"380","P20","13","78113.97","58224.53","137281.73"
"380","P20","14","78140.836","58426.777","137419.8"
"380","P20","15","78198.75","58370.13","137435.83"
"380","P20","16","78379.86","58343.28","137325.31"
"380","P20","17","78682.14","58619.957","137236.19"
"380","P20","18","78990.23","58932.953","137224.9"
"380","P20","19","80070.04","59090.066","137184.95"
"380","P20","20","82233.68","59402.902","137323.11"
"380","P20","21","85580.62","60189.5","137599.2"
"380","P20","22","90844.84","61725.617","137505.45"
"380","P20","23","98554.6","64378.688","137163.1"
"380","P20","24","108830.17","68227.79","137090.16"
"380","P20","25","121184.195","73241.54","137354.81"
"380","P20","26","134689.1","79421.2","137520.31"
"380","P20","27","149054.06","86006.27","137521.5"
"380","P20","28","163720.92","91959.49","137577.86"
"380","P20","29","177297.56","96949.92","137635.2"
"380","P20","30","188837.61","100421.24","137571.27"
"380","P20","31","198383.7","102399.08","137616.62"
"380","P20","32","205398.17","103607.52","137781.67"
"380","P20","33","210999.27","104335.03","137753.23"
"380","P20","34","215612.89","104638.72","137761.39"
"380","P20","35","219133.56","105288.32","137579.11"
"380","P20","36","221762.34","105846.41","137433.19"
"380","P20","37","223949.94","106261.2","137313.77"
"380","P20","38","225568.92","106468.39","137288.25"
"380","P20","39","226811.11","106673.625","137530.66"
"380","P20","40","227934.08","107017.95","137565.1"
"380","P20","41","229118.88","107501.24","137480.7"
"380","P20","42","229891.42","107582.64","137441.88"
"380","P20","43","230677.48","107634.15","137383.03"
"380","P20","44","231287.73","107983.234","137417.45"
"380","P20","45","232009.62","108228.81","137398.98"
"380","P20","46","232811.23","108411.31","137540.61"
"380","P20","47","233641.31","108454.74","137555.53"
"380","P20","48","233905.42","108602.78","137482.25"
"380","P20","49","234796.0","108384.945","137439.95"
"380","P20","50","235136.81","108534.96","137388.28"
"380","P20","51","235725.9","108962.95","137469.86"
"380","P20","52","235920.88","109101.59","137448.9"
"380","P20","53","236667.64","109245.06","137344.45"
"380","P20","54","236781.38","109204.39","137285.45"
"380","P20","55","237273.31","109550.8","137362.84"
"380","P20","56","237638.27","110066.44","137235.6"
"380","P20","57","238161.88","110431.6","137103.02"
"380","P20","58","238753.53","110349.89","136946.4"
"380","P20","59","239034.62","110226.984","136880.77"
"380","P20","60","239235.42","110362.85","136900.88"
"380","P20","61","239597.27","111051.945","136793.12"
"380","P20","62","240132.47","111161.914","136757.55"
"380","P20","63","240794.08","111336.22","136864.86"
"380","P20","64","241429.73","111897.11","136864.58"
"380","P20","65","241971.14","112401.555","136814.5"
"380","P20","66","243081.6","113247.28","136810.56"
"380","P20","67","244374.19","114761.516","136848.34"
"380","P20","68","246393.72","116405.54","136836.28"
"380","P20","69","248782.66","118873.8","136682.78"
"380","P20","70","251895.64","122119.09","136550.23"
"380","P20","71","255895.05","125795.47","136589.94"
"380","P20","72","260270.98","130044.375","136847.69"
"380","P20","73","264618.78","134867.53","136838.5"
"380","P20","74","269921.16","139948.92","136708.75"
"380","P20","75","275378.4","144692.0","136682.69"
"380","P20","76","280823.62","149788.25","136860.56"
"380","P20","77","286350.0","154841.53","137143.03"
"380","P20","78","292316.97","160252.9","137252.06"
"380","P20","79","298745.62","165326.47","137267.94"
"380","P20","80","304983.66","170463.31","137037.33"
"380","P20","81","311433.28","175448.1","136945.66"
"380","P20","82","317343.44","180369.45","136996.08"
"380","P20","83","324367.6","185288.45","137002.08"
"380","P20","84","331795.75","190178.75","137147.9"
"380","P20","85","338739.75","195135.23","137167.62"
"380","P20","86","346709.22","199798.19","137283.19"
"380","P20","87","354491.44","204452.58","137450.72"
"380","P20","88","362271.78","209034.75","137415.06"
"380","P20","89","370515.4","213497.48","137402.22"
"380","P20","90","376673.44","217239.0","137393.02"
"381","P21","1","74942.92","64323.152","141454.81"
"381","P21","2","74522.46","64411.16","141211.3"
"381","P21","3","74206.96","64800.594","140929.02"
"381","P21","4","73980.055","65154.37","140763.8"
"381","P21","5","73822.62","65750.266","140618.83"
"381","P21","6","73757.11","66247.24","140543.62"
"381","P21","7","73721.29","66382.07","140704.33"
"381","P21","8","73701.38","66410.48","140745.44"
"381","P21","9","73736.31","66791.95","140669.12"
"381","P21","10","73701.04","66860.8","140748.81"
"381","P21","11","73608.89","66890.555","140844.75"
"381","P21","12","73589.08","66948.82","140820.3"
"381","P21","13","73624.02","66888.39","140989.66"
"381","P21","14","73767.69","66972.4","140900.7"
"381","P21","15","74014.414","66954.984","140755.22"
"381","P21","16","74061.164","67261.41","140712.16"
"381","P21","17","74308.76","67384.29","140807.52"
"381","P21","18","74888.91","67578.7","140801.64"
"381","P21","19","75974.016","67893.48","140722.94"
"381","P21","20","77821.07","68392.28","140836.16"
"381","P21","21","80929.336","69385.52","140970.34"
"381","P21","22","86154.375","70928.07","140859.33"
"381","P21","23","93372.68","73427.57","140661.28"
"381","P21","24","102681.68","77737.484","140482.55"
"381","P21","25","113835.33","83442.12","140435.67"
"381","P21","26","125793.4","90092.37","140723.52"
"381","P21","27","137601.61","97304.8","140836.58"
"381","P21","28","149304.75","104523.695","140795.53"
"381","P21","29","160993.58","110629.04","140744.1"
"381","P21","30","171662.44","115112.75","140989.19"
"381","P21","31","180380.5","118645.336","141167.73"
"381","P21","32","187470.14","120311.09","141108.38"
"381","P21","33","192759.77","121680.84","141114.25"
"381","P21","34","197012.77","122552.805","140999.08"
"381","P21","35","200198.39","123042.01","140678.47"
"381","P21","36","202663.58","123415.81","140537.16"
"381","P21","37","204146.39","123887.55","140629.7"
"381","P21","38","205789.1","123873.7","140691.31"
"381","P21","39","207024.05","124363.66","140603.45"
"381","P21","40","208269.25","124771.57","140552.38"
"381","P21","41","209117.75","125139.2","140504.61"
"381","P21","42","210082.72","125591.85","140553.4"
"381","P21","43","210974.06","125703.99","140634.36"
"381","P21","44","211555.03","125858.46","140555.47"
"381","P21","45","212273.9","125991.23","140458.67"
"381","P21","46","212447.11","126349.84","140495.56"
"381","P21","47","213107.92","126556.61","140465.19"
"381","P21","48","213636.7","126689.664","140356.14"
"381","P21","49","213879.08","126946.85","140264.33"
"381","P21","50","214277.55","127358.9","140167.22"
"381","P21","51","214604.02","127505.89","140098.55"
"381","P21","52","215025.27","127822.61","139920.28"
"381","P21","53","215286.83","127920.55","139834.39"
"381","P21","54","215622.16","127782.78","139928.12"
"381","P21","55","215895.69","128169.06","140057.52"
"381","P21","56","215966.17","128297.57","140057.75"
"381","P21","57","216520.69","128356.38","140125.23"
"381","P21","58","217155.5","128674.12","139991.23"
"381","P21","59","217349.42","128944.21","139635.66"
"381","P21","60","217499.22","129143.1","139502.08"
"381","P21","61","217520.95","129513.734","139454.81"
"381","P21","62","217827.42","129458.0","139436.48"
"381","P21","63","218433.16","130004.52","139558.44"
"381","P21","64","218699.56","130162.42","139650.9"
"381","P21","65","218935.73","130675.3","139557.19"
"381","P21","66","219438.34","131461.61","139495.69"
"381","P21","67","220246.25","132335.44","139544.9"
"381","P21","68","221164.69","133461.06","139569.22"
"381","P21","69","221982.7","135421.08","139301.34"
"381","P21","70","223727.78","137832.66","139277.88"
"381","P21","71","225741.34","141058.89","139507.12"
"381","P21","72","227989.73","145189.39","139467.95"
"381","P21","73","230645.11","150355.22","139245.89"
"381","P21","74","233649.45","156062.11","139199.84"
"381","P21","75","236927.84","161640.23","139229.73"
"381","P21","76","240747.47","167579.52","139287.81"
"381","P21","77","244488.77","174136.47","139531.95"
"381","P21","78","248352.08","180488.2","139540.11"
"381","P21","79","252244.48","186996.23","139470.39"
"381","P21","80","256918.88","193346.56","139331.25"
"381","P21","81","261142.27","199657.3","139299.98"
"381","P21","82","265982.0","206201.7","139459.58"
"381","P21","83","270876.88","212451.81","139743.86"
"381","P21","84","276167.84","218857.75","139676.62"
"381","P21","85","281538.44","225378.0","139360.67"
"381","P21","86","287142.0","231732.58","139267.06"
"381","P21","87","292593.4","237974.42","139322.34"
"381","P21","88","298336.4","244183.05","139570.17"
"381","P21","89","304501.16","250452.72","139768.34"
"381","P21","90","309147.1","255930.73","139915.17"
"382","P22","1","65911.305","61845.668","133024.67"
"382","P22","2","65691.29","61888.266","132783.97"
"382","P22","3","65488.4","62280.6","132454.6"
"382","P22","4","65293.684","62434.477","132450.16"
"382","P22","5","65230.367","62836.344","132754.31"
"382","P22","6","65232.05","63233.375","132773.58"
"382","P22","7","65122.85","63393.086","132778.5"
"382","P22","8","65128.02","63804.97","132835.05"
"382","P22","9","65268.367","63872.277","132827.69"
"382","P22","10","65274.035","63884.63","132949.5"
"382","P22","11","65272.598","63982.734","132922.56"
"382","P22","12","65250.297","64114.83","132908.6"
"382","P22","13","65253.77","64423.664","132861.62"
"382","P22","14","65197.66","64549.914","132888.0"
"382","P22","15","65246.98","64475.027","132883.38"
"382","P22","16","65597.44","64460.34","133073.8"
"382","P22","17","65808.38","64587.508","133173.34"
"382","P22","18","66309.08","64950.62","133072.98"
"382","P22","19","67366.19","65401.316","132855.14"
"382","P22","20","69320.19","65815.91","132639.72"
"382","P22","21","72212.15","66716.0","132589.8"
"382","P22","22","76793.35","68263.1","132721.34"
"382","P22","23","83740.96","70983.66","132790.62"
"382","P22","24","92706.984","74950.58","133114.45"
"382","P22","25","102511.555","80493.5","133120.02"
"382","P22","26","113305.8","87453.586","133098.14"
"382","P22","27","124173.26","94696.69","133168.38"
"382","P22","28","134449.28","102142.22","133294.23"
"382","P22","29","144484.66","108365.484","133332.92"
"382","P22","30","153811.48","113573.734","133542.92"
"382","P22","31","162057.45","117283.11","133576.8"
"382","P22","32","169118.88","119913.56","133480.66"
"382","P22","33","174138.4","121323.91","133433.98"
"382","P22","34","178410.36","122406.79","133353.88"
"382","P22","35","181501.7","123265.836","133279.56"
"382","P22","36","184007.39","123592.57","133362.44"
"382","P22","37","185753.19","124121.555","133382.56"
"382","P22","38","186908.38","124659.3","133321.05"
"382","P22","39","188294.56","125080.26","133258.77"
"382","P22","40","189269.6","125528.914","133159.47"
"382","P22","41","190400.1","125701.375","133078.5"
"382","P22","42","191457.78","125731.38","133059.33"
"382","P22","43","192014.4","126010.164","133290.4"
"382","P22","44","192755.95","126458.99","133277.12"
"382","P22","45","193101.2","126466.31","133175.86"
"382","P22","46","193577.98","126637.016","133118.31"
"382","P22","47","194159.69","126967.375","133136.38"
"382","P22","48","194789.95","127182.85","133492.7"
"382","P22","49","194875.97","127571.49","133451.67"
"382","P22","50","195236.67","127994.734","133228.23"
"382","P22","51","195574.36","127932.43","133139.75"
"382","P22","52","196104.58","128178.03","133214.1"
"382","P22","53","196542.34","128557.305","133036.86"
"382","P22","54","196952.55","128800.06","132981.84"
"382","P22","55","196928.95","128553.04","133205.58"
"382","P22","56","197297.19","128592.87","133135.17"
"382","P22","57","197749.92","129300.6","132814.6"
"382","P22","58","198007.95","129552.63","132720.22"
"382","P22","59","198286.31","129425.4","132831.27"
"382","P22","60","198295.02","129476.74","132776.8"
"382","P22","61","198687.97","129707.28","132646.39"
"382","P22","62","198996.38","130069.836","132578.61"
"382","P22","63","199485.53","130407.21","132661.9"
"382","P22","64","199662.52","130583.07","132904.45"
"382","P22","65","200153.36","130852.35","132825.3"
"382","P22","66","200389.12","131074.7","132649.38"
"382","P22","67","201074.84","131788.42","132300.2"
"382","P22","68","201426.84","132710.47","132259.33"
"382","P22","69","201926.56","133831.22","132420.7"
"382","P22","70","202832.67","135527.75","132389.52"
"382","P22","71","203824.17","137751.47","132429.27"
"382","P22","72","205388.05","140806.38","132781.81"
"382","P22","73","206992.42","144463.36","132885.12"
"382","P22","74","208755.98","149173.28","132766.66"
"382","P22","75","211083.4","154052.55","132711.17"
"382","P22","76","213838.67","159677.25","132803.48"
"382","P22","77","216569.88","165356.86","132816.95"
"382","P22","78","219348.64","171199.19","132973.31"
"382","P22","79","222527.94","177337.72","133001.0"
"382","P22","80","225719.73","183873.3","133108.22"
"382","P22","81","229148.47","189858.1","133077.16"
"382","P22","82","232917.47","195604.14","133113.58"
"382","P22","83","236635.88","201326.14","133180.52"
"382","P22","84","240370.12","207558.84","133327.36"
"382","P22","85","244666.31","213742.56","133531.84"
"382","P22","86","249101.53","219410.47","133522.05"
"382","P22","87","253433.02","225723.56","133440.75"
"382","P22","88","258210.84","231206.08","133415.67"
"382","P22","89","263674.6","236869.64","133093.14"
"382","P22","90","268093.44","242190.2","132939.89"
"383","P23","1","73777.375","71537.1","132754.83"
"383","P23","2","73676.86","71616.02","132699.34"
"383","P23","3","73135.69","72290.08","132514.16"
"383","P23","4","72837.53","72703.68","132312.73"
"383","P23","5","72599.37","73244.2","132270.84"
"383","P23","6","72507.055","73614.2","132493.6"
"383","P23","7","72507.64","73696.78","132699.42"
"383","P23","8","72462.42","73869.84","132615.31"
"383","P23","9","72390.87","74255.97","132417.8"
"383","P23","10","72299.01","74357.91","132341.67"
"383","P23","11","72235.664","74408.84","132425.05"
"383","P23","12","72158.95","74550.66","132493.84"
"383","P23","13","72162.93","74621.336","132464.23"
"383","P23","14","72251.64","74556.69","132505.88"
"383","P23","15","72299.69","74751.16","132454.61"
"383","P23","16","72590.65","74767.62","132404.31"
"383","P23","17","73087.95","74955.76","132355.94"
"383","P23","18","73648.74","75015.13","132384.89"
"383","P23","19","74565.84","75534.86","132381.75"
"383","P23","20","76408.44","76137.08","132518.67"
"383","P23","21","79332.75","77565.58","132488.88"
"383","P23","22","84047.59","79358.04","132369.56"
"383","P23","23","90841.79","82440.59","132294.36"
"383","P23","24","99599.04","86786.96","132332.12"
"383","P23","25","109445.46","93006.945","132484.42"
"383","P23","26","119650.62","100351.38","132458.67"
"383","P23","27","129241.16","108107.47","132445.67"
"383","P23","28","138536.86","115847.805","132477.19"
"383","P23","29","147049.94","122485.39","132477.94"
"383","P23","30","155324.78","127899.87","132651.19"
"383","P23","31","162436.97","132019.16","132616.17"
"383","P23","32","168466.86","135034.02","132529.53"
"383","P23","33","173200.33","136869.17","132444.81"
"383","P23","34","177009.39","138263.64","132384.1"
"383","P23","35","179827.7","139363.53","132323.92"
"383","P23","36","182296.4","139761.3","132312.23"
"383","P23","37","183748.05","140149.53","132289.9"
"383","P23","38","185445.4","140833.11","132396.42"
"383","P23","39","186781.53","141168.6","132435.88"
"383","P23","40","187907.4","141367.31","132284.73"
"383","P23","41","188579.36","142107.67","132301.22"
"383","P23","42","189333.84","142300.75","132658.39"
"383","P23","43","189855.97","142760.64","132567.69"
"383","P23","44","190456.55","143111.34","132469.48"
"383","P23","45","191061.62","143643.38","132494.73"
"383","P23","46","191562.1","143818.38","132493.08"
"383","P23","47","191716.86","144022.81","132417.2"
"383","P23","48","192295.12","144213.42","132361.52"
"383","P23","49","192985.53","144236.88","132403.58"
"383","P23","50","193314.92","144601.42","132393.17"
"383","P23","51","193425.23","145265.73","132471.48"
"383","P23","52","193598.16","145683.92","132339.34"
"383","P23","53","194113.08","145447.4","132163.98"
"383","P23","54","194489.9","145845.17","132122.77"
"383","P23","55","194556.2","146494.25","132227.34"
"383","P23","56","194896.2","146810.62","132243.78"
"383","P23","57","195215.95","146765.88","132348.0"
"383","P23","58","195748.86","146779.52","132283.47"
"383","P23","59","195799.6","146883.2","132203.97"
"383","P23","60","196551.6","146945.86","132145.44"
"383","P23","61","196399.5","147177.56","132060.6"
"383","P23","62","196326.31","147546.28","131904.75"
"383","P23","63","196570.34","148180.45","131982.47"
"383","P23","64","196943.61","148341.81","132398.97"
"383","P23","65","197073.9","148638.23","132288.33"
"383","P23","66","197468.53","149162.69","132178.23"
"383","P23","67","197760.55","149508.56","132145.4"
"383","P23","68","198031.16","149605.06","132236.52"
"383","P23","69","198561.48","149941.83","132317.56"
"383","P23","70","199088.69","151059.08","132095.61"
"383","P23","71","199916.53","152692.23","131916.55"
"383","P23","72","199938.92","154674.02","131930.72"
"383","P23","73","200234.9","156900.12","132192.72"
"383","P23","74","200549.11","160551.77","132454.02"
"383","P23","75","201438.6","165046.58","132508.2"
"383","P23","76","202376.66","170471.56","132355.6"
"383","P23","77","203609.89","176293.47","132232.62"
"383","P23","78","204759.7","183118.33","132235.89"
"383","P23","79","206686.69","189449.69","132482.58"
"383","P23","80","208404.36","196568.52","132531.53"
"383","P23","81","210099.64","203404.92","132665.84"
"383","P23","82","212283.58","210510.3","132539.27"
"383","P23","83","214374.03","217884.03","132460.55"
"383","P23","84","216299.34","224939.83","132474.98"
"383","P23","85","218758.77","232202.86","132226.19"
"383","P23","86","221233.92","239151.11","132218.95"
"383","P23","87","223610.12","246203.97","132618.61"
"383","P23","88","226557.58","253185.62","132739.42"
"383","P23","89","229501.64","260392.42","132775.81"
"383","P23","90","231846.89","266612.22","133065.84"
"384","P24","1","73222.75","65127.207","131573.08"
"384","P24","2","73032.71","65166.86","131358.77"
"384","P24","3","72659.34","65723.875","131231.28"
"384","P24","4","72533.29","66481.914","131465.62"
"384","P24","5","72504.516","66828.68","131388.16"
"384","P24","6","72420.51","66897.66","131174.47"
"384","P24","7","72238.81","67304.18","131086.72"
"384","P24","8","72197.05","67403.06","131244.06"
"384","P24","9","72275.94","67520.94","131267.69"
"384","P24","10","72237.43","67463.87","131273.52"
"384","P24","11","72119.26","67528.64","131175.17"
"384","P24","12","72162.27","67395.65","131073.39"
"384","P24","13","72467.805","67321.055","131038.516"
"384","P24","14","72583.92","67660.06","130969.414"
"384","P24","15","72589.08","67893.59","131089.17"
"384","P24","16","72700.55","67926.34","131341.27"
"384","P24","17","72924.586","67841.34","131274.45"
"384","P24","18","73440.54","68109.39","131129.23"
"384","P24","19","74523.43","68770.77","131048.234"
"384","P24","20","76378.03","69159.9","131084.77"
"384","P24","21","79422.984","70269.125","130866.3"
"384","P24","22","84275.88","71987.125","130723.445"
"384","P24","23","91398.1","74579.94","130661.89"
"384","P24","24","100056.39","79019.11","130623.49"
"384","P24","25","109571.46","84653.41","130787.805"
"384","P24","26","119769.75","91132.9","130888.055"
"384","P24","27","129251.73","98484.82","130927.48"
"384","P24","28","138129.36","105693.37","130992.63"
"384","P24","29","146446.75","112259.81","131035.61"
"384","P24","30","153740.22","117877.8","131161.84"
"384","P24","31","159444.02","122328.86","131374.6"
"384","P24","32","164318.17","125551.48","131471.88"
"384","P24","33","167858.4","127876.06","131435.8"
"384","P24","34","171368.44","129601.945","131352.53"
"384","P24","35","174016.55","130380.92","131464.4"
"384","P24","36","175870.33","131035.22","131555.02"
"384","P24","37","177362.14","131824.06","131348.2"
"384","P24","38","178321.66","132529.11","131185.94"
"384","P24","39","179621.6","132752.73","131120.7"
"384","P24","40","180549.62","133164.48","131098.28"
"384","P24","41","180750.17","133895.48","130994.945"
"384","P24","42","181706.22","133883.0","130948.42"
"384","P24","43","182129.5","134090.33","131160.62"
"384","P24","44","182248.1","134822.47","131154.73"
"384","P24","45","182855.67","134911.38","131187.98"
"384","P24","46","183058.83","135352.0","131368.62"
"384","P24","47","183138.78","135804.73","131315.1"
"384","P24","48","183471.56","135909.7","131246.05"
"384","P24","49","183714.98","135976.72","131108.0"
"384","P24","50","183900.92","136166.11","130865.44"
"384","P24","51","183777.14","136582.14","130767.88"
"384","P24","52","184146.36","137025.25","130906.27"
"384","P24","53","184479.52","137297.53","131041.305"
"384","P24","54","184467.94","137672.94","131072.66"
"384","P24","55","185044.31","137706.88","130887.3"
"384","P24","56","184985.8","137796.77","130828.37"
"384","P24","57","184661.31","138394.81","131065.52"
"384","P24","58","184835.86","138471.23","131069.945"
"384","P24","59","185257.05","138171.89","131037.67"
"384","P24","60","185559.39","138262.89","130908.21"
"384","P24","61","185428.28","138673.64","130730.12"
"384","P24","62","185320.53","138910.86","130607.73"
"384","P24","63","185629.11","139451.98","130573.76"
"384","P24","64","185396.62","139589.78","130688.97"
"384","P24","65","185673.38","140318.1","130615.44"
"384","P24","66","186023.86","140307.77","130449.77"
"384","P24","67","185988.56","140537.34","130354.31"
"384","P24","68","186265.17","140313.03","130373.164"
"384","P24","69","186684.44","140143.23","130499.79"
"384","P24","70","186602.39","140371.28","130453.89"
"384","P24","71","186598.75","140941.9","130374.36"
"384","P24","72","186520.08","141643.64","130302.875"
"384","P24","73","186619.42","141273.5","130225.6"
"384","P24","74","186536.83","141738.55","130188.78"
"384","P24","75","186668.78","141991.94","130242.69"
"384","P24","76","186924.17","142135.72","130269.64"
"384","P24","77","187038.56","142187.33","130428.08"
"384","P24","78","187004.44","142680.0","130166.11"
"384","P24","79","187164.5","142912.12","130037.96"
"384","P24","80","187256.52","143064.92","130019.6"
"384","P24","81","187435.42","143191.66","130061.81"
"384","P24","82","187336.23","143686.73","129851.84"
"384","P24","83","187578.12","144262.22","129840.86"
"384","P24","84","187517.86","144927.95","130049.914"
"384","P24","85","187262.08","145574.56","130116.49"
"384","P24","86","187329.08","146886.67","130065.695"
"384","P24","87","187339.1","148353.62","130003.01"
"384","P24","88","187389.2","150638.75","129939.984"
"384","P24","89","187334.44","153627.44","129974.44"
"384","P24","90","187165.69","156763.53","130271.95"
